2 0.46875 0.146759 0.022917 0.041667
1 0.314844 0.853241 0.020313 0.032407
1 0.296875 0.882407 0.022917 0.037037
1 0.353906 0.808333 0.028646 0.048148
1 0.378646 0.701852 0.026042 0.040741
1 0.473177 0.660185 0.027604 0.051852
1 0.405729 0.294907 0.015625 0.026852
1 0.392969 0.272222 0.016146 0.02963
1 0.355729 0.22963 0.017708 0.035185
1 0.366146 0.157407 0.03125 0.042593
1 0.321354 0.118981 0.017708 0.037963
1 0.302344 0.083333 0.021354 0.038889
1 0.356771 0.091204 0.016667 0.030556
1 0.484375 0.014815 0.023958 0.027778
1 0.402344 0.012963 0.022396 0.022222
1 0.407552 0.041204 0.024479 0.039815
1 0.445573 0.070833 0.024479 0.05463
1 0.428125 0.223611 0.023958 0.049074
1 0.421094 0.343981 0.021354 0.034259
1 0.427865 0.435648 0.024479 0.039815
1 0.428125 0.846759 0.028125 0.058333
1 0.48151 0.542593 0.022396 0.044444
2 0.886198 0.04537 0.145313 0.088889
2 0.973958 0.22963 0.052083 0.148148
2 0.669531 0.225 0.099479 0.17963
2 0.50651 0.398611 0.024479 0.091667
2 0.52526 0.521296 0.030729 0.048148
1 0.904427 0.428241 0.191146 0.219444
1 0.766667 0.567593 0.090625 0.12963
1 0.534375 0.626389 0.044792 0.060185
1 0.565365 0.579167 0.064062 0.136111
1 0.288802 0.800926 0.023438 0.044444
1 0.316406 0.525 0.026562 0.042593
1 0.30625 0.418981 0.025 0.041667
1 0.352604 0.358796 0.027083 0.036111
1 0.2875 0.30463 0.022917 0.02963
1 0.219792 0.234259 0.028125 0.035185
1 0.191667 0.275463 0.021875 0.028704
1 0.166406 0.34213 0.016146 0.026852
1 0.177344 0.380556 0.015104 0.024074
1 0.285677 0.55787 0.020313 0.036111
1 0.238542 0.618056 0.021875 0.037963
1 0.223958 0.530093 0.017708 0.028704
1 0.259115 0.55 0.016146 0.027778
1 0.26224 0.586574 0.022396 0.034259
1 0.274479 0.923148 0.029167 0.042593
1 0.12474 0.855556 0.027604 0.044444
1 0.140365 0.587963 0.026562 0.035185
1 0.16875 0.504167 0.026042 0.030556
1 0.14349 0.401852 0.023438 0.025926
1 0.198698 0.42963 0.024479 0.031481
1 0.011719 0.486111 0.022396 0.044444
1 0.010417 0.542593 0.019792 0.046296
1 0.273958 0.198148 0.034375 0.037037
1 0.205469 0.164352 0.026562 0.028704
1 0.100521 0.187963 0.021875 0.031481
1 0.204948 0.093519 0.031771 0.027778
1 0.216146 0.12037 0.027083 0.027778
1 0.174219 0.152315 0.025521 0.032407
1 0.264062 0.053704 0.017708 0.038889