2 0.572396 0.203704 0.039583 0.057407
2 0.334635 0.541667 0.052604 0.085185
2 0.186458 0.763889 0.066667 0.088889
2 0.278385 0.751852 0.071354 0.088889
2 0.291667 0.884722 0.05 0.076852
2 0.438281 0.579167 0.059896 0.089815
2 0.501823 0.25463 0.108854 0.17963
2 0.716927 0.206019 0.048438 0.076852
2 0.838802 0.086111 0.052604 0.07963
1 0.052344 0.98287 0.073438 0.036111
1 0.19349 0.85787 0.086979 0.093519
1 0.233073 0.655093 0.074479 0.115741
1 0.334896 0.8 0.082292 0.111111
1 0.341667 0.856944 0.055208 0.050926
1 0.38776 0.887037 0.048438 0.064815
1 0.447656 0.925926 0.055729 0.092593
1 0.503125 0.589815 0.082292 0.109259
1 0.615365 0.576852 0.090104 0.12037
1 0.776563 0.801852 0.123958 0.116667
1 0.761719 0.304167 0.095312 0.087963
1 0.785156 0.185185 0.111979 0.125926
1 0.93125 0.558796 0.138542 0.128704
1 0.923438 0.4375 0.154167 0.117593
1 0.865104 0.232407 0.107292 0.12037
1 0.936979 0.307407 0.127083 0.12037
1 0.871354 0.124074 0.051042 0.081481