1 0.695573 0.058333 0.119271 0.114815
1 0.538802 0.018519 0.060937 0.035185
1 0.577083 0.268056 0.095833 0.117593
1 0.590625 0.565278 0.094792 0.141667
1 0.566667 0.694444 0.089583 0.118519
1 0.649219 0.624074 0.073438 0.12963
1 0.7 0.740741 0.095833 0.137037
1 0.69349 0.851852 0.104688 0.124074
1 0.708073 0.952315 0.099479 0.097222
1 0.439844 0.959259 0.089063 0.083333
2 0.286458 0.609722 0.161458 0.239815
2 0.388542 0.548148 0.045833 0.072222
2 0.535677 0.574537 0.047396 0.082407
2 0.627344 0.452315 0.030729 0.067593
2 0.890885 0.468519 0.186979 0.218519
2 0.811979 0.609722 0.08125 0.108333
2 0.827865 0.965278 0.060937 0.071296