2 0.328906 0.117593 0.052604 0.068519
2 0.376563 0.232407 0.046875 0.055556
1 0.391667 0.502778 0.066667 0.112963
1 0.33125 0.269444 0.030208 0.040741
1 0.233333 0.256481 0.036458 0.055556
1 0.363281 0.190741 0.054688 0.064815
1 0.436719 0.148148 0.038021 0.066667
1 0.690104 0.078241 0.046875 0.078704
1 0.958594 0.106944 0.082812 0.087963
1 0.652344 0.14537 0.057813 0.094444
1 0.763281 0.276852 0.071354 0.07963
1 0.793229 0.346759 0.072917 0.091667
1 0.877865 0.433796 0.083854 0.089815
1 0.97526 0.447685 0.049479 0.078704
1 0.971354 0.369907 0.041667 0.036111
1 0.545833 0.346759 0.059375 0.091667
1 0.589063 0.268519 0.057292 0.103704
1 0.610417 0.350463 0.065625 0.108333
1 0.639062 0.516204 0.053125 0.099074
1 0.552865 0.622222 0.073438 0.142593
2 0.220312 0.891204 0.103125 0.128704
2 0.402604 0.318981 0.071875 0.099074
2 0.491927 0.175 0.045312 0.055556
2 0.359115 0.443981 0.057813 0.082407
2 0.403906 0.581481 0.080729 0.116667
2 0.598698 0.185648 0.036979 0.063889
2 0.455208 0.290278 0.053125 0.082407
2 0.501042 0.343519 0.058333 0.087037
2 0.460677 0.41713 0.073438 0.125
2 0.715104 0.281481 0.067708 0.07963
2 0.726823 0.121296 0.047396 0.057407
2 0.838281 0.094444 0.079687 0.05
2 0.98125 0.200463 0.038542 0.058333
2 0.971615 0.280093 0.057813 0.069444
2 0.652604 0.020833 0.055208 0.039815
2 0.129427 0.143981 0.085938 0.091667