2 0.389062 0.207407 0.05 0.061111
2 0.341406 0.071296 0.058854 0.074074
2 0.139063 0.103704 0.088542 0.083333
2 0.202344 0.926389 0.106771 0.126852
2 0.40651 0.609259 0.090104 0.127778
2 0.360417 0.452778 0.063542 0.092593
2 0.641927 0.152315 0.047396 0.075
2 0.777083 0.274074 0.080208 0.090741
2 0.519792 0.148148 0.059375 0.059259
2 0.807031 0.07963 0.056771 0.055556
2 0.473438 0.276389 0.059375 0.09537
2 0.411979 0.308796 0.071875 0.115741
2 0.471354 0.419444 0.079167 0.151852
2 0.523438 0.343981 0.078125 0.110185
1 0.245833 0.227778 0.0375 0.057407
1 0.34401 0.240741 0.035937 0.051852
1 0.379688 0.156019 0.051042 0.078704
1 0.456771 0.113889 0.041667 0.07963
1 0.709896 0.104167 0.067708 0.123148
1 0.849479 0.259722 0.084375 0.112037
1 0.875521 0.355556 0.094792 0.127778
1 0.960417 0.472222 0.079167 0.153704
1 0.395833 0.517593 0.061458 0.146296
1 0.563281 0.34213 0.056771 0.106481
1 0.620313 0.257407 0.067708 0.142593
1 0.638542 0.355556 0.071875 0.148148
1 0.671875 0.556944 0.057292 0.115741
1 0.559115 0.672222 0.069271 0.135185