1 0.976302 0.310185 0.047396 0.090741
1 0.909635 0.464815 0.082812 0.105556
1 0.724219 0.178241 0.103646 0.117593
1 0.786979 0.52963 0.06875 0.090741
1 0.863542 0.79537 0.084375 0.088889
1 0.851823 0.875 0.064062 0.068519
1 0.795052 0.89213 0.080729 0.102778
1 0.721094 0.671759 0.036979 0.065741
1 0.634375 0.714352 0.09375 0.115741
1 0.478385 0.77037 0.061979 0.098148
1 0.3875 0.911574 0.084375 0.10463
1 0.166146 0.89537 0.15625 0.144444
1 0.532552 0.489815 0.092188 0.12037
1 0.451823 0.124074 0.052604 0.083333
2 0.929167 0.083333 0.073958 0.087037
2 0.765104 0.833333 0.048958 0.090741
2 0.872135 0.175463 0.089063 0.099074
2 0.846094 0.244907 0.091146 0.119444
2 0.807292 0.475 0.060417 0.118519
2 0.742188 0.617593 0.059375 0.094444
2 0.739062 0.453704 0.067708 0.1
2 0.76224 0.33287 0.070312 0.108333
2 0.615365 0.143981 0.077604 0.082407
2 0.495833 0.194444 0.053125 0.081481
2 0.060937 0.85787 0.120833 0.219444
2 0.133854 0.701389 0.186458 0.193519
2 0.0375 0.618056 0.073958 0.149074
2 0.485417 0.491204 0.076042 0.121296
2 0.305729 0.368519 0.078125 0.118519
2 0.084115 0.365741 0.136979 0.124074
2 0.390885 0.032407 0.077604 0.062963
2 0.715365 0.938889 0.054688 0.074074