1 0.485156 0.61875 0.042708 0.083796
0 0.498307 0.563657 0.053385 0.056019
0 0.517057 0.034954 0.02526 0.051389
0 0.535807 0.247454 0.036719 0.036574
0 0.494141 0.309491 0.022135 0.031944
3 0.40026 0.366898 0.030208 0.041204
0 0.364714 0.453472 0.026302 0.106944
1 0.466146 0.484491 0.043229 0.079167
1 0.399089 0.622222 0.039323 0.081481
1 0.395833 0.69375 0.045833 0.08287
1 0.419661 0.819213 0.047135 0.083796
1 0.33737 0.715972 0.033594 0.065278
1 0.299609 0.645139 0.041927 0.074537
2 0.680599 0.851852 0.055469 0.077778
3 0.847656 0.714352 0.045312 0.062037
2 0.603255 0.921991 0.03099 0.055093
2 0.550521 0.934491 0.029167 0.055093
0 0.452734 0.168287 0.03099 0.041204
3 0.525391 0.14213 0.022656 0.038889
0 0.479297 0.085185 0.023177 0.033333