2 0.465755 0.850231 0.023177 0.035648
2 0.507422 0.854861 0.034115 0.060648
3 0.588542 0.066898 0.021354 0.035648
3 0.444531 0.270602 0.029687 0.036574
2 0.58737 0.815741 0.057552 0.090741
1 0.325781 0.521528 0.034896 0.059722
1 0.348698 0.599537 0.035417 0.071296
1 0.326953 0.63588 0.025781 0.049537
1 0.292969 0.587037 0.034896 0.059259
0 0.401172 0.344444 0.03099 0.090741
0 0.507943 0.488426 0.052344 0.046296
1 0.407031 0.58287 0.033333 0.062963
1 0.417057 0.522917 0.034115 0.064352
1 0.485156 0.401852 0.04375 0.07037
3 0.777344 0.727778 0.045312 0.062963
1 0.101302 0.795602 0.028125 0.055093
0 0.539583 0.232639 0.01875 0.027315
0 0.585417 0.171991 0.031771 0.036574
0 0.523438 0.077315 0.032813 0.028704