3 0.58151 0.510648 0.040625 0.072222
3 0.473177 0.914583 0.054688 0.104167
3 0.448958 0.85463 0.048958 0.081481
0 0.614714 0.906481 0.06849 0.111111
0 0.690885 0.778472 0.091667 0.098611
0 0.430339 0.51412 0.072135 0.065278
0 0.448958 0.369213 0.035937 0.059722
0 0.186198 0.559491 0.032813 0.080093
0 0.113542 0.679398 0.023438 0.088426
0 0.520182 0.287269 0.039323 0.083796
2 0.81276 0.237269 0.092708 0.10787
2 0.954948 0.058102 0.090625 0.115278
3 0.915104 0.136574 0.043229 0.052778
3 0.894792 0.040741 0.046354 0.067593