1 0.509245 0.661806 0.028906 0.050463
1 0.436719 0.496528 0.035937 0.070833
1 0.437109 0.613426 0.034115 0.059259
1 0.420964 0.769907 0.027865 0.047222
1 0.408984 0.729398 0.028385 0.041204
1 0.379297 0.742361 0.028385 0.046759
1 0.383464 0.686343 0.023698 0.049537
0 0.407031 0.639815 0.032292 0.059259
1 0.373177 0.623148 0.030208 0.062963
1 0.336458 0.648843 0.032813 0.059722
1 0.334896 0.701157 0.032292 0.051389
1 0.304557 0.661111 0.023177 0.051852
1 0.28125 0.635185 0.020833 0.048148
1 0.258724 0.599537 0.028385 0.048148
1 0.298958 0.559954 0.035417 0.060648
0 0.560937 0.297454 0.040625 0.088426
0 0.711849 0.228704 0.017448 0.039815
0 0.772526 0.192593 0.034115 0.052778
0 0.719271 0.063657 0.040104 0.035648
3 0.793359 0.068056 0.03099 0.033333
2 0.443229 0.887269 0.070833 0.226389
1 0.458333 0.538889 0.025 0.05463
1 0.485156 0.509491 0.032292 0.069907
1 0.472526 0.440278 0.034115 0.066667
1 0.53737 0.53125 0.036198 0.069907
1 0.552865 0.480324 0.035937 0.059722
1 0.635417 0.391667 0.04375 0.067593
0 0.645703 0.486111 0.052865 0.057407
3 0.610156 0.241204 0.029687 0.033333
3 0.889323 0.866898 0.045833 0.070833
2 0.603255 0.844444 0.028385 0.039815
2 0.678906 0.845602 0.054688 0.085648
2 0.560937 0.814815 0.01875 0.037963
2 0.357031 0.495833 0.031771 0.051852