3 0.376823 0.533102 0.032292 0.059722
3 0.366016 0.51088 0.03151 0.051389
0 0.817578 0.506019 0.052344 0.081481
2 0.019661 0.880093 0.035677 0.087963
1 0.45 0.791204 0.0625 0.121296
0 0.499609 0.893981 0.063802 0.081481
1 0.495443 0.953241 0.065885 0.094444
0 0.457422 0.51412 0.028385 0.049537
0 0.510026 0.43287 0.04974 0.051852
0 0.379036 0.311343 0.04974 0.049537
0 0.398698 0.21088 0.032292 0.041204
0 0.447786 0.151852 0.028385 0.056481
3 0.329427 0.59375 0.038021 0.055093
0 0.293229 0.699537 0.025 0.110185
3 0.469531 0.289352 0.032292 0.049074
2 0.635807 0.09213 0.052344 0.076852
3 0.705339 0.020602 0.022656 0.034722