3 0.37474 0.406019 0.029687 0.052778
1 0.448698 0.737269 0.048438 0.073611
2 0.610938 0.029398 0.04375 0.05787
0 0.409245 0.13287 0.028906 0.034259
0 0.449349 0.083102 0.027865 0.046759
0 0.384505 0.222222 0.038802 0.043519
0 0.485026 0.317593 0.038802 0.043519
0 0.439974 0.383333 0.023177 0.033333
3 0.929818 0.930556 0.054948 0.076852
3 0.463802 0.206944 0.027083 0.037963
3 0.331901 0.451157 0.028906 0.040278
0 0.471615 0.8125 0.073438 0.15
0 0.294792 0.545833 0.027083 0.114815
0 0.45599 0.674769 0.056771 0.068056
1 0.345833 0.74537 0.040104 0.087037
1 0.419271 0.591204 0.046354 0.090741
2 0.076172 0.684491 0.036198 0.073611