1 0.47474 0.601389 0.038542 0.062963
3 0.524349 0.134722 0.023177 0.042593
0 0.455469 0.158102 0.034896 0.039352
1 0.295443 0.631019 0.042448 0.076852
1 0.328906 0.712037 0.034896 0.066667
1 0.405729 0.816435 0.041146 0.078241
1 0.385807 0.677083 0.041406 0.081019
1 0.394792 0.606481 0.038542 0.080556
1 0.460547 0.478009 0.042448 0.080093
0 0.492839 0.5625 0.055469 0.067593
0 0.358073 0.439815 0.029687 0.09537
2 0.664844 0.843519 0.048438 0.081481
3 0.834766 0.709259 0.045052 0.058333
3 0.395182 0.361111 0.028906 0.037037
2 0.584505 0.913426 0.036198 0.062963
2 0.534115 0.925231 0.029687 0.045833
0 0.490495 0.297454 0.020052 0.031019
0 0.534375 0.235648 0.035417 0.042593
0 0.517057 0.026852 0.023698 0.049074
0 0.479297 0.076157 0.022135 0.0375