2 0.544792 0.965278 0.025 0.048148
2 0.60026 0.950463 0.032813 0.052778
2 0.670182 0.88287 0.052865 0.082407
3 0.830208 0.740278 0.045312 0.058333
3 0.362891 0.371528 0.027865 0.041204
3 0.489974 0.146065 0.023698 0.040278
1 0.357422 0.703009 0.05026 0.080093
1 0.365104 0.633333 0.041146 0.076852
1 0.433203 0.496065 0.044531 0.083796
1 0.463802 0.629398 0.045312 0.08287
1 0.398958 0.843519 0.049479 0.086111
0 0.32513 0.458102 0.028385 0.094907
0 0.464714 0.575463 0.047135 0.052778
0 0.459896 0.3125 0.021875 0.033333
0 0.503776 0.252778 0.038802 0.037963
0 0.416146 0.166667 0.034896 0.035185
0 0.481771 0.036574 0.024479 0.046296
0 0.441276 0.073843 0.019531 0.035648