2 0.546354 0.851389 0.032292 0.049074
3 0.670182 0.06875 0.023177 0.030093
0 0.605469 0.071991 0.038021 0.031944
3 0.516146 0.257407 0.027083 0.037963
3 0.819922 0.787731 0.04401 0.064352
2 0.626042 0.83287 0.049479 0.086111
2 0.401172 0.91412 0.052865 0.172685
0 0.564453 0.488889 0.055469 0.062963
1 0.21263 0.651389 0.041927 0.052778
1 0.366406 0.668981 0.029687 0.058333
1 0.35638 0.549306 0.028906 0.073611
1 0.382552 0.59213 0.019271 0.047222
1 0.40638 0.562963 0.03099 0.062037
1 0.38763 0.487963 0.033594 0.062963
1 0.459635 0.556019 0.031771 0.062037
1 0.476042 0.508565 0.029687 0.056019
1 0.549219 0.397222 0.035417 0.072222
0 0.466406 0.326157 0.035937 0.093056
0 0.609896 0.230324 0.021354 0.030093
0 0.660937 0.179398 0.030208 0.046759