0 0.198698 0.447222 0.026042 0.075926
3 0.770052 0.0625 0.026562 0.037963
3 0.351953 0.728009 0.044531 0.070833
3 0.50026 0.365509 0.038021 0.055093
2 0.687891 0.142824 0.066406 0.088426
0 0.41276 0.265278 0.029687 0.049074
0 0.470573 0.201157 0.027604 0.056019
0 0.392318 0.38588 0.058073 0.056019
0 0.502474 0.631713 0.042448 0.066204
0 0.561198 0.541204 0.065625 0.066667
1 0.515104 0.962963 0.076563 0.075
2 0.80599 0.027778 0.084375 0.05463
0 0.927995 0.63125 0.066406 0.088426
3 0.386458 0.62662 0.041146 0.068056
3 0.403776 0.656481 0.041406 0.072222