3 0.372526 0.490741 0.030469 0.052778
3 0.361979 0.465972 0.029687 0.054167
3 0.461979 0.263657 0.029687 0.043981
2 0.620182 0.071759 0.052344 0.072222
0 0.78151 0.481481 0.038021 0.114815
1 0.433594 0.709259 0.056771 0.10463
1 0.474089 0.872454 0.052865 0.10787
0 0.496745 0.93125 0.076302 0.1375
0 0.477995 0.807639 0.061719 0.079167
0 0.398047 0.182176 0.028385 0.036574
0 0.443229 0.131713 0.027083 0.055093
0 0.376042 0.281019 0.041146 0.043519
0 0.447786 0.465509 0.025781 0.039352
0 0.494141 0.390278 0.045052 0.049074
3 0.327995 0.54213 0.033073 0.052778
0 0.289583 0.656481 0.032292 0.143519
2 0.042969 0.808333 0.040625 0.080556
3 0.68737 0.008796 0.023698 0.016667