3 0.066667 0.815278 0.070312 0.121296
3 0.575391 0.945139 0.078906 0.110648
0 0.770833 0.913194 0.092708 0.097685
1 0.798828 0.435648 0.076823 0.125926
1 0.737891 0.419676 0.060677 0.11713
0 0.795964 0.499306 0.117448 0.166204
0 0.705469 0.57662 0.132292 0.270833
1 0.953646 0.106019 0.093229 0.202778
1 0.8625 0.113426 0.091667 0.181481
1 0.778646 0.113657 0.094271 0.179167
1 0.656771 0.063889 0.093229 0.126852
1 0.611198 0.149074 0.089583 0.174074
1 0.692578 0.172454 0.079427 0.152315
1 0.655078 0.25787 0.072656 0.149074
1 0.610807 0.291204 0.065885 0.125926
1 0.607031 0.530324 0.067187 0.141204
1 0.565365 0.409954 0.075521 0.180093
1 0.528646 0.288426 0.085938 0.168519
2 0.35 0.212269 0.089583 0.098611
2 0.298438 0.339352 0.0625 0.139815
1 0.919792 0.389815 0.089063 0.186111
0 0.600651 0.828241 0.107031 0.12963
3 0.315885 0.696759 0.043229 0.076852
0 0.389062 0.653472 0.089063 0.059722
3 0.913411 0.818056 0.092969 0.159259
3 0.977214 0.922917 0.046094 0.1125
3 0.974609 0.773843 0.051302 0.080093
2 0.020182 0.445833 0.039844 0.144444
3 0.532552 0.05162 0.054688 0.068981
3 0.6 0.031019 0.046354 0.048148
3 0.141276 0.594676 0.05026 0.083796