1 0.985807 0.591204 0.028906 0.182407
1 0.608984 0.923843 0.126302 0.153241
1 0.722786 0.90787 0.098698 0.185185
1 0.816016 0.919213 0.109635 0.1625
1 0.779557 0.734491 0.110156 0.200463
1 0.665365 0.70625 0.119271 0.218056
1 0.686979 0.538889 0.104688 0.212963
1 0.763411 0.388657 0.116927 0.183796
1 0.957812 0.162269 0.084896 0.145833
1 0.860938 0.630093 0.107813 0.200926
1 0.951172 0.595602 0.076823 0.200463
0 0.459375 0.044213 0.032292 0.0875
3 0.489323 0.537269 0.0625 0.108796
3 0.55026 0.71875 0.051562 0.055093
3 0.60013 0.533796 0.039323 0.044444