3 0.623177 0.022454 0.046354 0.043981
1 0.969401 0.284259 0.061719 0.144444
1 0.791146 0.503241 0.118229 0.178704
1 0.713802 0.658102 0.115625 0.208796
1 0.965885 0.741898 0.06875 0.213426
1 0.884375 0.75625 0.116146 0.189352
1 0.804427 0.871991 0.099479 0.200463
1 0.830859 0.977778 0.084115 0.04537
1 0.743099 0.969213 0.077344 0.0625
1 0.626953 0.983565 0.085156 0.033796
1 0.692839 0.826157 0.117448 0.209722
0 0.845573 0.704167 0.167708 0.139815
0 0.472266 0.070602 0.045052 0.140278
3 0.623437 0.634722 0.043229 0.051852
3 0.57513 0.827315 0.047135 0.062963
3 0.508984 0.625926 0.069531 0.119444