2 0.315365 0.310648 0.034896 0.057407
3 0.133464 0.444907 0.023177 0.032407
1 0.984896 0.202315 0.030729 0.078704
1 0.979297 0.120833 0.036198 0.076852
3 0.942448 0.153472 0.041146 0.078241
3 0.76862 0.099074 0.033073 0.044444
3 0.597656 0.38125 0.036979 0.0375
3 0.197396 0.493056 0.024479 0.02963
3 0.236849 0.51713 0.028385 0.032407
3 0.188672 0.566435 0.027865 0.031944
3 0.169401 0.621991 0.03151 0.031019
3 0.31901 0.574537 0.026562 0.048148
3 0.310547 0.617361 0.03151 0.054167
2 0.277995 0.613426 0.052865 0.077778
0 0.246094 0.57662 0.030208 0.059722
2 0.467708 0.331481 0.035937 0.043519
2 0.407682 0.426157 0.041406 0.065278
2 0.455078 0.451852 0.060156 0.077778
2 0.871615 0.407639 0.138021 0.104167
2 0.983984 0.954398 0.032552 0.09213
2 0.407292 0.576852 0.0625 0.096296
2 0.527604 0.815741 0.132812 0.246296