3 0.961198 0.7 0.040104 0.061111
3 0.943099 0.640972 0.042448 0.059722
3 0.791146 0.675463 0.040625 0.043519
3 0.842839 0.7 0.03151 0.061111
3 0.88763 0.725231 0.042448 0.072685
3 0.377083 0.582639 0.032813 0.045833
3 0.563151 0.492824 0.027344 0.045833
3 0.527995 0.594907 0.028906 0.048148
2 0.144792 0.440278 0.052083 0.063889
2 0.366797 0.058565 0.041927 0.050463
2 0.494792 0.09375 0.038542 0.059722
2 0.650521 0.037731 0.045833 0.045833
2 0.722786 0.135185 0.036719 0.059259
2 0.710156 0.281944 0.046354 0.066667
2 0.770182 0.345139 0.045052 0.078241
2 0.722786 0.429398 0.047135 0.069907
2 0.764714 0.615046 0.041927 0.074537
2 0.854036 0.312269 0.039844 0.069907
2 0.989453 0.684954 0.021615 0.060648
3 0.753385 0.983565 0.048958 0.033796
3 0.740625 0.884028 0.048958 0.084722
3 0.86224 0.590972 0.035417 0.051389
0 0.623437 0.672454 0.067708 0.085648