1 0.835417 0.146528 0.029687 0.059722
1 0.827604 0.087037 0.029687 0.05463
3 0.773177 0.692593 0.043229 0.073148
2 0.746745 0.621528 0.063802 0.128241
2 0.44375 0.571065 0.086458 0.16713
2 0.701953 0.271759 0.079948 0.068519
2 0.377344 0.460185 0.047917 0.076852
2 0.429557 0.373843 0.047656 0.050463
2 0.392839 0.368981 0.033594 0.062037
2 0.448958 0.293519 0.033333 0.048148
0 0.351562 0.759722 0.054167 0.125
3 0.203906 0.631944 0.027083 0.043519
3 0.310937 0.5125 0.029687 0.041667
2 0.324219 0.397222 0.026562 0.056481
3 0.690234 0.082639 0.029427 0.041204