3 0.970703 0.921065 0.059115 0.158796
0 0.413932 0.714815 0.096094 0.062963
0 0.652083 0.923843 0.11875 0.153241
0 0.847005 0.575463 0.114844 0.153704
0 0.752474 0.657407 0.125781 0.269444
1 0.780208 0.511343 0.078125 0.1375
1 0.860026 0.5 0.072135 0.130556
1 0.969792 0.481713 0.060937 0.1375
3 0.340234 0.75 0.044531 0.071296
3 0.142578 0.629398 0.052865 0.075463
1 0.655339 0.592824 0.07474 0.1375
1 0.611198 0.464352 0.09375 0.167593
1 0.569922 0.32662 0.098698 0.174537
1 0.659245 0.347454 0.069531 0.1375
1 0.714453 0.309491 0.089844 0.165278
1 0.749219 0.216667 0.083333 0.158333
1 0.659245 0.188426 0.095573 0.177778
1 0.705339 0.083333 0.101302 0.165741
1 0.802734 0.023611 0.082031 0.046296
0 0.826693 0.119676 0.172135 0.083796
1 0.842448 0.153009 0.11875 0.166204
1 0.943099 0.15463 0.10599 0.176852
1 0.989714 0.171296 0.021094 0.14537
2 0.316667 0.377778 0.073438 0.148148
2 0.376693 0.240741 0.085156 0.094444
2 0.020833 0.475231 0.041146 0.138426
3 0.566016 0.074537 0.053385 0.075926