1 0.388672 0.039583 0.054948 0.078241
1 0.970052 0.845602 0.060417 0.189352
1 0.897917 0.861111 0.105729 0.183333
1 0.820833 0.928472 0.118229 0.143981
1 0.716667 0.898148 0.11875 0.20463
1 0.735026 0.74537 0.103906 0.187963
1 0.817318 0.603009 0.109635 0.179167
1 0.981641 0.38287 0.03724 0.128704
0 0.865755 0.790046 0.161198 0.135648
0 0.507422 0.13287 0.041927 0.167593
3 0.545833 0.698843 0.061979 0.116204
3 0.602474 0.894907 0.045052 0.056481
3 0.650521 0.713889 0.038021 0.047222
3 0.655339 0.080324 0.042448 0.055093