0 0.453125 0.05 0.032813 0.099074
3 0.599609 0.568287 0.039323 0.035648
3 0.551172 0.751157 0.047135 0.059722
3 0.48763 0.56412 0.071094 0.11713
0 0.817057 0.614583 0.165885 0.14213
1 0.95651 0.201157 0.0875 0.147685
1 0.764714 0.428704 0.115365 0.174074
1 0.686458 0.573148 0.113542 0.192593
1 0.608724 0.942824 0.123177 0.115278
1 0.71901 0.927315 0.089583 0.146296
1 0.804818 0.930787 0.114323 0.139352
1 0.667318 0.738889 0.111719 0.212037
1 0.778385 0.764815 0.108854 0.211111
1 0.855729 0.666667 0.105208 0.198148
1 0.947917 0.638657 0.080729 0.188426
1 0.983984 0.625926 0.032552 0.178704