1 0.86888 0.195602 0.038802 0.065278
1 0.850651 0.139815 0.041927 0.063889
3 0.849219 0.838657 0.05625 0.083796
2 0.8125 0.753935 0.084375 0.150463
2 0.457943 0.686343 0.101823 0.184722
2 0.729557 0.344676 0.09401 0.083796
2 0.436068 0.299769 0.045052 0.083796
2 0.313802 0.472917 0.032813 0.079167
2 0.385156 0.435185 0.038542 0.072222
2 0.423568 0.448843 0.054948 0.069907
2 0.369922 0.542361 0.058594 0.0875
2 0.442839 0.360648 0.03151 0.053704
2 0.271615 0.600231 0.045312 0.079167
0 0.245182 0.572685 0.028385 0.049074
3 0.54349 0.373148 0.034375 0.039815
3 0.697396 0.128935 0.029687 0.0375
3 0.814453 0.368056 0.052344 0.048148