1 0.68724 0.208102 0.105208 0.170833
1 0.732422 0.092593 0.10651 0.184259
1 0.837891 0.036806 0.095573 0.072685
1 0.965234 0.180324 0.070052 0.184722
1 0.874349 0.175926 0.121615 0.177778
0 0.860807 0.12963 0.177344 0.082407
3 0.157682 0.647917 0.047135 0.089352
3 0.354167 0.779167 0.042708 0.087963
3 0.585156 0.08588 0.059375 0.075463
2 0.026302 0.481944 0.052083 0.163889
2 0.333073 0.401852 0.072917 0.15463
2 0.388281 0.254398 0.100521 0.093981
0 0.426042 0.743056 0.085938 0.066667
0 0.775 0.714352 0.113021 0.238889
0 0.88763 0.609954 0.130469 0.156019
1 0.813151 0.544676 0.063802 0.121759
1 0.894401 0.543981 0.076823 0.125
0 0.679297 0.943981 0.127865 0.112963
1 0.686719 0.633565 0.084375 0.145833
1 0.636979 0.494213 0.115625 0.185648
1 0.58776 0.359028 0.111979 0.181019
1 0.686719 0.378472 0.078125 0.146759
1 0.740625 0.345139 0.089063 0.165278
1 0.776302 0.250463 0.09375 0.173148