1 0.969792 0.130556 0.060937 0.124074
0 0.832422 0.546296 0.165885 0.148148
1 0.960417 0.571528 0.079687 0.203241
1 0.877604 0.595139 0.105208 0.185648
1 0.778516 0.358796 0.114844 0.181481
1 0.697005 0.500926 0.107552 0.183333
1 0.788021 0.700463 0.105208 0.201852
1 0.677865 0.675926 0.113542 0.212037
1 0.820182 0.878935 0.114323 0.195833
1 0.729557 0.884722 0.099219 0.202778
1 0.70026 0.981713 0.072917 0.0375
1 0.616667 0.90625 0.11875 0.188426
0 0.476042 0.035648 0.029687 0.07037
3 0.563411 0.684954 0.04974 0.056019
3 0.613411 0.509028 0.038802 0.039352
3 0.504687 0.513657 0.067708 0.109722