3 0.976823 0.391435 0.046875 0.056019
3 0.814974 0.615278 0.036719 0.042593
3 0.748828 0.484954 0.028385 0.034722
3 0.072917 0.164352 0.034896 0.062963
3 0.408073 0.342824 0.051042 0.045833
3 0.464844 0.472454 0.035417 0.034722
3 0.479297 0.87662 0.060677 0.090278
3 0.759245 0.637963 0.071094 0.1
3 0.891797 0.714352 0.082031 0.121296
3 0.692578 0.45625 0.066406 0.080093
3 0.823438 0.444907 0.085938 0.075926
3 0.898307 0.43287 0.063802 0.062963
3 0.545703 0.266667 0.046615 0.042593
2 0.94974 0.264815 0.101042 0.082407