3 0.976823 0.424769 0.046875 0.056019
3 0.886589 0.737731 0.085677 0.131944
3 0.812109 0.63912 0.03724 0.044907
3 0.758594 0.653472 0.070833 0.098611
3 0.89987 0.462037 0.059115 0.066667
3 0.823698 0.468519 0.08125 0.076852
3 0.750521 0.497685 0.026562 0.02963
3 0.697396 0.472917 0.064583 0.081019
3 0.486849 0.873611 0.058594 0.087037
3 0.087109 0.1375 0.03724 0.057407
3 0.472917 0.474537 0.0375 0.034259
3 0.41901 0.340278 0.051042 0.052778
3 0.553125 0.271065 0.045833 0.040278
2 0.951953 0.293519 0.096615 0.080556