3 0.525391 0.578009 0.034635 0.066204
3 0.277474 0.483796 0.035677 0.069444
3 0.689844 0.723611 0.059375 0.09537
3 0.728255 0.399537 0.09349 0.159259
3 0.496745 0.55787 0.042448 0.078704
3 0.49987 0.682639 0.107552 0.149537
3 0.316927 0.56713 0.046875 0.090741
3 0.022526 0.563657 0.042448 0.079167
3 0.327474 0.288889 0.032552 0.064815
3 0.654818 0.374769 0.089844 0.076389
3 0.577995 0.24537 0.029948 0.073148
3 0.592578 0.27037 0.034635 0.074074
3 0.601693 0.147222 0.053906 0.046296
3 0.204687 0.634954 0.049479 0.054167
2 0.381901 0.160648 0.05026 0.051852
2 0.479948 0.040046 0.039062 0.049537