2 0.355729 0.024074 0.054167 0.047222
3 0.270703 0.19838 0.035156 0.071759
3 0.584635 0.033333 0.067187 0.065741
3 0.5625 0.207639 0.046354 0.076389
3 0.546875 0.16875 0.048958 0.093981
3 0.616016 0.382639 0.116927 0.139352
3 0.704427 0.454398 0.139583 0.235648
3 0.613411 0.93287 0.09349 0.135185
3 0.634375 0.793287 0.075 0.122685
3 0.435937 0.67338 0.046354 0.070833
3 0.409635 0.642593 0.069271 0.115741
3 0.399089 0.818981 0.12526 0.225
3 0.216276 0.592593 0.055469 0.118519
3 0.192708 0.469676 0.041146 0.093056
3 0.096875 0.668056 0.046354 0.062963