3 0.109115 0.478241 0.054167 0.082407
3 0.041406 0.533565 0.04375 0.056019
3 0.297135 0.470833 0.041146 0.074074
3 0.309505 0.586806 0.05026 0.090278
3 0.650521 0.278935 0.056771 0.086574
3 0.63724 0.231944 0.052083 0.090741
3 0.694661 0.097454 0.070573 0.060648
3 0.692318 0.483565 0.12474 0.148611
3 0.771875 0.571296 0.154688 0.244444
3 0.666536 0.911111 0.101823 0.175
3 0.498437 0.724306 0.040625 0.058796
3 0.464323 0.675 0.046875 0.113889
3 0.443229 0.860417 0.139063 0.199537
2 0.472917 0.053472 0.058854 0.053241
3 0.20638 0.635417 0.035677 0.053241
2 0.029687 0.653704 0.054167 0.128704
3 0.384766 0.227315 0.042969 0.064815