3 0.886068 0.9625 0.128385 0.075926
3 0.619401 0.841435 0.058073 0.080093
3 0.601302 0.944444 0.136979 0.112037
3 0.583073 0.801852 0.067708 0.128704
3 0.921354 0.611806 0.157292 0.249537
3 0.807813 0.537731 0.152083 0.149537
3 0.692969 0.165972 0.075 0.06713
3 0.670703 0.306944 0.042448 0.096296
3 0.363932 0.33125 0.036719 0.070833
3 0.30612 0.600231 0.045052 0.084722
3 0.346615 0.727546 0.054167 0.11713
3 0.034505 0.646528 0.039323 0.084722
2 0.43138 0.156481 0.058073 0.060185
3 0.697656 0.344444 0.051562 0.090741