2 0.048958 0.73588 0.097396 0.140278
3 0.383464 0.469676 0.044531 0.071759
3 0.477344 0.238889 0.039062 0.064815
3 0.773177 0.354861 0.059375 0.085648
3 0.754427 0.30625 0.056771 0.102315
3 0.82474 0.153009 0.088021 0.0625
2 0.57487 0.068056 0.058073 0.059259
2 0.095052 0.601157 0.134375 0.131019
3 0.203776 0.425694 0.042448 0.071759
3 0.144661 0.47037 0.040365 0.051852
3 0.288932 0.618056 0.029948 0.060185
3 0.394531 0.594907 0.05625 0.092593
3 0.828385 0.591435 0.177604 0.159722
3 0.55638 0.748843 0.067969 0.121759
3 0.525 0.909722 0.139583 0.181481
3 0.906641 0.72963 0.186719 0.283333
3 0.583984 0.784722 0.042448 0.063889