3 0.332943 0.255324 0.040885 0.071759
3 0.661979 0.090972 0.075521 0.066204
3 0.655469 0.271991 0.052083 0.098611
3 0.635026 0.238194 0.045052 0.098611
3 0.742578 0.466667 0.133594 0.156481
3 0.871094 0.550694 0.172917 0.259722
3 0.811328 0.931019 0.099219 0.138889
3 0.533594 0.91088 0.136979 0.179167
3 0.557422 0.773611 0.047656 0.078704
3 0.51849 0.73588 0.0625 0.131019
3 0.301693 0.653009 0.058073 0.099537
3 0.265104 0.530093 0.047396 0.083333
3 0.012109 0.578009 0.023698 0.070833
2 0.408333 0.077778 0.05625 0.067593