3 0.79401 0.34213 0.048438 0.068519
3 0.664323 0.361111 0.056771 0.075
3 0.452995 0.264352 0.04349 0.062037
3 0.485807 0.171759 0.050781 0.078704
3 0.233724 0.394676 0.05651 0.08287
3 0.139714 0.671065 0.067448 0.090278
3 0.046745 0.563657 0.052865 0.077315
3 0.091016 0.601157 0.05599 0.0875
3 0.727214 0.640509 0.064844 0.102315
3 0.633594 0.466898 0.053125 0.090278
3 0.555469 0.574074 0.0625 0.098148
3 0.521745 0.683333 0.067448 0.114815
3 0.433464 0.625694 0.052344 0.077315
3 0.723958 0.272454 0.046354 0.063426
3 0.721354 0.229398 0.036979 0.046759
3 0.88776 0.427546 0.058854 0.109722
3 0.880078 0.678009 0.065365 0.109722
3 0.728255 0.455324 0.058073 0.090278
3 0.786068 0.508796 0.067448 0.107407
3 0.680469 0.440278 0.055208 0.081481
3 0.550391 0.370602 0.050781 0.05787
3 0.503516 0.488194 0.061719 0.086574