3 0.262891 0.016435 0.03776 0.031019
3 0.644401 0.0375 0.082031 0.065741
3 0.036589 0.364352 0.064844 0.065741
3 0.770312 0.299074 0.056771 0.111111
3 0.879687 0.288657 0.053125 0.056944
3 0.704036 0.237269 0.06901 0.090278
3 0.855339 0.098843 0.098698 0.090278
3 0.82526 0.178935 0.102604 0.116204
3 0.638932 0.643056 0.132031 0.2
3 0.568099 0.273148 0.096615 0.118519
3 0.342969 0.073843 0.058854 0.060648
3 0.273307 0.248611 0.03724 0.049074
3 0.33138 0.22338 0.073177 0.089352
3 0.223958 0.324769 0.075 0.103241