3 0.375391 0.213657 0.03099 0.045833
3 0.944401 0.575 0.069531 0.080556
3 0.317578 0.475231 0.044531 0.059722
3 0.376302 0.474769 0.043229 0.060648
3 0.354427 0.422454 0.038021 0.066204
3 0.116797 0.476389 0.060677 0.071296
3 0.46862 0.370833 0.047135 0.062037
3 0.607943 0.728009 0.096094 0.161574
3 0.654818 0.772454 0.055469 0.103241
3 0.63737 0.82338 0.046615 0.074537
3 0.659635 0.864583 0.057292 0.083796
3 0.854427 0.781019 0.070312 0.115741
3 0.922526 0.636806 0.060677 0.089352
3 0.852214 0.502778 0.042448 0.063889
3 0.846354 0.540046 0.048958 0.049537
0 0.795703 0.679861 0.082031 0.079167
3 0.251953 0.526157 0.047135 0.040278
3 0.236979 0.491898 0.045833 0.046759
3 0.282161 0.34213 0.039323 0.052778
3 0.412891 0.359491 0.033594 0.050463
3 0.388411 0.327778 0.03099 0.053704
3 0.672266 0.301389 0.03099 0.047222
3 0.833464 0.411574 0.04401 0.051852