3 0.346094 0.301852 0.038021 0.048148
3 0.103776 0.388194 0.04401 0.050463
3 0.143229 0.470139 0.042708 0.056019
3 0.162891 0.569907 0.04974 0.067593
3 0.039974 0.465509 0.060677 0.058796
3 0.038021 0.738889 0.061979 0.080556
3 0.251172 0.601852 0.04974 0.072222
3 0.302865 0.615046 0.054688 0.075463
3 0.325 0.499769 0.034896 0.060648
3 0.392578 0.502778 0.052344 0.080556
3 0.432161 0.436111 0.055469 0.057407
3 0.436979 0.630787 0.057292 0.069907
3 0.515104 0.538426 0.045833 0.075926
3 0.422917 0.564815 0.043229 0.066667
3 0.494531 0.391435 0.038021 0.066204
3 0.421224 0.377083 0.045052 0.054167
3 0.571615 0.320833 0.040104 0.042593
3 0.575391 0.415741 0.036198 0.052778
3 0.441276 0.761806 0.046615 0.10787
3 0.486458 0.787037 0.069792 0.100926
3 0.586458 0.782176 0.064583 0.108796
3 0.418359 0.94838 0.060156 0.104167
3 0.833073 0.556713 0.065104 0.078241