3 0.566667 0.307639 0.032813 0.050463
3 0.326042 0.283102 0.034375 0.049537
3 0.370312 0.269444 0.040104 0.047222
3 0.317318 0.513194 0.041406 0.068981
3 0.283464 0.498843 0.05599 0.069907
3 0.775391 0.524537 0.047656 0.062037
3 0.097266 0.385185 0.05026 0.053704
3 0.566406 0.381019 0.04375 0.038889
3 0.491146 0.354861 0.035417 0.041204
3 0.434766 0.395139 0.045052 0.055093
3 0.399609 0.436343 0.047135 0.059722
3 0.426693 0.496991 0.047135 0.061574
3 0.427995 0.547454 0.040885 0.061574
3 0.541797 0.668519 0.058073 0.101852
3 0.43099 0.634722 0.048958 0.082407
3 0.464453 0.674074 0.058073 0.090741
3 0.43125 0.869676 0.061458 0.10787
3 0.397396 0.768981 0.038542 0.091667
3 0.289062 0.635185 0.048958 0.076852
3 0.504167 0.475231 0.040625 0.066204