3 0.329427 0.217824 0.03125 0.040278
3 0.664714 0.450463 0.071615 0.1
3 0.966146 0.201157 0.067708 0.084722
3 0.50026 0.176852 0.036458 0.055556
3 0.49375 0.491435 0.059375 0.077315
3 0.698828 0.379167 0.063281 0.082407
3 0.573958 0.294676 0.053125 0.073611
3 0.689453 0.909259 0.129948 0.182407
3 0.496615 0.760648 0.075521 0.130556
3 0.282292 0.499306 0.055208 0.080093
3 0.07474 0.740046 0.0625 0.089352
3 0.352865 0.42037 0.056771 0.069444
3 0.829297 0.875 0.048177 0.049074
3 0.600781 0.53588 0.060417 0.076389
3 0.576693 0.481019 0.060677 0.066667
3 0.643099 0.517593 0.03099 0.038889
3 0.675781 0.536574 0.034375 0.042593