3 0.833464 0.218981 0.035156 0.047222
0 0.523307 0.807176 0.120573 0.099537
3 0.596615 0.952546 0.090104 0.095833
3 0.413151 0.866898 0.065885 0.123611
3 0.544792 0.890741 0.092708 0.123148
3 0.904687 0.95 0.109896 0.100926
3 0.959896 0.76875 0.080208 0.128241
3 0.855339 0.396528 0.048177 0.051389
3 0.857943 0.435648 0.038802 0.041667
3 0.847917 0.461574 0.0375 0.052778
3 0.66875 0.264352 0.041667 0.046296
3 0.708464 0.252546 0.036198 0.050463
3 0.688411 0.493519 0.058073 0.076852
3 0.718359 0.609259 0.05026 0.069444
3 0.753776 0.802083 0.084115 0.089352
3 0.653646 0.627778 0.065104 0.108333
3 0.571354 0.545139 0.049479 0.084722
3 0.528255 0.583565 0.04974 0.088426
3 0.579167 0.392824 0.049479 0.089352
3 0.323568 0.430556 0.04401 0.063889
3 0.287891 0.465278 0.046094 0.060185
3 0.172005 0.428241 0.042448 0.059259
3 0.050521 0.569676 0.051562 0.065278
3 0.085547 0.624306 0.058073 0.081944
3 0.108203 0.373843 0.045573 0.071759