3 0.779557 0.212037 0.042448 0.042593
3 0.871615 0.92963 0.106771 0.137963
3 0.852083 0.789583 0.086458 0.168056
3 0.763411 0.732176 0.151823 0.256944
3 0.312109 0.313889 0.052344 0.078704
3 0.38724 0.371528 0.051562 0.080093
3 0.413802 0.426157 0.056771 0.089352
3 0.34401 0.436574 0.055208 0.081481
3 0.253255 0.493981 0.058073 0.059259
3 0.108724 0.450694 0.065365 0.086574
3 0.463802 0.31088 0.055208 0.068981
3 0.429427 0.284491 0.041667 0.051389
3 0.414583 0.173148 0.034896 0.04537
3 0.505859 0.1875 0.036198 0.056481
3 0.529297 0.306481 0.048698 0.07037
3 0.483203 0.411111 0.061719 0.077778
3 0.242448 0.46713 0.054688 0.046296
3 0.230859 0.441898 0.042448 0.039352