3 0.904036 0.429398 0.06901 0.061574
3 0.459635 0.21088 0.045833 0.093056
3 0.553125 0.188657 0.038021 0.045833
3 0.594141 0.196528 0.041406 0.048611
3 0.140104 0.337963 0.060937 0.085185
3 0.081901 0.372685 0.046615 0.056481
3 0.044271 0.484954 0.069792 0.118981
3 0.40013 0.613426 0.10599 0.192593
3 0.730859 0.646528 0.190885 0.3125
3 0.345182 0.30162 0.06901 0.108796
3 0.558073 0.124769 0.084896 0.113426
3 0.586328 0.034491 0.090885 0.064352
3 0.148307 0.170602 0.047656 0.069907
3 0.50599 0.242361 0.070312 0.103241