3 0.527214 0.256019 0.028906 0.062963
3 0.473047 0.222917 0.042448 0.036574
3 0.439323 0.258796 0.034896 0.042593
3 0.44974 0.353241 0.045312 0.052778
3 0.483984 0.368981 0.05026 0.059259
3 0.283854 0.532639 0.049479 0.054167
3 0.298047 0.562731 0.05651 0.056944
3 0.548438 0.359954 0.045833 0.071759
3 0.379297 0.505556 0.054427 0.087963
3 0.164062 0.546759 0.0625 0.072222
3 0.775521 0.683333 0.159896 0.212963
3 0.863802 0.72963 0.080729 0.143519
3 0.850651 0.793519 0.080469 0.137037
3 0.902995 0.858102 0.100781 0.149537
3 0.41888 0.437269 0.045052 0.077315
3 0.443359 0.483796 0.048698 0.087963
3 0.342318 0.39838 0.047135 0.064352
3 0.453516 0.967593 0.095573 0.065741
3 0.46875 0.885185 0.059375 0.087037