3 0.717969 0.953009 0.123958 0.094907
3 0.678646 0.859491 0.065625 0.13287
3 0.096354 0.526852 0.065104 0.080556
3 0.277344 0.385185 0.04375 0.067593
3 0.236719 0.583565 0.042708 0.049537
3 0.222526 0.540046 0.045052 0.060648
3 0.314453 0.52338 0.042969 0.080093
3 0.346354 0.474074 0.047917 0.073148
3 0.373177 0.519444 0.048438 0.062963
3 0.40638 0.408102 0.041406 0.060648
3 0.384115 0.372454 0.040625 0.056019
3 0.469922 0.416667 0.047135 0.073148
3 0.621875 0.80162 0.100521 0.205093
3 0.883724 0.855556 0.077344 0.125
3 0.944401 0.705093 0.060677 0.106481
3 0.959245 0.620833 0.079948 0.135185
3 0.842578 0.478704 0.052865 0.085185
3 0.861589 0.561806 0.057552 0.069907
3 0.872786 0.597222 0.052865 0.062963
3 0.40638 0.220139 0.045052 0.049537
3 0.36901 0.250926 0.040104 0.047222
3 0.675651 0.334722 0.036719 0.044444