3 0.929557 0.474074 0.072135 0.066667
3 0.589323 0.228472 0.030208 0.041204
3 0.632161 0.22963 0.038802 0.034259
3 0.492188 0.238426 0.054167 0.076852
3 0.079427 0.462963 0.073438 0.111111
3 0.121875 0.361574 0.036458 0.055556
3 0.174219 0.333796 0.064062 0.075
3 0.382552 0.317593 0.08125 0.091667
3 0.435937 0.605787 0.108333 0.161574
3 0.761719 0.66713 0.185938 0.291667
3 0.591406 0.169907 0.090625 0.09537
3 0.619401 0.093981 0.066927 0.085185
3 0.191536 0.186343 0.049219 0.068981
3 0.541146 0.272685 0.055729 0.098148