3 0.945312 0.306944 0.039062 0.060185
3 0.336979 0.638889 0.039583 0.060185
3 0.364974 0.651389 0.040365 0.062963
3 0.271224 0.51875 0.04401 0.06713
3 0.421224 0.529398 0.042448 0.068056
3 0.633073 0.731019 0.051042 0.080556
3 0.679427 0.521296 0.067187 0.10463
3 0.771484 0.784954 0.070052 0.123611
3 0.805208 0.635185 0.056771 0.090741
3 0.85013 0.775 0.060156 0.09537
3 0.977995 0.597917 0.04401 0.079167
3 0.984766 0.566667 0.030469 0.056481
3 0.974089 0.521296 0.051823 0.062037
3 0.765495 0.361343 0.039844 0.049537
3 0.372396 0.34375 0.024479 0.058796
3 0.774089 0.429167 0.047656 0.057407
3 0.502344 0.593519 0.039062 0.068519
3 0.321224 0.294444 0.027865 0.039815
3 0.289323 0.336806 0.039583 0.04213