3 0.254818 0.156713 0.047656 0.058796
3 0.190625 0.3125 0.026562 0.038889
3 0.604167 0.194213 0.032813 0.041204
3 0.650911 0.192593 0.039844 0.051852
3 0.527344 0.208102 0.049479 0.073611
3 0.569922 0.23287 0.054948 0.076852
3 0.14987 0.381019 0.060156 0.088889
3 0.239583 0.284028 0.055208 0.073611
3 0.745703 0.572222 0.172656 0.249074
3 0.908073 0.423148 0.067708 0.062037
3 0.464323 0.515278 0.097917 0.153704
3 0.621875 0.146759 0.080729 0.092593
3 0.649219 0.074537 0.068229 0.072222
3 0.423958 0.273148 0.069792 0.072222