3 0.297005 0.500463 0.052865 0.048148
3 0.952344 0.922917 0.095312 0.155093
3 0.916406 0.871759 0.117708 0.143519
3 0.932682 0.759954 0.105469 0.172685
3 0.838281 0.718056 0.180729 0.262037
3 0.466797 0.453935 0.05651 0.080093
3 0.438932 0.403472 0.048698 0.093056
3 0.395703 0.471296 0.05651 0.091667
3 0.309375 0.530093 0.055208 0.064815
3 0.174089 0.505787 0.065365 0.06713
3 0.835807 0.202315 0.052344 0.051852
3 0.573568 0.334722 0.063802 0.094444
3 0.507682 0.3375 0.06224 0.074074
3 0.474479 0.309722 0.045312 0.062037
3 0.460938 0.213426 0.033854 0.04537
3 0.553776 0.211574 0.028385 0.059259
3 0.360807 0.358333 0.05599 0.080556