3 0.236849 0.28588 0.054427 0.074537
3 0.190495 0.446065 0.05599 0.043981
3 0.179297 0.426852 0.049219 0.046296
3 0.169792 0.40162 0.042188 0.040278
3 0.042448 0.432639 0.077604 0.066204
3 0.280469 0.397222 0.058854 0.087963
3 0.317578 0.32037 0.047135 0.073148
3 0.640495 0.556713 0.129427 0.19213
3 0.725 0.703704 0.080729 0.117593
3 0.715625 0.583102 0.079167 0.126389
3 0.688802 0.772222 0.079167 0.110185
3 0.748568 0.951852 0.08724 0.097222
3 0.957422 0.553472 0.085156 0.126389
3 0.878255 0.233796 0.057552 0.071296
3 0.871354 0.162269 0.046354 0.064352
3 0.9125 0.297685 0.071875 0.082407
0 0.871354 0.466898 0.119271 0.080093