3 0.302995 0.508102 0.052344 0.060648
3 0.552995 0.236806 0.028385 0.064352
3 0.463542 0.23588 0.0375 0.040278
3 0.477474 0.33287 0.040365 0.052778
3 0.507943 0.355556 0.05026 0.055556
3 0.576432 0.344444 0.053906 0.052778
3 0.823047 0.715278 0.173698 0.236111
3 0.919271 0.757407 0.116146 0.162963
3 0.904687 0.851157 0.101562 0.135648
3 0.947266 0.895602 0.105469 0.204167
3 0.397526 0.49213 0.05599 0.078704
3 0.442057 0.418519 0.045052 0.081481
3 0.467969 0.461806 0.053125 0.08287
3 0.319401 0.542361 0.058073 0.047685
3 0.186849 0.515278 0.063281 0.065741
3 0.363542 0.380324 0.048958 0.071759