3 0.54987 0.511806 0.064323 0.100463
3 0.17526 0.373843 0.051562 0.077315
3 0.43737 0.96875 0.083594 0.063426
3 0.627344 0.82963 0.130729 0.175926
3 0.676042 0.147454 0.042188 0.047685
3 0.683203 0.19838 0.04349 0.061574
3 0.710156 0.259028 0.059375 0.074537
3 0.969792 0.32338 0.060417 0.069907
3 0.873568 0.228704 0.05651 0.065741
3 0.886589 0.319213 0.071094 0.083796
3 0.79987 0.25 0.070573 0.07963
3 0.799479 0.323611 0.071354 0.072222
3 0.82487 0.515278 0.06849 0.094444
3 0.756901 0.442361 0.083594 0.100463
3 0.526823 0.658102 0.073438 0.103241
3 0.569531 0.607639 0.057292 0.103241
3 0.493359 0.505556 0.120052 0.162963
3 0.139063 0.450694 0.058854 0.076389
3 0.024219 0.475231 0.040104 0.053241
3 0.029687 0.5 0.053646 0.055556
3 0.036198 0.526157 0.066667 0.06713
3 0.475911 0.883333 0.096615 0.117593
3 0.548177 0.86713 0.077083 0.141667