3 0.548698 0.266898 0.031771 0.040278
3 0.105729 0.313426 0.045312 0.038889
3 0.732812 0.468981 0.038542 0.058333
3 0.508854 0.573148 0.054167 0.090741
3 0.409375 0.540046 0.040625 0.074537
3 0.44375 0.575 0.046354 0.077778
3 0.409635 0.738889 0.050521 0.096296
3 0.375781 0.663889 0.045833 0.083333
3 0.342839 0.746065 0.052344 0.089352
3 0.073177 0.755556 0.072917 0.106481
3 0.281901 0.549306 0.041406 0.074537
3 0.420182 0.345602 0.039323 0.050463
3 0.386719 0.381713 0.035417 0.056019
3 0.546354 0.338889 0.034896 0.048148
3 0.481901 0.310648 0.036198 0.049074