3 0.877995 0.325 0.042448 0.07037
3 0.101953 0.558565 0.060156 0.080093
3 0.166927 0.521065 0.047917 0.0875
3 0.016927 0.606944 0.029687 0.052778
3 0.027734 0.63912 0.054948 0.070833
3 0.43776 0.535417 0.101562 0.118981
3 0.441016 0.924074 0.111198 0.152778
3 0.825911 0.741898 0.07474 0.097685
3 0.851432 0.678704 0.06901 0.075
3 0.863281 0.617361 0.082812 0.102315
3 0.883724 0.403704 0.061198 0.082407
3 0.918229 0.362963 0.045833 0.058333
3 0.546354 0.953241 0.083333 0.094444
3 0.61901 0.45463 0.057292 0.071296
3 0.6375 0.356481 0.047917 0.055556
3 0.695312 0.350694 0.044271 0.064352
3 0.682552 0.269907 0.040625 0.052778
3 0.633594 0.296991 0.051562 0.070833
3 0.492318 0.598611 0.05651 0.072222
3 0.126562 0.488194 0.045833 0.063426
3 0.57474 0.331481 0.038542 0.036111