3 0.324089 0.228472 0.023177 0.04213
3 0.961589 0.21088 0.076823 0.104167
3 0.496224 0.188657 0.035677 0.055093
3 0.067057 0.756019 0.060156 0.087963
3 0.570703 0.303009 0.053906 0.056944
3 0.661068 0.466204 0.070573 0.094444
3 0.694531 0.390741 0.06875 0.07963
3 0.493099 0.765278 0.065365 0.134259
3 0.489714 0.505787 0.05599 0.080093
3 0.348047 0.431944 0.054427 0.069444
3 0.275391 0.504398 0.061719 0.080093
3 0.685026 0.914352 0.125781 0.172222
3 0.59974 0.545602 0.058333 0.077315
3 0.570182 0.478241 0.055469 0.081481
3 0.640885 0.519444 0.036979 0.039815
3 0.670312 0.542361 0.034896 0.044907
3 0.826693 0.89213 0.052344 0.051852