3 0.728776 0.1 0.03099 0.051852
3 0.739323 0.254398 0.049479 0.056944
3 0.720182 0.312269 0.039844 0.043981
3 0.726432 0.734722 0.09349 0.140741
3 0.069271 0.399074 0.053646 0.066667
3 0.179818 0.411111 0.040885 0.055556
3 0.216667 0.378935 0.035417 0.058796
3 0.113932 0.716435 0.082031 0.114352
0 0.351562 0.640741 0.122396 0.091667
3 0.424479 0.415509 0.053125 0.081944
3 0.549219 0.366435 0.043229 0.051389
3 0.902214 0.445833 0.09349 0.112037
3 0.806641 0.40463 0.08776 0.108333
3 0.958203 0.283333 0.063802 0.063889
3 0.794922 0.542593 0.089844 0.097222
3 0.97513 0.515509 0.04974 0.118056
3 0.972396 0.649769 0.055208 0.114352
3 0.960677 0.790046 0.078646 0.181019
3 0.924479 0.908565 0.151042 0.176389
3 0.585938 0.604861 0.082812 0.085648
3 0.505208 0.820139 0.082812 0.138426
3 0.383073 0.463889 0.042708 0.062963
3 0.36849 0.727778 0.102604 0.122222
3 0.428385 0.777546 0.084896 0.113426
3 0.565755 0.869444 0.079427 0.115741
3 0.620573 0.916667 0.092708 0.12963
3 0.68112 0.82338 0.103385 0.139352
3 0.737891 0.154861 0.04401 0.043981
3 0.645443 0.140972 0.036198 0.043981
3 0.607552 0.163657 0.035417 0.043981
3 0.572917 0.446759 0.049479 0.049074
3 0.450391 0.286343 0.04401 0.060648