3 0.50612 0.437963 0.066927 0.081481
3 0.550651 0.332176 0.047135 0.073611
3 0.9 0.891667 0.088021 0.128704
3 0.910547 0.792824 0.097135 0.174537
3 0.810026 0.744444 0.160677 0.271296
3 0.411328 0.394676 0.048698 0.080093
3 0.437891 0.45162 0.052344 0.06713
3 0.366276 0.472917 0.052865 0.073611
3 0.137891 0.502546 0.06849 0.073611
3 0.278385 0.53125 0.054688 0.054167
3 0.942187 0.935185 0.115625 0.130556
3 0.477995 0.344213 0.052344 0.075463
3 0.448307 0.312269 0.042448 0.068981
3 0.332031 0.351389 0.046875 0.069444
3 0.435156 0.208333 0.033333 0.04537
3 0.530729 0.212037 0.031771 0.062963
3 0.261589 0.504167 0.051823 0.052778
3 0.805469 0.218519 0.044792 0.042593
3 0.170964 0.66088 0.071615 0.09213