3 0.231771 0.35787 0.039583 0.056481
3 0.359896 0.224769 0.0375 0.040278
3 0.359115 0.505093 0.051562 0.068519
3 0.416797 0.572685 0.050781 0.075
3 0.339453 0.724306 0.048698 0.083796
3 0.438542 0.091898 0.034896 0.044907
3 0.92513 0.291204 0.098698 0.09537
3 0.564844 0.675231 0.047917 0.086574
3 0.772917 0.937731 0.084896 0.125463
3 0.658594 0.125463 0.052083 0.058333
3 0.090755 0.613889 0.030469 0.062037
3 0.03112 0.537963 0.049219 0.062037
3 0.261589 0.391435 0.039844 0.081019
3 0.384115 0.359722 0.034896 0.072222
3 0.332161 0.552083 0.05026 0.072685
3 0.657943 0.763889 0.03776 0.059259
2 0.447396 0.208102 0.061458 0.098611