3 0.638672 0.259722 0.042969 0.078704
3 0.208594 0.214583 0.044271 0.060648
3 0.541667 0.677315 0.055208 0.07963
3 0.486198 0.955093 0.099479 0.090741
3 0.371354 0.823843 0.066146 0.158796
3 0.051823 0.527083 0.045833 0.060648
3 0.067057 0.549537 0.047135 0.069444
3 0.08125 0.57338 0.055208 0.073611
3 0.665755 0.312037 0.050781 0.069444
3 0.741406 0.366204 0.053646 0.072222
3 0.746094 0.310185 0.055729 0.068519
3 0.810026 0.371296 0.063281 0.077778
3 0.985807 0.723148 0.028385 0.084259
3 0.986849 0.816204 0.026302 0.091667
3 0.9625 0.894907 0.075 0.148148
3 0.62526 0.806481 0.110417 0.137037
3 0.766406 0.55 0.058854 0.078704
3 0.710417 0.483796 0.064583 0.085185
3 0.570052 0.634028 0.047917 0.086574
3 0.502474 0.537963 0.101823 0.15463
3 0.30599 0.335185 0.044271 0.062037
3 0.083724 0.393981 0.05026 0.075926
3 0.186849 0.425 0.041406 0.065741
3 0.220703 0.461574 0.052344 0.085185
3 0.160026 0.499074 0.054427 0.075