3 0.75013 0.551389 0.050781 0.075926
3 0.248568 0.370602 0.039844 0.05787
3 0.4875 0.225463 0.03125 0.038889
3 0.304557 0.345602 0.038281 0.056944
3 0.086979 0.414583 0.046354 0.073611
3 0.058333 0.54838 0.044271 0.06713
3 0.072786 0.566204 0.047135 0.059259
3 0.085938 0.586806 0.045833 0.056944
3 0.654948 0.322222 0.055208 0.072222
3 0.97487 0.727083 0.05026 0.102315
3 0.972656 0.812269 0.054688 0.1125
3 0.948698 0.879398 0.090625 0.138426
3 0.729036 0.323611 0.06224 0.07963
3 0.795052 0.381713 0.055208 0.064352
3 0.735156 0.38287 0.057292 0.075
3 0.70651 0.487037 0.060937 0.078704
3 0.566016 0.641898 0.047135 0.073611
3 0.495964 0.951157 0.10026 0.098611
3 0.624479 0.798843 0.091667 0.14213
3 0.498698 0.552083 0.103125 0.152315
3 0.189453 0.443056 0.046615 0.071296
3 0.163672 0.515972 0.052865 0.072685
3 0.228255 0.481713 0.05599 0.081019