3 0.611068 0.975 0.061719 0.050926
3 0.163411 0.545139 0.03776 0.063426
3 0.501823 0.261574 0.034896 0.049074
3 0.556901 0.054398 0.028906 0.040278
3 0.796224 0.025463 0.042969 0.049074
3 0.728646 0.260185 0.053125 0.049074
3 0.630208 0.171759 0.064062 0.088889
3 0.589583 0.173843 0.040625 0.054167
3 0.429818 0.159722 0.033594 0.049074
3 0.644401 0.422222 0.047135 0.078704
3 0.363281 0.14537 0.038542 0.051852
3 0.538021 0.322222 0.058333 0.064815
3 0.877214 0.153241 0.052344 0.077778
0 0.945833 0.422917 0.108333 0.116204
2 0.878255 0.37338 0.125781 0.168981
3 0.53763 0.971296 0.060156 0.058333
3 0.763542 0.928472 0.09375 0.119907
3 0.803776 0.818056 0.072656 0.118519
3 0.754427 0.508102 0.064062 0.090278
3 0.628125 0.734722 0.073958 0.12037
3 0.688021 0.721991 0.073438 0.119907
3 0.344922 0.513889 0.050781 0.068519
3 0.304167 0.35 0.052083 0.071296