3 0.469792 0.42338 0.026042 0.055093
3 0.37526 0.445139 0.042708 0.055093
3 0.414193 0.352546 0.028385 0.039352
3 0.384115 0.396528 0.0375 0.054167
3 0.372786 0.611343 0.048698 0.05787
3 0.939323 0.971528 0.084375 0.05787
3 0.815104 0.67338 0.080729 0.11713
3 0.964583 0.853009 0.070833 0.110648
3 0.944271 0.47338 0.051562 0.064352
3 0.89401 0.484722 0.043229 0.051852
3 0.082031 0.547685 0.049479 0.066667
3 0.311068 0.536343 0.040365 0.074537
3 0.497786 0.54375 0.040885 0.071759
3 0.528906 0.653935 0.045312 0.075463
3 0.491016 0.698843 0.046094 0.071759
3 0.469141 0.777546 0.046094 0.065278
3 0.440495 0.764815 0.052344 0.077778
3 0.619661 0.72963 0.04401 0.090741
3 0.780729 0.936111 0.061458 0.115741
3 0.916536 0.581713 0.052865 0.068056