0 0.396615 0.440972 0.056771 0.053241
3 0.644661 0.26088 0.029948 0.053241
3 0.748828 0.262037 0.030469 0.046296
3 0.028125 0.660648 0.055208 0.098148
3 0.30026 0.551389 0.09375 0.114815
3 0.35651 0.584954 0.036458 0.060648
3 0.414974 0.657407 0.070573 0.112037
3 0.357552 0.822685 0.060417 0.107407
3 0.680339 0.954398 0.113281 0.09213
3 0.713802 0.725 0.086979 0.144444
3 0.819792 0.821296 0.092708 0.163889
3 0.932422 0.922222 0.133594 0.156481
3 0.885938 0.53287 0.0625 0.085185
3 0.941016 0.561111 0.085677 0.111111
3 0.848437 0.55463 0.051562 0.069444
3 0.61875 0.571528 0.055208 0.059722
3 0.646615 0.481713 0.057292 0.073611
3 0.744271 0.540046 0.047917 0.073611
3 0.651693 0.327315 0.047135 0.062037
3 0.447656 0.433333 0.044271 0.051852
3 0.511849 0.338426 0.045052 0.052778
3 0.454948 0.309491 0.038542 0.051389
3 0.465755 0.352083 0.034115 0.054167