3 0.019271 0.488426 0.0375 0.038889
3 0.028516 0.509259 0.044531 0.042593
3 0.549349 0.594676 0.054427 0.08287
3 0.516927 0.655324 0.069792 0.08287
3 0.917057 0.453935 0.052344 0.090278
3 0.538802 0.825231 0.075521 0.119907
3 0.484635 0.853704 0.079167 0.117593
3 0.484635 0.50625 0.1125 0.158796
3 0.195964 0.428704 0.045052 0.078704
3 0.129557 0.45787 0.05599 0.075
3 0.058333 0.369444 0.05 0.068519
3 0.807422 0.33912 0.061198 0.069907
3 0.735156 0.33912 0.05 0.06713
3 0.73763 0.273843 0.058073 0.063426
3 0.70651 0.446296 0.060937 0.075
3 0.611458 0.772222 0.103125 0.143519
3 0.460026 0.946759 0.115365 0.107407
3 0.963281 0.868519 0.073438 0.15
0 0.637109 0.410185 0.080469 0.064815
3 0.63724 0.223611 0.038542 0.058333
3 0.633464 0.176389 0.034115 0.046296
3 0.041276 0.540509 0.052344 0.074537
3 0.16263 0.391435 0.039323 0.070833
3 0.533854 0.515741 0.055208 0.108333