3 0.369141 0.67338 0.040365 0.054167
3 0.509245 0.30463 0.027865 0.043519
3 0.556901 0.388657 0.022656 0.061574
3 0.866667 0.740972 0.090625 0.145833
3 0.470443 0.872454 0.040365 0.068981
3 0.602995 0.631944 0.046094 0.074074
3 0.476953 0.33912 0.034635 0.05787
3 0.432292 0.460185 0.034896 0.060185
3 0.399219 0.459491 0.035417 0.056944
3 0.036719 0.728472 0.063542 0.078241
3 0.026042 0.571065 0.035417 0.043056
3 0.065365 0.581713 0.047396 0.068981
3 0.221875 0.348148 0.033333 0.042593
3 0.203516 0.414352 0.040365 0.041667
3 0.394401 0.753472 0.046615 0.072685
3 0.517188 0.714583 0.048958 0.065278
3 0.458464 0.552083 0.036198 0.060648
3 0.683594 0.734722 0.053125 0.073148
3 0.976953 0.568981 0.046094 0.059259
3 0.821094 0.961343 0.054688 0.078241
3 0.852604 0.43287 0.043229 0.057407
3 0.577734 0.521065 0.044531 0.059722