1 0.377986 0.379167 0.066553 0.0875
1 0.368601 0.448958 0.064846 0.085417
1 0.290956 0.522917 0.056314 0.041667
1 0.360922 0.54375 0.076792 0.058333
1 0.469283 0.442708 0.088737 0.10625
1 0.493174 0.558333 0.09215 0.104167
1 0.447952 0.584375 0.083618 0.077083
1 0.532423 0.684375 0.09215 0.114583
1 0.5 0.805208 0.068259 0.089583
1 0.55802 0.235417 0.068259 0.075
1 0.37628 0.720833 0.117747 0.154167
1 0.170648 0.70625 0.088737 0.1125
1 0.038396 0.733333 0.059727 0.079167
1 0.030717 0.615625 0.05802 0.064583
1 0.022184 0.316667 0.040956 0.116667