3 0.526432 0.250463 0.047656 0.048148
3 0.019531 0.748843 0.035417 0.094907
3 0.080208 0.675926 0.057292 0.096296
3 0.04375 0.625463 0.08125 0.119444
3 0.129036 0.51088 0.047656 0.078241
3 0.212891 0.383565 0.042448 0.050463
3 0.229297 0.475231 0.047135 0.066204
3 0.170573 0.647222 0.052083 0.082407
3 0.35 0.572685 0.048438 0.077778
3 0.498047 0.44838 0.052865 0.069907
3 0.866406 0.597454 0.072396 0.065278
3 0.973177 0.635185 0.053646 0.125
3 0.949349 0.51875 0.08724 0.093981
3 0.883854 0.470602 0.072396 0.070833
3 0.966146 0.417361 0.067708 0.079167
3 0.729036 0.440278 0.058073 0.076852