3 0.728646 0.27338 0.054688 0.055093
3 0.232552 0.594444 0.079167 0.100926
3 0.302865 0.480324 0.048438 0.069907
3 0.408984 0.472917 0.052865 0.075463
3 0.384115 0.411574 0.048438 0.07037
3 0.378646 0.352083 0.045312 0.060648
3 0.351823 0.685185 0.058854 0.135185
3 0.75638 0.843519 0.090885 0.139815
3 0.58125 0.7625 0.04375 0.076852
3 0.544531 0.619676 0.056771 0.080093
3 0.709896 0.50787 0.0625 0.087963
3 0.952865 0.529167 0.042708 0.062037
3 0.200911 0.510185 0.052344 0.07037
3 0.097005 0.446065 0.054948 0.074537