1 0.190273 0.470833 0.073379 0.104167
1 0.196246 0.621875 0.071672 0.102083
1 0.782423 0.7125 0.066553 0.104167
1 0.542662 0.864583 0.040956 0.079167
1 0.325939 0.141667 0.061433 0.075
1 0.485495 0.122917 0.080205 0.1
1 0.070819 0.166667 0.073379 0.0875
1 0.153584 0.242708 0.051195 0.060417
1 0.200512 0.233333 0.052901 0.070833
1 0.15785 0.379167 0.059727 0.0625
1 0.419795 0.478125 0.071672 0.085417
1 0.443686 0.396875 0.051195 0.089583
1 0.49744 0.333333 0.056314 0.0875
1 0.542662 0.24375 0.09215 0.104167
1 0.31058 0.55 0.064846 0.0875
1 0.21843 0.833333 0.078498 0.1
1 0.186007 0.729167 0.071672 0.1125
1 0.755973 0.334375 0.044369 0.06875
1 0.595563 0.153125 0.047782 0.072917
1 0.537543 0.016667 0.054608 0.029167
1 0.453072 0.01875 0.06314 0.033333
1 0.393345 0.015625 0.042662 0.027083