3 0.60026 0.498148 0.044271 0.063889
3 0.94349 0.470833 0.075521 0.096296
3 0.950911 0.798843 0.098177 0.10787
3 0.895182 0.703009 0.09349 0.122685
3 0.732161 0.377315 0.049219 0.086111
3 0.739714 0.448148 0.066406 0.086111
3 0.695703 0.374306 0.052344 0.089352
3 0.344531 0.630093 0.059375 0.096296
3 0.403516 0.652546 0.052344 0.088426
3 0.455729 0.579167 0.0625 0.090741
3 0.557943 0.563657 0.055469 0.075463
3 0.498568 0.476852 0.05026 0.058333
3 0.425521 0.675926 0.048438 0.066667
0 0.503385 0.83125 0.075521 0.136574
3 0.56901 0.819213 0.070833 0.103241
3 0.508333 0.641435 0.053125 0.073611
3 0.811198 0.308102 0.046354 0.0625