3 0.377734 0.503241 0.041927 0.048148
3 0.418099 0.612963 0.035156 0.050926
3 0.658854 0.247917 0.031771 0.043981
3 0.827995 0.240741 0.045573 0.053704
3 0.683203 0.40463 0.046615 0.07037
3 0.420964 0.744213 0.04974 0.069907
3 0.520573 0.616204 0.035937 0.062037
3 0.468099 0.659259 0.044531 0.072222
3 0.506771 0.487963 0.035417 0.057407
3 0.615755 0.455324 0.038281 0.069907
3 0.874089 0.694907 0.076302 0.1
3 0.789583 0.82037 0.061979 0.124074
3 0.735156 0.848611 0.067708 0.113889
3 0.473438 0.431713 0.029167 0.045833