1 0.051195 0.170833 0.061433 0.0625
1 0.051195 0.117708 0.05802 0.060417
1 0.159556 0.088542 0.046075 0.052083
1 0.102389 0.96875 0.068259 0.058333
1 0.091297 0.89375 0.066553 0.0875
1 0.069966 0.757292 0.075085 0.089583
1 0.040102 0.665625 0.056314 0.077083
1 0.643345 0.721875 0.061433 0.077083
1 0.370307 0.848958 0.047782 0.06875
1 0.348976 0.80625 0.059727 0.075
1 0.442833 0.663542 0.073379 0.085417
1 0.457338 0.475 0.064846 0.0875
1 0.348123 0.742708 0.078498 0.089583
1 0.377133 0.610417 0.061433 0.108333
1 0.253413 0.428125 0.056314 0.08125
1 0.210751 0.41875 0.052901 0.041667
1 0.263652 0.498958 0.073379 0.077083
1 0.323379 0.514583 0.076792 0.075
1 0.375427 0.453125 0.071672 0.085417
1 0.290102 0.410417 0.051195 0.066667
1 0.705631 0.634375 0.066553 0.08125
1 0.651024 0.573958 0.056314 0.072917
1 0.656997 0.390625 0.061433 0.097917
1 0.62884 0.328125 0.046075 0.072917
1 0.978669 0.626042 0.046075 0.072917
1 0.927474 0.580208 0.06314 0.08125
1 0.926621 0.432292 0.061433 0.085417
1 0.792662 0.223958 0.046075 0.08125
1 0.860922 0.436458 0.052901 0.085417
1 0.446246 0.160417 0.059727 0.070833
1 0.401024 0.308333 0.054608 0.0875
1 0.328498 0.052083 0.049488 0.041667
1 0.367747 0.111458 0.035836 0.089583
1 0.37884 0.195833 0.044369 0.083333
1 0.761092 0.547917 0.061433 0.095833