1 0.762799 0.144792 0.105802 0.110417
1 0.951365 0.207292 0.09727 0.13125
1 0.976109 0.565625 0.051195 0.14375
1 0.971843 0.784375 0.059727 0.152083
1 0.889932 0.7625 0.117747 0.170833
1 0.762799 0.719792 0.003413 0.002083
1 0.74744 0.857292 0.09215 0.10625
1 0.667235 0.758333 0.102389 0.158333
1 0.620307 0.4375 0.073379 0.120833
1 0.567406 0.519792 0.066553 0.114583
1 0.532423 0.611458 0.075085 0.122917
1 0.494027 0.25 0.076792 0.095833
1 0.422355 0.23125 0.052901 0.083333
1 0.300341 0.585417 0.078498 0.108333
1 0.287543 0.488542 0.06314 0.077083
1 0.773038 0.259375 0.129693 0.164583