1 0.193056 0.439506 0.169444 0.232099
1 0.560417 0.045679 0.070833 0.08642
0 0.457639 0.095062 0.109722 0.096296
0 0.34375 0.196296 0.145833 0.224691
0 0.3625 0.265432 0.144444 0.209877
0 0.572222 0.191358 0.133333 0.17037
0 0.590278 0.106173 0.066667 0.123457
0 0.520139 0.249383 0.154167 0.093827
0 0.514583 0.312346 0.168056 0.180247
1 0.440972 0.439506 0.168056 0.222222
1 0.751389 0.288889 0.183333 0.25679
1 0.848611 0.4 0.138889 0.212346
1 0.797917 0.534568 0.184722 0.288889
0 0.702083 0.085185 0.115278 0.120988
3 0.872222 0.135802 0.113889 0.103704
0 0.797917 0.1 0.140278 0.195062
3 0.946528 0.066667 0.109722 0.128395
1 0.974306 0.169136 0.054167 0.190123
0 0.95625 0.449383 0.090278 0.217284
0 0.322222 0.571605 0.269444 0.204938
0 0.365278 0.725926 0.333333 0.222222
0 0.152083 0.558025 0.115278 0.192593
0 0.093056 0.622222 0.097222 0.271605
0 0.033333 0.676543 0.063889 0.222222
0 0.032639 0.859259 0.0625 0.182716
0 0.0625 0.954321 0.122222 0.096296
0 0.458333 0.951852 0.122222 0.101235