1 0.269886 0.206597 0.076705 0.107639
1 0.198153 0.206597 0.066761 0.076389
1 0.203835 0.057292 0.055398 0.100694
1 0.025568 0.105035 0.048295 0.046875
1 0.103693 0.130208 0.056818 0.0625
1 0.099432 0.213542 0.059659 0.072917
1 0.180398 0.292535 0.056818 0.092014
1 0.182528 0.383681 0.069602 0.079861
1 0.106534 0.315972 0.056818 0.086806
1 0.047585 0.372396 0.069602 0.102431
1 0.106534 0.447049 0.053977 0.081597
1 0.59375 0.025174 0.082386 0.046875
1 0.622869 0.088542 0.069602 0.090278
1 0.808239 0.497396 0.073864 0.095486
1 0.892045 0.399306 0.099432 0.131944
2 0.287642 0.732639 0.09517 0.15625