1 0.254861 0.1 0.1375 0.195062
0 0.4375 0.095062 0.319444 0.185185
0 0.318056 0.239506 0.236111 0.158025
0 0.120833 0.074074 0.2 0.14321
0 0.121528 0.253086 0.151389 0.328395
0 0.036111 0.228395 0.069444 0.244444
1 0.504861 0.260494 0.181944 0.264198
1 0.734028 0.145679 0.176389 0.25679
0 0.925 0.060494 0.152778 0.116049
0 0.898611 0.220988 0.205556 0.244444
3 0.95 0.349383 0.102778 0.279012
1 0.509722 0.749383 0.308333 0.496296
0 0.807639 0.67037 0.243056 0.654321
0 0.676389 0.277778 0.177778 0.195062
0 0.577778 0.507407 0.280556 0.37284
0 0.297917 0.450617 0.168056 0.269136
0 0.315972 0.814815 0.131944 0.375309