0 0.327083 0.524691 0.079167 0.234568
0 0.695833 0.844444 0.230556 0.316049
0 0.811111 0.825926 0.25 0.353086
0 0.858333 0.607407 0.286111 0.237037
0 0.495833 0.438272 0.141667 0.224691
0 0.565278 0.428395 0.108333 0.125926
0 0.634028 0.581481 0.168056 0.318519
0 0.930556 0.412346 0.141667 0.251852
0 0.771528 0.485185 0.179167 0.274074
0 0.420139 0.525926 0.198611 0.276543
0 0.595139 0.354321 0.131944 0.190123
0 0.448611 0.193827 0.113889 0.116049
0 0.472222 0.276543 0.169444 0.202469
0 0.597222 0.201235 0.127778 0.101235
0 0.792361 0.246914 0.243056 0.138272
0 0.748611 0.176543 0.205556 0.116049
1 0.626389 0.107407 0.088889 0.140741
0 0.73125 0.058025 0.123611 0.111111
1 0.835417 0.087654 0.1125 0.160494