1 0.776278 0.890625 0.106534 0.145833
1 0.786222 0.530382 0.058239 0.102431
1 0.659091 0.865451 0.107955 0.164931
1 0.727983 0.774306 0.083807 0.069444
1 0.546165 0.794271 0.109375 0.105903
1 0.602983 0.645833 0.09233 0.173611
1 0.59446 0.414062 0.069602 0.112847
1 0.643466 0.514757 0.073864 0.123264
1 0.420455 0.755208 0.150568 0.111111
1 0.310369 0.611979 0.089489 0.178819
1 0.306108 0.380208 0.046875 0.076389
1 0.426136 0.243924 0.082386 0.095486
1 0.31392 0.131076 0.073864 0.102431
1 0.100852 0.322917 0.073864 0.104167
1 0.056818 0.230035 0.0625 0.095486
1 0.086648 0.164931 0.082386 0.107639
1 0.162642 0.050347 0.06108 0.055556
1 0.237926 0.111111 0.044034 0.079861
1 0.262074 0.188368 0.06392 0.102431