0 0.855556 0.035802 0.15 0.066667
1 0.036111 0.162963 0.066667 0.108642
0 0.0875 0.085185 0.080556 0.145679
1 0.15 0.076543 0.105556 0.128395
1 0.083333 0.223457 0.122222 0.135802
3 0.180556 0.132099 0.102778 0.08642
3 0.152778 0.344444 0.136111 0.190123
0 0.043056 0.428395 0.077778 0.269136
1 0.275 0.080247 0.094444 0.155556
3 0.360417 0.085185 0.101389 0.106173
1 0.438889 0.120988 0.122222 0.207407
1 0.697917 0.125926 0.181944 0.241975
1 0.501389 0.254321 0.15 0.212346
0 0.569444 0.123457 0.138889 0.22716
0 0.619444 0.34321 0.225 0.25679
3 0.584028 0.459259 0.195833 0.301235
3 0.629861 0.798765 0.281944 0.407407
0 0.844444 0.422222 0.175 0.518519
0 0.821528 0.78642 0.218056 0.407407
1 0.917361 0.366667 0.168056 0.397531
1 0.765278 0.904938 0.322222 0.195062