1 0.075939 0.378125 0.02901 0.047917
1 0.21587 0.183333 0.069966 0.0625
1 0.482082 0.073958 0.049488 0.052083
1 0.415529 0.125 0.049488 0.075
1 0.363481 0.147917 0.047782 0.054167
1 0.330205 0.09375 0.049488 0.054167
1 0.301195 0.125 0.042662 0.05
1 0.3157 0.197917 0.054608 0.058333
1 0.27901 0.254167 0.052901 0.070833
1 0.295222 0.386458 0.040956 0.060417
1 0.263652 0.375 0.049488 0.058333
1 0.27901 0.470833 0.059727 0.054167
1 0.278157 0.530208 0.051195 0.052083
1 0.406143 0.394792 0.051195 0.04375
1 0.365188 0.389583 0.047782 0.05
1 0.449659 0.45625 0.066553 0.05
1 0.40529 0.525 0.035836 0.0625
1 0.53157 0.329167 0.046075 0.05
1 0.576792 0.461458 0.047782 0.072917
1 0.693686 0.15625 0.052901 0.075
1 0.133959 0.739583 0.052901 0.0375
1 0.214164 0.747917 0.046075 0.041667
1 0.176621 0.725 0.046075 0.054167
1 0.098976 0.783333 0.044369 0.045833
1 0.036689 0.825 0.049488 0.070833
1 0.082765 0.291667 0.052901 0.0875
1 0.177474 0.310417 0.054608 0.066667
1 0.071672 0.217708 0.061433 0.072917
1 0.046928 0.170833 0.046075 0.079167