1 0.673208 0.81875 0.049488 0.0625
1 0.722696 0.809375 0.056314 0.064583
1 0.926621 0.611458 0.047782 0.072917
1 0.97099 0.433333 0.047782 0.079167
1 0.823379 0.446875 0.039249 0.04375
1 0.786689 0.491667 0.040956 0.05
1 0.75256 0.53125 0.037543 0.05
1 0.764505 0.548958 0.037543 0.047917
1 0.715017 0.565625 0.047782 0.04375
1 0.643345 0.635417 0.047782 0.05
1 0.609215 0.667708 0.040956 0.04375
1 0.581058 0.732292 0.056314 0.072917
2 0.529863 0.833333 0.056314 0.079167
2 0.595563 0.55625 0.075085 0.0875