3 0.027778 0.469136 0.052778 0.118519
3 0.464583 0.107407 0.084722 0.08642
3 0.407639 0.095062 0.068056 0.116049
3 0.1625 0.248148 0.088889 0.116049
0 0.441667 0.261728 0.116667 0.093827
3 0.538194 0.179012 0.090278 0.116049
3 0.309028 0.361728 0.101389 0.140741
3 0.101389 0.47037 0.122222 0.140741
3 0.08125 0.65679 0.131944 0.207407
3 0.158333 0.762963 0.122222 0.232099
3 0.271528 0.802469 0.154167 0.266667
3 0.413889 0.688889 0.133333 0.246914
3 0.454167 0.898765 0.144444 0.207407
3 0.55625 0.944444 0.179167 0.111111
3 0.484722 0.444444 0.136111 0.158025
3 0.625694 0.804938 0.148611 0.222222
3 0.741667 0.896296 0.172222 0.212346
0 0.51875 0.687654 0.073611 0.293827
0 0.465278 0.602469 0.097222 0.237037
1 0.620139 0.604938 0.145833 0.217284
2 0.709028 0.401235 0.179167 0.195062
2 0.959028 0.42716 0.084722 0.202469
1 0.871528 0.846914 0.243056 0.311111
3 0.865278 0.314815 0.108333 0.17037
3 0.741667 0.260494 0.122222 0.165432