1 0.289583 0.145679 0.065278 0.108642
1 0.711111 0.082716 0.116667 0.160494
1 0.45 0.037037 0.063889 0.069136
3 0.486111 0.048148 0.072222 0.091358
3 0.618056 0.102469 0.086111 0.111111
3 0.524306 0.139506 0.084722 0.101235
1 0.557639 0.032099 0.0875 0.059259
0 0.565278 0.064198 0.158333 0.103704
0 0.857639 0.171605 0.126389 0.2
0 0.960417 0.208642 0.079167 0.190123
0 0.755556 0.224691 0.161111 0.17284
0 0.702083 0.320988 0.126389 0.202469
0 0.384722 0.482716 0.283333 0.259259
1 0.427778 0.176543 0.083333 0.120988
1 0.317361 0.24321 0.098611 0.140741
1 0.147917 0.424691 0.098611 0.153086
3 0.215278 0.346914 0.075 0.150617
0 0.040278 0.346914 0.077778 0.096296
3 0.032639 0.449383 0.0625 0.133333
3 0.064583 0.550617 0.123611 0.118519
0 0.061111 0.64321 0.119444 0.135802
0 0.064583 0.707407 0.123611 0.214815
1 0.186806 0.585185 0.143056 0.222222
1 0.181944 0.81358 0.136111 0.249383
1 0.074306 0.901235 0.145833 0.202469