0 0.373611 0.332099 0.108333 0.08642
3 0.405556 0.445679 0.127778 0.140741
0 0.384028 0.587654 0.059722 0.182716
0 0.447917 0.596296 0.070833 0.254321
3 0.352083 0.662963 0.115278 0.204938
3 0.234028 0.797531 0.129167 0.246914
3 0.11875 0.801235 0.120833 0.254321
3 0.396528 0.838272 0.120833 0.224691
3 0.494444 0.881481 0.155556 0.237037
3 0.542361 0.674074 0.134722 0.197531
1 0.5375 0.523457 0.122222 0.177778
2 0.609028 0.355556 0.1625 0.158025
2 0.876389 0.288889 0.172222 0.167901
3 0.6375 0.22963 0.097222 0.128395
3 0.743056 0.228395 0.108333 0.140741
3 0.665972 0.766667 0.165278 0.264198
1 0.748611 0.64321 0.180556 0.279012
1 0.822222 0.864198 0.233333 0.276543
0 0.882639 0.725926 0.2375 0.202469
1 0.967361 0.514815 0.068056 0.254321