3 0.05625 0.069136 0.098611 0.103704
3 0.152083 0.048148 0.076389 0.091358
1 0.441667 0.071605 0.086111 0.133333
1 0.306944 0.085185 0.086111 0.135802
1 0.371528 0.17284 0.115278 0.182716
3 0.359722 0.411111 0.113889 0.155556
3 0.265278 0.548148 0.125 0.182716
1 0.163194 0.191358 0.109722 0.150617
1 0.220833 0.230864 0.083333 0.111111
3 0.289583 0.261728 0.104167 0.123457
3 0.222222 0.349383 0.091667 0.180247
3 0.131944 0.304938 0.122222 0.111111
3 0.047917 0.292593 0.093056 0.096296
3 0.048611 0.407407 0.094444 0.177778
3 0.030556 0.549383 0.058333 0.130864
3 0.049306 0.708642 0.095833 0.28642
3 0.288194 0.74321 0.1625 0.271605
3 0.492361 0.311111 0.101389 0.153086
3 0.551389 0.140741 0.119444 0.093827
3 0.568056 0.244444 0.102778 0.158025
3 0.622917 0.319753 0.090278 0.145679
1 0.677778 0.207407 0.116667 0.17284
1 0.595139 0.458025 0.1125 0.269136
1 0.543056 0.583951 0.172222 0.195062
1 0.720833 0.539506 0.15 0.239506
0 0.426389 0.762963 0.125 0.419753
3 0.552778 0.780247 0.191667 0.355556
3 0.758333 0.222222 0.094444 0.138272
0 0.722917 0.365432 0.165278 0.212346
3 0.867361 0.544444 0.184722 0.259259
1 0.920833 0.071605 0.119444 0.138272
3 0.822917 0.066667 0.095833 0.093827
3 0.954861 0.162963 0.093056 0.158025