1 0.038889 0.123457 0.075 0.182716
1 0.121528 0.07284 0.081944 0.140741
1 0.159028 0.101235 0.081944 0.138272
3 0.258333 0.225926 0.144444 0.145679
3 0.179861 0.437037 0.165278 0.25679
3 0.067361 0.560494 0.131944 0.25679
3 0.224306 0.632099 0.168056 0.360494
1 0.3 0.376543 0.155556 0.264198
1 0.361111 0.466667 0.163889 0.261728
0 0.365972 0.750617 0.293056 0.454321
1 0.085417 0.851852 0.168056 0.301235
3 0.5625 0.941975 0.213889 0.120988
3 0.498611 0.364198 0.213889 0.224691
3 0.688194 0.090123 0.134722 0.140741
1 0.815972 0.091358 0.168056 0.177778
3 0.936111 0.132099 0.130556 0.125926
3 0.892361 0.260494 0.215278 0.249383