3 0.624573 0.571875 0.05802 0.089583
3 0.708191 0.573958 0.061433 0.085417
3 0.65273 0.516667 0.073379 0.091667
3 0.71587 0.495833 0.080205 0.095833
3 0.924061 0.220833 0.046075 0.070833
3 0.854096 0.2625 0.069966 0.066667
3 0.8157 0.333333 0.064846 0.0875
3 0.888225 0.382292 0.073379 0.077083
3 0.959044 0.35 0.064846 0.0875
3 0.980375 0.408333 0.042662 0.079167
3 0.599829 0.39375 0.059727 0.083333
3 0.599829 0.464583 0.059727 0.083333
3 0.709044 0.65625 0.069966 0.1
3 0.668942 0.7875 0.078498 0.1125
3 0.522184 0.525 0.05802 0.0875
3 0.84215 0.68125 0.066553 0.091667
3 0.975256 0.688542 0.052901 0.09375
3 0.979522 0.807292 0.044369 0.10625
3 0.24744 0.729167 0.078498 0.1125
1 0.203925 0.2375 0.069966 0.0875