1 0.841667 0.358025 0.133333 0.192593
0 0.9 0.182716 0.130556 0.182716
0 0.939583 0.258025 0.123611 0.140741
0 0.45625 0.822222 0.095833 0.360494
0 0.542361 0.750617 0.165278 0.276543
0 0.545139 0.861728 0.181944 0.281481
0 0.683333 0.87284 0.158333 0.204938
0 0.815972 0.858025 0.209722 0.244444
0 0.860417 0.758025 0.248611 0.271605
0 0.954861 0.596296 0.093056 0.165432
0 0.91875 0.487654 0.165278 0.165432
0 0.679167 0.685185 0.186111 0.2
0 0.615972 0.585185 0.118056 0.232099
0 0.607639 0.528395 0.134722 0.212346
0 0.698611 0.516049 0.091667 0.207407
0 0.758333 0.491358 0.097222 0.207407
0 0.829167 0.458025 0.1 0.120988
0 0.590278 0.360494 0.133333 0.11358