1 0.71587 0.416667 0.046075 0.054167
1 0.658703 0.401042 0.047782 0.052083
1 0.5657 0.413542 0.042662 0.04375
1 0.5 0.433333 0.040956 0.054167
1 0.509386 0.373958 0.049488 0.047917
1 0.306314 0.273958 0.046075 0.047917
1 0.302901 0.488542 0.052901 0.052083
1 0.393345 0.690625 0.066553 0.072917
1 0.386519 0.767708 0.059727 0.089583
1 0.279863 0.930208 0.05802 0.064583
1 0.285836 0.866667 0.059727 0.0875
1 0.205631 0.951042 0.049488 0.06875
1 0.159556 0.860417 0.049488 0.070833
1 0.116041 0.913542 0.047782 0.064583
1 0.288396 0.636458 0.054608 0.05625
1 0.244027 0.64375 0.040956 0.045833
1 0.034983 0.844792 0.059727 0.08125
1 0.042662 0.763542 0.054608 0.06875
1 0.270478 0.3125 0.052901 0.0625
1 0.202218 0.452083 0.042662 0.075
1 0.120307 0.436458 0.052901 0.060417
1 0.107509 0.345833 0.054608 0.045833
1 0.098123 0.270833 0.046075 0.05
1 0.03413 0.3375 0.047782 0.0625
1 0.046928 0.447917 0.06314 0.05