1 0.496354 0.574537 0.047917 0.071296
1 0.560156 0.417593 0.042188 0.057407
1 0.552865 0.460648 0.044271 0.056481
1 0.60026 0.439815 0.059896 0.081481
1 0.633333 0.482407 0.0625 0.103704
1 0.728125 0.499537 0.045833 0.049074
1 0.625521 0.652315 0.094792 0.130556
1 0.517448 0.718519 0.053646 0.061111
1 0.423958 0.915278 0.067708 0.134259
1 0.309635 0.551852 0.050521 0.053704
2 0.483333 0.472222 0.070833 0.066667
2 0.563802 0.533333 0.093229 0.109259
2 0.519792 0.634722 0.073958 0.099074
2 0.59401 0.606019 0.078646 0.10463
2 0.661458 0.572222 0.069792 0.062963
2 0.564844 0.779167 0.108854 0.123148
2 0.420052 0.826852 0.072396 0.07963
2 0.498958 0.897685 0.097917 0.199074