2 0.191927 0.825463 0.031771 0.05463
1 0.102604 0.299537 0.046875 0.071296
1 0.155208 0.468981 0.047917 0.080556
1 0.348698 0.341204 0.040104 0.056481
1 0.496354 0.461111 0.027083 0.042593
1 0.59974 0.433333 0.032813 0.044444
1 0.561198 0.451389 0.042188 0.073148
1 0.488021 0.511574 0.026042 0.04537
1 0.461719 0.634722 0.038021 0.078704
1 0.304167 0.596296 0.035417 0.053704
2 0.290104 0.689815 0.052083 0.075926
2 0.379167 0.531481 0.041667 0.064815
2 0.427083 0.535648 0.052083 0.082407
2 0.69974 0.898148 0.069271 0.125926