1 0.728385 0.263426 0.033854 0.041667
1 0.570052 0.315741 0.026562 0.046296
1 0.522656 0.343981 0.027604 0.047222
1 0.471094 0.477778 0.025521 0.051852
1 0.29401 0.643519 0.034896 0.053704
1 0.210677 0.971296 0.042188 0.059259
1 0.307812 0.912963 0.039583 0.057407
1 0.520573 0.641204 0.039062 0.063889
1 0.932292 0.366204 0.034375 0.05463
1 0.810677 0.547222 0.038021 0.087037
1 0.726302 0.571759 0.040104 0.062037
0 0.501563 0.926389 0.06875 0.149074
0 0.611458 0.637963 0.10625 0.090741
2 0.948438 0.880093 0.103125 0.176852