2 0.466927 0.154167 0.052604 0.078704
0 0.65026 0.236574 0.085938 0.084259
1 0.149219 0.696296 0.048438 0.068519
1 0.265625 0.482407 0.034375 0.055556
1 0.295052 0.552778 0.036979 0.062963
1 0.548958 0.178704 0.041667 0.057407
1 0.75651 0.07963 0.031771 0.053704
1 0.902344 0.099537 0.040104 0.04537
1 0.51901 0.708333 0.039062 0.072222
1 0.684635 0.513889 0.038021 0.064815
1 0.697135 0.618519 0.063021 0.109259
1 0.903646 0.518056 0.05 0.078704
1 0.724219 0.764815 0.052604 0.07963
2 0.671354 0.773611 0.089583 0.112037