2 0.219271 0.1 0.058333 0.055556
0 0.808854 0.966204 0.101042 0.069444
0 0.222656 0.965741 0.154688 0.07037
0 0.55599 0.303704 0.088021 0.087037
1 0.376042 0.301389 0.03125 0.039815
1 0.398177 0.118981 0.032813 0.067593
1 0.643229 0.156944 0.034375 0.049074
2 0.726042 0.161574 0.059375 0.075
2 0.972917 0.853241 0.054167 0.137963
2 0.241927 0.57963 0.072396 0.101852
1 0.280469 0.297685 0.047396 0.087963
1 0.705208 0.253704 0.044792 0.064815
1 0.632552 0.528241 0.051562 0.091667
1 0.480469 0.684259 0.052604 0.083333
1 0.309635 0.793519 0.048438 0.083333
1 0.266406 0.876852 0.055729 0.075926
1 0.346875 0.866204 0.054167 0.093519
1 0.555208 0.881019 0.048958 0.086111