2 0.655208 0.831019 0.052083 0.067593
2 0.644271 0.922222 0.052083 0.081481
2 0.229948 0.912963 0.071354 0.114815
1 0.404427 0.312037 0.027604 0.062963
1 0.388281 0.441204 0.028646 0.047222
1 0.827604 0.559722 0.032292 0.063889
1 0.620313 0.424537 0.023958 0.043519
1 0.590625 0.566667 0.036458 0.055556
1 0.758333 0.639352 0.033333 0.082407
1 0.693229 0.626852 0.035417 0.085185
1 0.922396 0.864815 0.055208 0.101852
1 0.898958 0.760648 0.036458 0.05463
1 0.12474 0.503704 0.050521 0.074074
1 0.347917 0.515741 0.036458 0.068519
1 0.410677 0.612037 0.048438 0.085185