2 0.961979 0.486111 0.076042 0.083333
1 0.726823 0.263426 0.024479 0.036111
1 0.751823 0.255093 0.025521 0.037963
1 0.939323 0.271759 0.034896 0.041667
1 0.591406 0.395833 0.022396 0.030556
1 0.596875 0.337963 0.028125 0.038889
1 0.535156 0.386111 0.025521 0.035185
1 0.23099 0.732407 0.022396 0.037037
1 0.434375 0.540741 0.025 0.046296
1 0.524479 0.604167 0.040625 0.047222
1 0.596094 0.6875 0.038021 0.065741
1 0.745052 0.49537 0.036979 0.05
1 0.938281 0.571296 0.045312 0.077778
0 0.934635 0.655556 0.130729 0.1
0 0.698958 0.89213 0.098958 0.108333
1 0.639844 0.825 0.034896 0.068519
1 0.372917 0.977778 0.05 0.046296