2 0.666927 0.801852 0.040104 0.051852
1 0.200781 0.651389 0.038021 0.036111
1 0.207552 0.821296 0.033854 0.053704
1 0.173958 0.913889 0.036458 0.051852
1 0.20651 0.899074 0.038021 0.046296
1 0.343229 0.76713 0.026042 0.032407
1 0.381771 0.8125 0.036458 0.056481
1 0.571354 0.674074 0.021875 0.035185
1 0.552344 0.740278 0.027604 0.032407
1 0.486719 0.846296 0.040104 0.040741
1 0.939583 0.742593 0.032292 0.038889
1 0.960938 0.771296 0.038542 0.046296
1 0.864323 0.903704 0.029687 0.037037
1 0.867969 0.77037 0.040104 0.055556
1 0.804948 0.777315 0.031771 0.043519
1 0.689323 0.847685 0.031771 0.036111