1 0.589844 0.423148 0.022396 0.031481
0 0.783073 0.909259 0.147396 0.072222
2 0.414323 0.496296 0.055729 0.046296
2 0.941927 0.900463 0.059896 0.067593
1 0.38125 0.372685 0.026042 0.030556
1 0.369531 0.409259 0.026562 0.031481
1 0.421354 0.423611 0.026042 0.041667
1 0.070312 0.502315 0.042708 0.050926
1 0.026302 0.6375 0.034896 0.041667
1 0.127604 0.722685 0.035417 0.049074
1 0.116927 0.801852 0.042188 0.059259
1 0.220052 0.768056 0.039062 0.062037
1 0.313281 0.812037 0.034896 0.057407
1 0.284115 0.619907 0.034896 0.049074
1 0.328385 0.570833 0.024479 0.034259
1 0.379688 0.629167 0.032292 0.041667
1 0.434115 0.600463 0.031771 0.037963
1 0.507812 0.644907 0.034375 0.049074
1 0.569792 0.736574 0.033333 0.05463
1 0.899479 0.672685 0.051042 0.058333
1 0.836979 0.746759 0.044792 0.060185
1 0.872917 0.790741 0.035417 0.05
1 0.750781 0.721296 0.036979 0.046296
1 0.713802 0.821296 0.050521 0.059259
1 0.650781 0.973148 0.056771 0.055556