1 0.519531 0.188426 0.042188 0.069444
1 0.90026 0.468981 0.065104 0.089815
1 0.898958 0.333796 0.05 0.065741
1 0.776042 0.360648 0.0375 0.050926
1 0.540885 0.431944 0.043229 0.043519
2 0.208854 0.462963 0.078125 0.114815
2 0.656771 0.543056 0.044792 0.05463
2 0.859375 0.944444 0.08125 0.112963
2 0.757031 0.238426 0.047396 0.049074
2 0.095573 0.167593 0.068229 0.072222
2 0.121615 0.109722 0.083854 0.082407
0 0.39974 0.249537 0.054688 0.113889
1 0.895052 0.192593 0.031771 0.048148
1 0.858594 0.164815 0.035937 0.042593
1 0.876042 0.13287 0.026042 0.036111
1 0.635417 0.19213 0.021875 0.049074