0 0.672656 0.592593 0.066146 0.140741
1 0.104427 0.408796 0.021354 0.030556
1 0.119792 0.531944 0.03125 0.043519
1 0.742708 0.253241 0.023958 0.030556
1 0.525521 0.330093 0.030208 0.037963
1 0.452344 0.359259 0.021354 0.035185
1 0.342187 0.272222 0.03125 0.046296
1 0.314063 0.33287 0.034375 0.047222
1 0.32526 0.414815 0.022396 0.046296
1 0.313021 0.438426 0.027083 0.049074
1 0.270573 0.468519 0.038021 0.046296
1 0.378385 0.616204 0.035937 0.041667
1 0.960938 0.522222 0.04375 0.040741
1 0.545573 0.423148 0.045312 0.053704
1 0.978646 0.625463 0.042708 0.065741
1 0.504948 0.640278 0.040104 0.069444
0 0.742969 0.382407 0.049479 0.081481
0 0.698438 0.416204 0.069792 0.063889
0 0.191146 0.9625 0.0625 0.076852
2 0.669531 0.919907 0.046354 0.063889
2 0.340625 0.692593 0.030208 0.046296
1 0.244531 0.341204 0.024479 0.04537
1 0.42474 0.165741 0.028646 0.038889