1 0.304167 0.717593 0.03125 0.046296
1 0.131771 0.618519 0.025 0.037037
1 0.214844 0.62037 0.032813 0.042593
1 0.36849 0.513889 0.024479 0.02963
1 0.886458 0.176852 0.027083 0.040741
1 0.552083 0.403704 0.028125 0.035185
1 0.627604 0.409259 0.041667 0.061111
1 0.78099 0.609259 0.040104 0.055556
1 0.204948 0.963889 0.053646 0.074074
1 0.106771 0.905093 0.0375 0.058333
1 0.343229 0.940741 0.033333 0.055556
0 0.339323 0.73287 0.057813 0.069444
2 0.475521 0.463426 0.041667 0.049074
2 0.976823 0.756481 0.046354 0.111111
2 0.753906 0.701389 0.095312 0.113889