1 0.376042 0.406481 0.03125 0.042593
1 0.513802 0.385185 0.026562 0.037037
1 0.576302 0.472685 0.016146 0.036111
1 0.738021 0.230093 0.027083 0.041667
1 0.185156 0.662963 0.038021 0.048148
1 0.22526 0.661574 0.038021 0.052778
1 0.121354 0.711111 0.026042 0.044444
1 0.217969 0.778704 0.040104 0.051852
1 0.272656 0.709259 0.033854 0.048148
1 0.253646 0.766667 0.044792 0.057407
1 0.184115 0.960648 0.046354 0.080556
1 0.354948 0.689352 0.030729 0.047222
2 0.317188 0.670833 0.042708 0.049074
0 0.364323 0.851852 0.073438 0.07963