0 0.811719 0.868519 0.064062 0.135185
1 0.952344 0.75463 0.069271 0.085185
1 0.86901 0.554167 0.036979 0.062037
1 0.895833 0.5375 0.036458 0.049074
1 0.913542 0.394907 0.028125 0.063889
1 0.733333 0.641204 0.030208 0.049074
1 0.971875 0.201852 0.039583 0.040741
1 0.875 0.210648 0.023958 0.041667
1 0.934115 0.249074 0.021354 0.035185
1 0.706771 0.510648 0.025 0.043519
1 0.60599 0.516204 0.021354 0.041667
1 0.480729 0.636111 0.027083 0.038889
1 0.44401 0.791667 0.033854 0.055556
1 0.497917 0.889815 0.023958 0.05
2 0.769271 0.795833 0.052083 0.060185