2 0.125694 0.685185 0.115278 0.17037
1 0.113889 0.42716 0.075 0.182716
1 0.305556 0.283951 0.072222 0.088889
1 0.509028 0.344444 0.054167 0.071605
1 0.842361 0.561728 0.081944 0.111111
1 0.968056 0.659259 0.058333 0.11358
1 0.823611 0.741975 0.091667 0.120988
1 0.731944 0.685185 0.058333 0.091358
1 0.683333 0.839506 0.077778 0.11358
1 0.38125 0.774074 0.081944 0.135802
1 0.494444 0.719753 0.055556 0.106173
1 0.450694 0.790123 0.054167 0.14321
1 0.440278 0.92716 0.088889 0.150617
1 0.329167 0.923457 0.094444 0.14321
2 0.329167 0.480247 0.108333 0.165432