2 0.367361 0.675309 0.0875 0.185185
3 0.2625 0.507407 0.025 0.032099
1 0.79375 0.68642 0.065278 0.11358
1 0.650694 0.591358 0.059722 0.106173
1 0.818056 0.32963 0.05 0.116049
1 0.622222 0.822222 0.066667 0.11358
1 0.527083 0.750617 0.070833 0.128395
1 0.452778 0.920988 0.077778 0.108642
1 0.298611 0.360494 0.058333 0.108642
1 0.0625 0.320988 0.072222 0.098765
1 0.179167 0.262963 0.077778 0.08642
1 0.077778 0.130864 0.055556 0.088889
1 0.153472 0.135802 0.070833 0.108642
2 0.629167 0.402469 0.113889 0.153086
2 0.508333 0.420988 0.066667 0.155556