1 0.485417 0.697531 0.076389 0.175309
1 0.80625 0.31358 0.115278 0.128395
1 0.672222 0.288889 0.086111 0.17284
1 0.388194 0.78642 0.090278 0.155556
1 0.30625 0.664198 0.106944 0.17284
1 0.2375 0.593827 0.105556 0.135802
1 0.090278 0.518519 0.127778 0.118519
1 0.188194 0.383951 0.159722 0.239506
1 0.095833 0.060494 0.111111 0.091358
1 0.272222 0.195062 0.063889 0.118519
1 0.349306 0.311111 0.079167 0.128395
1 0.493056 0.162963 0.077778 0.118519
1 0.672917 0.502469 0.079167 0.106173
3 0.423611 0.540741 0.058333 0.079012