1 0.219444 0.949383 0.119444 0.106173
1 0.0625 0.787654 0.108333 0.148148
1 0.161806 0.664198 0.115278 0.17284
1 0.809722 0.601235 0.094444 0.145679
1 0.924306 0.82716 0.068056 0.167901
1 0.8375 0.78642 0.105556 0.180247
1 0.61875 0.823457 0.1125 0.185185
1 0.1125 0.337037 0.113889 0.204938
1 0.05625 0.444444 0.104167 0.217284
1 0.393056 0.874074 0.130556 0.22716
1 0.734028 0.818519 0.106944 0.130864
1 0.909722 0.650617 0.075 0.116049
1 0.808333 0.440741 0.069444 0.096296
1 0.536806 0.387654 0.0625 0.088889
1 0.319444 0.412346 0.063889 0.11358