1 0.745833 0.364198 0.086111 0.190123
1 0.846528 0.42716 0.131944 0.22716
1 0.729861 0.635802 0.070833 0.165432
1 0.644444 0.595062 0.077778 0.158025
3 0.622917 0.774074 0.034722 0.041975
3 0.845833 0.524691 0.030556 0.066667
3 0.713194 0.458025 0.031944 0.05679
3 0.946528 0.312346 0.084722 0.08642
1 0.891667 0.650617 0.155556 0.254321
1 0.943056 0.122222 0.091667 0.155556
1 0.779167 0.164198 0.108333 0.190123
1 0.544444 0.162963 0.086111 0.148148
1 0.5625 0.367901 0.058333 0.093827
2 0.227778 0.55679 0.077778 0.165432
2 0.259028 0.387654 0.073611 0.167901