2 0.554167 0.916049 0.088889 0.17284
1 0.145833 0.150617 0.086111 0.162963
1 0.391667 0.687654 0.075 0.116049
1 0.477778 0.709877 0.066667 0.106173
1 0.574306 0.598765 0.059722 0.120988
1 0.665972 0.77284 0.0625 0.108642
1 0.208333 0.875309 0.1 0.145679
1 0.781944 0.840741 0.069444 0.125926
1 0.638889 0.353086 0.063889 0.103704
1 0.647222 0.577778 0.036111 0.093827
1 0.713194 0.393827 0.048611 0.140741
1 0.747222 0.317284 0.044444 0.111111
1 0.718056 0.239506 0.052778 0.098765
1 0.734722 0.148148 0.061111 0.088889