2 0.484722 0.460494 0.105556 0.091358
2 0.432639 0.535802 0.0875 0.11358
2 0.586806 0.324691 0.0875 0.111111
2 0.809028 0.590123 0.068056 0.133333
2 0.842361 0.750617 0.095833 0.167901
2 0.884028 0.866667 0.101389 0.162963
2 0.577778 0.641975 0.066667 0.11358
1 0.7875 0.154321 0.066667 0.076543
1 0.464583 0.125926 0.051389 0.108642
1 0.390972 0.706173 0.084722 0.128395
1 0.481944 0.777778 0.063889 0.103704
1 0.500694 0.558025 0.054167 0.093827
1 0.616667 0.534568 0.072222 0.120988
1 0.752083 0.502469 0.059722 0.08642
3 0.853472 0.562963 0.029167 0.064198
3 0.222222 0.502469 0.030556 0.061728
3 0.445833 0.27037 0.019444 0.041975
1 0.686111 0.080247 0.072222 0.08642