1 0.108333 0.290123 0.072222 0.101235
1 0.077778 0.417284 0.069444 0.098765
1 0.190972 0.116049 0.034722 0.088889
1 0.290278 0.301235 0.069444 0.093827
1 0.360417 0.204938 0.081944 0.118519
1 0.284722 0.590123 0.086111 0.177778
1 0.183333 0.688889 0.086111 0.14321
1 0.236806 0.803704 0.093056 0.125926
1 0.111806 0.814815 0.093056 0.14321
1 0.393056 0.817284 0.091667 0.153086
1 0.502778 0.396296 0.069444 0.120988
1 0.670833 0.314815 0.080556 0.120988
1 0.859028 0.260494 0.068056 0.130864
1 0.740972 0.645679 0.095833 0.150617
1 0.640278 0.704938 0.091667 0.140741
1 0.607639 0.935802 0.081944 0.133333
1 0.722917 0.869136 0.081944 0.153086