0 0.420139 0.909877 0.076389 0.185185
0 0.427778 0.206173 0.061111 0.175309
0 0.336111 0.217284 0.061111 0.098765
0 0.660417 0.338272 0.104167 0.093827
0 0.695139 0.235802 0.084722 0.091358
0 0.941667 0.391358 0.080556 0.091358
0 0.798611 0.72963 0.105556 0.175309
1 0.763889 0.480247 0.066667 0.116049
1 0.596528 0.383951 0.043056 0.091358
1 0.534028 0.332099 0.045833 0.101235
1 0.491667 0.224691 0.038889 0.064198
1 0.063889 0.122222 0.058333 0.08642
3 0.791667 0.896296 0.025 0.039506
3 0.613889 0.55679 0.038889 0.066667
3 0.049306 0.390123 0.0625 0.093827
3 0.254861 0.35679 0.054167 0.081481
3 0.597222 0.932099 0.055556 0.081481