2 0.722222 0.497531 0.069444 0.101235
2 0.503472 0.340741 0.118056 0.153086
0 0.536111 0.260494 0.083333 0.120988
0 0.043056 0.295062 0.075 0.249383
0 0.358333 0.559259 0.105556 0.111111
0 0.263889 0.466667 0.105556 0.22716
0 0.150694 0.507407 0.140278 0.08642
0 0.930556 0.628395 0.141667 0.145679
1 0.801389 0.835802 0.1 0.125926
1 0.719444 0.732099 0.063889 0.125926
1 0.740972 0.146914 0.056944 0.08642
1 0.243056 0.12716 0.033333 0.071605
3 0.650694 0.408642 0.0375 0.05679
3 0.33125 0.716049 0.048611 0.069136