2 0.070833 0.414815 0.097222 0.153086
2 0.455556 0.955556 0.152778 0.093827
2 0.788889 0.867901 0.080556 0.17037
2 0.840278 0.680247 0.091667 0.135802
2 0.802083 0.323457 0.098611 0.148148
2 0.390278 0.725926 0.066667 0.128395
2 0.332639 0.595062 0.084722 0.123457
2 0.722222 0.477778 0.102778 0.160494
2 0.659028 0.195062 0.081944 0.128395
2 0.447222 0.08642 0.083333 0.098765
2 0.295139 0.146914 0.081944 0.106173
1 0.609028 0.364198 0.0625 0.101235
1 0.979167 0.51358 0.044444 0.123457
1 0.861111 0.581481 0.055556 0.08642
1 0.719444 0.845679 0.086111 0.130864
1 0.429861 0.606173 0.079167 0.125926
1 0.045833 0.890123 0.088889 0.130864
1 0.379861 0.049383 0.081944 0.074074
3 0.308333 0.676543 0.030556 0.059259
3 0.529167 0.369136 0.036111 0.051852
3 0.697222 0.559259 0.030556 0.037037