3 0.197917 0.77037 0.068056 0.11358
3 0.752778 0.402469 0.038889 0.054321
3 0.639583 0.724691 0.034722 0.061728
1 0.241667 0.139506 0.030556 0.046914
1 0.524306 0.062963 0.018056 0.032099
1 0.559722 0.112346 0.033333 0.046914
1 0.771528 0.151852 0.040278 0.076543
1 0.59375 0.228395 0.029167 0.05679
1 0.642361 0.274074 0.0625 0.083951
1 0.675694 0.351852 0.054167 0.08642
1 0.647222 0.450617 0.066667 0.106173
1 0.150694 0.440741 0.054167 0.076543
0 0.911806 0.144444 0.115278 0.091358
0 0.303472 0.801235 0.156944 0.130864
0 0.069444 0.616049 0.058333 0.145679