0 0.864323 0.562963 0.104688 0.157407
1 0.536458 0.920833 0.0875 0.117593
1 0.559375 0.743056 0.08125 0.169444
1 0.672656 0.825 0.068229 0.111111
1 0.490885 0.349074 0.061979 0.094444
1 0.702604 0.286574 0.053125 0.069444
1 0.670052 0.215278 0.043229 0.073148
1 0.732031 0.174074 0.038021 0.094444
1 0.386458 0.119907 0.058333 0.078704
1 0.313021 0.141204 0.054167 0.060185
1 0.310156 0.065741 0.050521 0.05
1 0.103385 0.175 0.072396 0.114815
1 0.648177 0.022685 0.045312 0.043519
2 0.402083 0.388889 0.078125 0.114815
3 0.857031 0.723611 0.028646 0.052778
3 0.470573 0.661111 0.026562 0.059259
3 0.351562 0.230556 0.032292 0.035185