1 0.317361 0.683951 0.045833 0.049383
2 0.420139 0.416049 0.031944 0.05679
2 0.495833 0.387654 0.041667 0.069136
2 0.509028 0.3 0.051389 0.081481
2 0.638194 0.309877 0.056944 0.101235
2 0.754861 0.135802 0.079167 0.123457
2 0.588194 0.051852 0.059722 0.098765
1 0.791667 0.480247 0.088889 0.106173
1 0.028472 0.424691 0.051389 0.11358
1 0.027083 0.57037 0.051389 0.069136
1 0.252083 0.565432 0.084722 0.093827
1 0.377778 0.630864 0.05 0.066667
1 0.531944 0.646914 0.066667 0.083951
1 0.479167 0.790123 0.052778 0.054321
1 0.497917 0.934568 0.034722 0.041975
1 0.4625 0.974074 0.022222 0.032099
1 0.540972 0.945679 0.026389 0.034568
1 0.634722 0.909877 0.041667 0.051852
1 0.684028 0.933333 0.029167 0.034568
1 0.765278 0.844444 0.038889 0.054321
1 0.740278 0.691358 0.061111 0.064198
1 0.659722 0.639506 0.066667 0.079012
1 0.932639 0.691358 0.043056 0.044444
3 0.602083 0.718519 0.026389 0.024691
3 0.894444 0.548148 0.030556 0.02963