1 0.20625 0.553086 0.045833 0.069136
1 0.284028 0.718519 0.026389 0.02963
2 0.259028 0.659259 0.023611 0.034568
2 0.340278 0.681481 0.016667 0.044444
2 0.636806 0.508642 0.031944 0.054321
1 0.322917 0.614815 0.029167 0.049383
1 0.361806 0.7 0.0375 0.05679
1 0.46875 0.955556 0.034722 0.059259
1 0.507639 0.901235 0.040278 0.054321
1 0.69375 0.949383 0.070833 0.106173
2 0.41875 0.681481 0.026389 0.054321
2 0.307639 0.537037 0.026389 0.037037
2 0.416667 0.950617 0.033333 0.049383
2 0.611806 0.841975 0.068056 0.083951
2 0.765972 0.906173 0.079167 0.108642
2 0.446528 0.655556 0.029167 0.037037
2 0.491667 0.607407 0.041667 0.064198
2 0.495139 0.798765 0.056944 0.106173
2 0.908333 0.814815 0.163889 0.167901
1 0.656944 0.758025 0.066667 0.103704
1 0.592361 0.680247 0.0375 0.081481
1 0.552083 0.61358 0.034722 0.037037
1 0.563889 0.537037 0.063889 0.091358
1 0.426389 0.541975 0.05 0.071605
1 0.486806 0.339506 0.065278 0.096296
2 0.434028 0.440741 0.043056 0.081481
2 0.513889 0.471605 0.058333 0.093827
2 0.740278 0.358025 0.080556 0.103704
2 0.611111 0.259259 0.063889 0.11358