3 0.5125 0.058025 0.025 0.037037
3 0.60625 0.133333 0.026389 0.044444
3 0.546528 0.17037 0.023611 0.034568
3 0.475694 0.58642 0.023611 0.037037
3 0.338194 0.490123 0.031944 0.041975
3 0.208333 0.945679 0.027778 0.044444
3 0.627778 0.625926 0.019444 0.02716
3 0.740278 0.966667 0.036111 0.037037
1 0.936111 0.52963 0.122222 0.125926
1 0.972222 0.288889 0.058333 0.093827
1 0.945833 0.180247 0.108333 0.064198
2 0.661806 0.234568 0.043056 0.093827
2 0.786806 0.309877 0.045833 0.066667
2 0.720833 0.374074 0.061111 0.111111
1 0.685417 0.192593 0.0375 0.083951
1 0.720833 0.238272 0.05 0.05679
1 0.68125 0.290123 0.034722 0.071605
1 0.650694 0.391358 0.048611 0.066667
1 0.610417 0.566667 0.048611 0.071605
2 0.186806 0.583951 0.081944 0.076543
2 0.434028 0.524691 0.054167 0.061728
2 0.477083 0.880247 0.043056 0.081481
1 0.448611 0.435802 0.063889 0.111111
1 0.563889 0.671605 0.041667 0.074074
1 0.14375 0.666667 0.084722 0.093827
1 0.225694 0.683951 0.081944 0.118519