3 0.670139 0.187654 0.043056 0.064198
3 0.33125 0.088889 0.029167 0.039506
3 0.817361 0.118519 0.031944 0.039506
3 0.415972 0.28642 0.034722 0.039506
3 0.379167 0.277778 0.033333 0.046914
3 0.370833 0.340741 0.05 0.049383
3 0.36875 0.603704 0.034722 0.041975
3 0.594444 0.579012 0.038889 0.046914
3 0.778472 0.792593 0.065278 0.054321
3 0.772917 0.716049 0.056944 0.049383
3 0.870139 0.618519 0.0625 0.046914
3 0.855556 0.35679 0.047222 0.046914
3 0.903472 0.35679 0.059722 0.051852
3 0.957639 0.355556 0.045833 0.049383
2 0.139583 0.574074 0.059722 0.120988
2 0.289583 0.334568 0.095833 0.185185
2 0.409028 0.088889 0.090278 0.148148
2 0.540278 0.306173 0.116667 0.177778
1 0.263889 0.767901 0.072222 0.074074
1 0.442361 0.651852 0.059722 0.083951
1 0.674306 0.97037 0.056944 0.064198
1 0.63125 0.925926 0.040278 0.039506
1 0.668056 0.785185 0.080556 0.11358
1 0.49375 0.504938 0.106944 0.155556
1 0.58125 0.146914 0.123611 0.145679