3 0.407639 0.580247 0.018056 0.02963
3 0.296528 0.583951 0.018056 0.022222
3 0.384028 0.665432 0.015278 0.017284
3 0.411806 0.78642 0.015278 0.02716
3 0.376389 0.785185 0.019444 0.024691
3 0.267361 0.746914 0.020833 0.02716
3 0.125694 0.354321 0.034722 0.051852
2 0.935417 0.120988 0.131944 0.158025
2 0.884028 0.255556 0.1375 0.135802
2 0.716667 0.27037 0.063889 0.096296
2 0.740972 0.128395 0.059722 0.088889
3 0.345833 0.228395 0.019444 0.071605
3 0.511111 0.292593 0.041667 0.046914
3 0.642361 0.17037 0.031944 0.02963
3 0.558333 0.154321 0.044444 0.041975
3 0.959028 0.358025 0.051389 0.039506
3 0.693056 0.483951 0.027778 0.02963
3 0.733333 0.549383 0.036111 0.02716
3 0.801389 0.845679 0.041667 0.017284
3 0.952083 0.94321 0.043056 0.02963
3 0.917361 0.828395 0.040278 0.037037
3 0.974306 0.861728 0.054167 0.044444
1 0.542361 0.920988 0.093056 0.162963
1 0.697917 0.87284 0.081944 0.091358
1 0.788194 0.623457 0.131944 0.135802
1 0.579861 0.67284 0.118056 0.195062
1 0.483333 0.625926 0.05 0.041975
1 0.463194 0.425926 0.093056 0.130864
1 0.203472 0.180247 0.1375 0.153086
1 0.21875 0.365432 0.076389 0.079012
1 0.072917 0.55679 0.1375 0.155556