1 0.710417 0.15679 0.059722 0.08642
2 0.930556 0.033333 0.111111 0.061728
2 0.622917 0.185185 0.0875 0.133333
2 0.444444 0.080247 0.047222 0.08642
1 0.3375 0.196296 0.022222 0.106173
1 0.378472 0.240741 0.048611 0.08642
1 0.563889 0.090123 0.058333 0.096296
1 0.942361 0.266667 0.118056 0.162963
2 0.624306 0.830864 0.026389 0.066667
1 0.513889 0.433333 0.066667 0.125926
1 0.65 0.475309 0.075 0.116049
1 0.563194 0.704938 0.0625 0.130864
1 0.6625 0.975309 0.066667 0.054321
1 0.591667 0.950617 0.069444 0.103704
2 0.773611 0.383951 0.069444 0.076543
2 0.868056 0.897531 0.163889 0.209877
2 0.341667 0.966667 0.083333 0.071605