3 0.689583 0.124691 0.015278 0.041975
3 0.79375 0.874074 0.045833 0.044444
1 0.85625 0.841975 0.123611 0.118519
1 0.119444 0.920988 0.044444 0.044444
1 0.182639 0.980247 0.043056 0.044444
1 0.283333 0.598765 0.066667 0.081481
1 0.245833 0.804938 0.061111 0.069136
1 0.379861 0.785185 0.054167 0.128395
1 0.424306 0.861728 0.040278 0.049383
1 0.483333 0.912346 0.044444 0.076543
2 0.277778 0.912346 0.038889 0.041975
2 0.333333 0.84321 0.038889 0.051852
2 0.350694 0.991358 0.034722 0.022222
2 0.33125 0.708642 0.056944 0.079012
2 0.240972 0.718519 0.0625 0.074074
2 0.390972 0.509877 0.054167 0.076543
2 0.4875 0.567901 0.05 0.079012
2 0.578472 0.245679 0.109722 0.185185
2 0.828472 0.209877 0.056944 0.079012
1 0.557639 0.585185 0.070833 0.128395
1 0.682639 0.597531 0.084722 0.123457
1 0.872917 0.319753 0.0875 0.091358
1 0.921528 0.180247 0.143056 0.123457