2 0.59974 0.828241 0.105729 0.202778
2 0.754167 0.920833 0.073958 0.160185
2 0.859635 0.898148 0.092188 0.131481
2 0.894271 0.725926 0.046875 0.133333
2 0.927604 0.575463 0.145833 0.156481
2 0.867708 0.448611 0.1125 0.186111
2 0.776563 0.5625 0.109375 0.186111
2 0.768229 0.381481 0.086458 0.148148
2 0.821615 0.219444 0.068229 0.15
2 0.729688 0.260185 0.089583 0.142593
2 0.460417 0.873148 0.09375 0.185185
2 0.508073 0.741667 0.085938 0.144444
2 0.483854 0.625926 0.084375 0.137037
2 0.363021 0.5375 0.091667 0.136111
2 0.314583 0.623611 0.059375 0.078704
2 0.221875 0.875926 0.086458 0.159259
2 0.173437 0.563426 0.088542 0.112037
2 0.216406 0.39213 0.065104 0.134259
2 0.438021 0.360648 0.085417 0.117593
2 0.514583 0.341204 0.0875 0.106481
2 0.624219 0.189352 0.047396 0.063889
2 0.067187 0.298148 0.058333 0.107407
2 0.639583 0.583333 0.0625 0.109259
2 0.666667 0.34213 0.064583 0.130556
0 0.919531 0.256944 0.129688 0.128704
1 0.368229 0.919444 0.05625 0.138889
1 0.353646 0.77037 0.057292 0.098148
1 0.291667 0.708796 0.046875 0.071296
1 0.21224 0.671759 0.058854 0.106481
1 0.608854 0.513426 0.08125 0.115741
1 0.685937 0.45463 0.076042 0.148148
1 0.597396 0.388426 0.0625 0.112037
1 0.547135 0.087963 0.074479 0.1
1 0.492708 0.175 0.057292 0.096296
1 0.419531 0.25787 0.070312 0.126852
1 0.370312 0.1125 0.0625 0.125
1 0.313281 0.249074 0.068229 0.116667
1 0.256771 0.12963 0.082292 0.140741
2 0.477604 0.085185 0.06875 0.077778
2 0.036979 0.498611 0.058333 0.102778
2 0.119531 0.344444 0.050521 0.125926
2 0.186198 0.221296 0.051562 0.131481
2 0.108073 0.798611 0.094271 0.102778
2 0.432292 0.719444 0.060417 0.125926