3 0.844444 0.596296 0.022222 0.037037
3 0.977778 0.751852 0.036111 0.032099
3 0.954861 0.692593 0.0375 0.032099
3 0.374306 0.596296 0.020833 0.05679
3 0.354861 0.862963 0.020833 0.02716
3 0.595833 0.9 0.025 0.037037
3 0.689583 0.876543 0.026389 0.044444
3 0.666667 0.881481 0.027778 0.024691
3 0.338194 0.496296 0.034722 0.019753
3 0.244444 0.724691 0.033333 0.041975
3 0.258333 0.785185 0.038889 0.044444
0 0.253472 0.416049 0.154167 0.219753
0 0.440278 0.055556 0.188889 0.106173
2 0.086111 0.32716 0.155556 0.165432
2 0.302778 0.962963 0.066667 0.079012
2 0.308333 0.682716 0.088889 0.111111
2 0.601389 0.035802 0.105556 0.066667
2 0.464583 0.518519 0.059722 0.074074
2 0.492361 0.57284 0.084722 0.11358
2 0.409722 0.649383 0.102778 0.138272
2 0.786111 0.428395 0.141667 0.155556
2 0.950694 0.52963 0.101389 0.17037
2 0.873611 0.74321 0.047222 0.069136
2 0.961806 0.853086 0.079167 0.116049
2 0.958333 0.945679 0.086111 0.083951
1 0.764583 0.291358 0.081944 0.088889
1 0.6 0.180247 0.130556 0.212346
1 0.575694 0.48642 0.126389 0.212346
1 0.644444 0.685185 0.091667 0.150617
1 0.450694 0.948148 0.065278 0.108642
1 0.038889 0.833333 0.061111 0.106173
1 0.038889 0.759259 0.075 0.106173
1 0.051389 0.088889 0.1 0.148148