3 0.204861 0.6 0.026389 0.019753
3 0.265972 0.718519 0.026389 0.034568
3 0.225694 0.688889 0.023611 0.034568
2 0.136111 0.818519 0.136111 0.17037
2 0.053472 0.574074 0.098611 0.101235
2 0.333333 0.67037 0.086111 0.140741
2 0.054861 0.333333 0.106944 0.162963
2 0.311111 0.103704 0.066667 0.098765
2 0.143056 0.055556 0.091667 0.08642
2 0.4875 0.339506 0.075 0.091358
3 0.617361 0.212346 0.026389 0.034568
3 0.8875 0.298765 0.036111 0.02963
3 0.870139 0.249383 0.043056 0.044444
3 0.714583 0.962963 0.026389 0.039506
2 0.467361 0.52716 0.065278 0.116049
2 0.727778 0.640741 0.086111 0.155556
2 0.644444 0.901235 0.072222 0.11358
0 0.838889 0.509877 0.108333 0.204938
1 0.340972 0.508642 0.065278 0.083951
1 0.253472 0.466667 0.045833 0.088889
1 0.166667 0.459259 0.066667 0.088889
1 0.160417 0.346914 0.093056 0.101235
1 0.407639 0.087654 0.070833 0.111111
1 0.515278 0.050617 0.061111 0.096296
1 0.650694 0.158025 0.051389 0.079012
1 0.759028 0.060494 0.106944 0.116049
1 0.890278 0.045679 0.130556 0.076543
1 0.575694 0.633333 0.0625 0.08642
1 0.777083 0.320988 0.093056 0.11358
1 0.975694 0.35679 0.051389 0.106173
1 0.888889 0.802469 0.111111 0.103704
1 0.220139 0.914815 0.070833 0.091358
1 0.311806 0.954321 0.0625 0.076543