2 0.679167 0.58642 0.061111 0.106173
2 0.541667 0.42716 0.063889 0.083951
1 0.533333 0.934568 0.044444 0.106173
1 0.846528 0.871605 0.1125 0.108642
1 0.760417 0.734568 0.0875 0.106173
1 0.740972 0.606173 0.073611 0.111111
1 0.617361 0.380247 0.073611 0.108642
1 0.420139 0.750617 0.054167 0.098765
1 0.199306 0.47284 0.043056 0.041975
1 0.250694 0.359259 0.059722 0.08642
1 0.085417 0.437037 0.048611 0.069136
2 0.229167 0.94321 0.108333 0.118519
2 0.177083 0.781481 0.076389 0.125926
2 0.327083 0.755556 0.090278 0.158025
2 0.402778 0.655556 0.063889 0.125926
2 0.340972 0.561728 0.051389 0.091358
2 0.266667 0.580247 0.075 0.148148
2 0.40625 0.376543 0.059722 0.076543
2 0.653472 0.103704 0.079167 0.108642
2 0.913194 0.266667 0.1125 0.088889
2 0.729861 0.292593 0.048611 0.091358
3 0.579167 0.883951 0.022222 0.034568