2 0.176389 0.849383 0.108333 0.187654
2 0.109028 0.912346 0.084722 0.140741
1 0.974306 0.52716 0.054167 0.111111
1 0.94375 0.7 0.095833 0.160494
1 0.604167 0.148148 0.061111 0.118519
1 0.063889 0.239506 0.097222 0.202469
1 0.221528 0.671605 0.079167 0.148148
1 0.047222 0.960494 0.083333 0.083951
2 0.93125 0.37037 0.0625 0.079012
2 0.922222 0.476543 0.061111 0.088889
2 0.503472 0.559259 0.084722 0.140741
2 0.234028 0.448148 0.129167 0.145679
2 0.175 0.583951 0.102778 0.165432
2 0.372917 0.301235 0.051389 0.069136
1 0.459722 0.204938 0.066667 0.118519