1 0.695139 0.025926 0.0375 0.046914
1 0.893056 0.898765 0.052778 0.069136
1 0.94375 0.934568 0.051389 0.08642
1 0.681944 0.845679 0.044444 0.091358
1 0.726389 0.390123 0.044444 0.088889
1 0.513889 0.58642 0.038889 0.071605
1 0.583333 0.387654 0.052778 0.074074
1 0.49375 0.767901 0.059722 0.083951
2 0.391667 0.254321 0.063889 0.098765
1 0.401389 0.02716 0.047222 0.049383
1 0.316667 0.065432 0.05 0.076543
1 0.06875 0.149383 0.076389 0.125926
1 0.054167 0.830864 0.077778 0.101235
1 0.165278 0.240741 0.066667 0.120988