1 0.070833 0.064198 0.063889 0.103704
1 0.342361 0.477778 0.084722 0.135802
0 0.13125 0.506173 0.1125 0.098765
0 0.122222 0.253086 0.102778 0.081481
0 0.127083 0.190123 0.0875 0.088889
0 0.331944 0.285185 0.080556 0.081481
0 0.531944 0.775309 0.111111 0.17284
0 0.614583 0.85679 0.098611 0.182716
0 0.548611 0.438272 0.066667 0.061728
1 0.256944 0.246914 0.052778 0.074074
1 0.334028 0.204938 0.054167 0.093827
1 0.402083 0.219753 0.045833 0.088889
1 0.59375 0.618519 0.070833 0.130864
1 0.554861 0.487654 0.043056 0.091358