0 0.140972 0.662963 0.1375 0.214815
0 0.265972 0.824691 0.173611 0.182716
1 0.775 0.188889 0.069444 0.116049
1 0.755556 0.114815 0.061111 0.111111
1 0.785417 0.07037 0.045833 0.101235
0 0.397917 0.871605 0.054167 0.177778
2 0.254167 0.42963 0.108333 0.222222
1 0.416667 0.541975 0.108333 0.195062
1 0.346528 0.644444 0.101389 0.17284
1 0.327778 0.479012 0.091667 0.14321
1 0.354861 0.320988 0.106944 0.192593
1 0.126389 0.451852 0.088889 0.14321
1 0.094444 0.279012 0.15 0.182716
1 0.034722 0.367901 0.066667 0.212346
2 0.584722 0.382716 0.061111 0.153086
1 0.848611 0.553086 0.044444 0.079012