2 0.586806 0.545679 0.0375 0.069136
1 0.660417 0.101235 0.0375 0.074074
2 0.05 0.546914 0.094444 0.101235
2 0.161111 0.538272 0.097222 0.093827
2 0.340972 0.595062 0.051389 0.088889
2 0.63125 0.4 0.054167 0.079012
2 0.579167 0.349383 0.052778 0.091358
2 0.709028 0.239506 0.048611 0.069136
2 0.586111 0.148148 0.038889 0.069136
1 0.275 0.818519 0.097222 0.180247
1 0.109028 0.453086 0.095833 0.130864
1 0.152778 0.255556 0.05 0.076543
1 0.483333 0.35679 0.038889 0.08642
1 0.527778 0.379012 0.033333 0.076543
1 0.69375 0.887654 0.079167 0.140741
1 0.886111 0.750617 0.080556 0.167901
2 0.977083 0.787654 0.048611 0.167901
2 0.817361 0.920988 0.081944 0.133333
2 0.758333 0.825926 0.080556 0.116049