1 0.930556 0.583951 0.038889 0.066667
1 0.833333 0.807407 0.05 0.103704
1 0.834028 0.623457 0.051389 0.081481
1 0.710417 0.41358 0.045833 0.066667
1 0.534028 0.246914 0.040278 0.079012
1 0.39375 0.053086 0.0375 0.061728
1 0.407639 0.122222 0.043056 0.05679
1 0.3875 0.269136 0.052778 0.103704
1 0.241667 0.292593 0.058333 0.051852
1 0.311111 0.533333 0.072222 0.093827
1 0.561111 0.681481 0.061111 0.093827
1 0.464583 0.532099 0.068056 0.120988
2 0.73125 0.723457 0.059722 0.088889
2 0.704167 0.792593 0.069444 0.123457
2 0.614583 0.7 0.070833 0.116049
2 0.515278 0.971605 0.069444 0.061728
2 0.329861 0.737037 0.0625 0.106173
2 0.2875 0.948148 0.088889 0.108642
2 0.047222 0.965432 0.088889 0.074074