2 0.243056 0.441975 0.044444 0.069136
2 0.880556 0.760494 0.144444 0.271605
2 0.558333 0.864198 0.083333 0.14321
2 0.59375 0.638272 0.056944 0.08642
2 0.449306 0.804938 0.076389 0.093827
2 0.344444 0.94321 0.094444 0.118519
2 0.266667 0.696296 0.077778 0.108642
2 0.154167 0.745679 0.088889 0.123457
1 0.094444 0.403704 0.083333 0.120988
1 0.130556 0.133333 0.052778 0.079012
1 0.694444 0.130864 0.1 0.17284
1 0.836111 0.17037 0.111111 0.17284
0 0.785417 0.579012 0.076389 0.071605
0 0.225 0.344444 0.083333 0.091358
1 0.286111 0.080247 0.061111 0.106173
1 0.361806 0.151852 0.0625 0.111111