1 0.477778 0.533333 0.033333 0.069136
2 0.917361 0.81358 0.073611 0.125926
2 0.844444 0.806173 0.072222 0.120988
2 0.593056 0.919753 0.063889 0.101235
1 0.01875 0.691358 0.034722 0.083951
1 0.128472 0.735802 0.056944 0.054321
1 0.196528 0.746914 0.045833 0.071605
1 0.824306 0.47284 0.051389 0.08642
1 0.910417 0.320988 0.079167 0.11358
1 0.953472 0.474074 0.095833 0.197531
1 0.730556 0.891358 0.080556 0.158025
1 0.570139 0.804938 0.056944 0.093827
1 0.388194 0.755556 0.054167 0.093827
1 0.329861 0.977778 0.043056 0.049383
1 0.038194 0.97284 0.073611 0.059259