2 0.711806 0.7 0.126389 0.219753
2 0.509028 0.824691 0.134722 0.202469
2 0.576389 0.409877 0.069444 0.128395
2 0.427083 0.481481 0.079167 0.148148
1 0.572222 0.941975 0.091667 0.116049
1 0.901389 0.041975 0.116667 0.079012
1 0.913889 0.195062 0.111111 0.222222
1 0.826389 0.137037 0.102778 0.234568
1 0.710417 0.053086 0.1125 0.101235
1 0.851389 0.391358 0.130556 0.195062
1 0.950694 0.546914 0.101389 0.219753
1 0.863889 0.720988 0.116667 0.212346
1 0.826389 0.596296 0.102778 0.195062
1 0.374306 0.767901 0.068056 0.103704
1 0.368056 0.91358 0.075 0.128395
1 0.427083 0.144444 0.134722 0.264198
1 0.300694 0.190123 0.106944 0.167901
1 0.294444 0.644444 0.083333 0.11358
0 0.769444 0.45679 0.058333 0.237037
0 0.570833 0.211111 0.133333 0.293827
0 0.580556 0.704938 0.147222 0.195062