2 0.732639 0.639506 0.0375 0.074074
2 0.654861 0.783951 0.043056 0.05679
2 0.227083 0.844444 0.059722 0.093827
2 0.554167 0.875309 0.080556 0.101235
1 0.563194 0.720988 0.068056 0.123457
1 0.527083 0.651852 0.051389 0.079012
1 0.477083 0.679012 0.051389 0.088889
1 0.282639 0.716049 0.043056 0.059259
1 0.45625 0.565432 0.029167 0.039506
1 0.421528 0.590123 0.034722 0.044444
1 0.384722 0.625926 0.036111 0.041975
2 0.654167 0.57284 0.036111 0.049383
1 0.677778 0.439506 0.033333 0.039506
1 0.859722 0.461728 0.044444 0.054321
1 0.919444 0.422222 0.041667 0.049383