1 0.522917 0.42963 0.043056 0.103704
2 0.907639 0.040741 0.065278 0.076543
1 0.79375 0.05679 0.104167 0.108642
1 0.636111 0.033333 0.055556 0.061728
1 0.64375 0.138272 0.054167 0.118519
1 0.779861 0.293827 0.070833 0.133333
1 0.196528 0.560494 0.076389 0.14321
2 0.040972 0.238272 0.059722 0.076543
2 0.090278 0.42963 0.091667 0.14321
2 0.381944 0.224691 0.052778 0.103704
2 0.565972 0.280247 0.054167 0.106173
2 0.435417 0.562963 0.056944 0.093827
2 0.971528 0.779012 0.059722 0.106173
2 0.947917 0.928395 0.106944 0.148148
2 0.584028 0.895062 0.065278 0.140741
2 0.489583 0.809877 0.065278 0.118519
2 0.155556 0.766667 0.1 0.155556
2 0.120833 0.902469 0.080556 0.125926