2 0.655556 0.537037 0.061111 0.08642
2 0.632639 0.6 0.048611 0.088889
2 0.873611 0.52963 0.052778 0.081481
2 0.910417 0.734568 0.065278 0.106173
2 0.986111 0.92716 0.030556 0.120988
2 0.523611 0.390123 0.038889 0.069136
2 0.641667 0.350617 0.058333 0.098765
2 0.852083 0.291358 0.048611 0.083951
2 0.625694 0.240741 0.034722 0.046914
2 0.516667 0.203704 0.066667 0.081481
2 0.097917 0.438272 0.043056 0.071605
2 0.316667 0.133333 0.052778 0.083951
1 0.442361 0.393827 0.068056 0.111111
1 0.439583 0.076543 0.051389 0.093827
1 0.497222 0.074074 0.055556 0.103704
1 0.806944 0.02716 0.041667 0.049383
1 0.6875 0.053086 0.038889 0.08642
1 0.695833 0.438272 0.058333 0.081481
1 0.963194 0.507407 0.051389 0.096296
2 0.411806 0.223457 0.048611 0.066667