2 0.879167 0.276543 0.058333 0.098765
1 0.579167 0.506173 0.038889 0.098765
1 0.689583 0.709877 0.0625 0.091358
1 0.786111 0.239506 0.033333 0.083951
1 0.670833 0.277778 0.05 0.096296
1 0.474306 0.307407 0.048611 0.096296
1 0.413889 0.31358 0.052778 0.083951
1 0.415278 0.683951 0.088889 0.162963
2 0.847917 0.52963 0.045833 0.076543
2 0.886806 0.811111 0.054167 0.106173
2 0.654861 0.833333 0.068056 0.101235
2 0.627778 0.898765 0.047222 0.083951
2 0.609722 0.97284 0.027778 0.059259
2 0.502778 0.665432 0.036111 0.076543
2 0.628472 0.591358 0.054167 0.116049
2 0.609722 0.47284 0.038889 0.046914
2 0.495139 0.455556 0.070833 0.091358
2 0.390972 0.464198 0.043056 0.059259
2 0.2875 0.350617 0.047222 0.079012
2 0.1125 0.930864 0.05 0.093827
2 0.025 0.718519 0.047222 0.093827