0 0.225694 0.711111 0.051389 0.098765
1 0.14375 0.930864 0.1125 0.14321
1 0.769444 0.181481 0.102778 0.17037
1 0.782639 0.476543 0.073611 0.148148
1 0.611806 0.31358 0.059722 0.123457
1 0.593056 0.190123 0.055556 0.108642
1 0.218056 0.054321 0.055556 0.103704
1 0.027083 0.171605 0.051389 0.165432
2 0.354167 0.077778 0.058333 0.081481
2 0.879861 0.164198 0.0625 0.096296
2 0.031944 0.816049 0.061111 0.195062
2 0.338194 0.480247 0.056944 0.106173
2 0.544444 0.48642 0.05 0.11358
2 0.422917 0.87037 0.065278 0.130864
2 0.357639 0.676543 0.054167 0.088889