3 0.053472 0.322222 0.104167 0.140741
3 0.102778 0.934568 0.180556 0.135802
3 0.124306 0.762963 0.198611 0.281481
2 0.670139 0.833333 0.2625 0.338272
3 0.241667 0.735802 0.119444 0.241975
1 0.217361 0.948148 0.143056 0.108642
1 0.326389 0.935802 0.147222 0.133333
1 0.497222 0.877778 0.188889 0.249383
3 0.461806 0.798765 0.143056 0.234568
3 0.474306 0.654321 0.118056 0.17284
0 0.325694 0.764198 0.190278 0.303704
0 0.352083 0.809877 0.151389 0.237037
2 0.234722 0.5 0.155556 0.234568
1 0.389583 0.420988 0.098611 0.155556
2 0.429861 0.260494 0.120833 0.125926
2 0.400694 0.114815 0.101389 0.125926
3 0.465278 0.48642 0.122222 0.17284
3 0.5875 0.640741 0.141667 0.259259
0 0.629167 0.549383 0.186111 0.214815
0 0.638194 0.508642 0.093056 0.217284
1 0.741667 0.419753 0.147222 0.261728
0 0.974306 0.919753 0.054167 0.165432
3 0.841667 0.720988 0.202778 0.271605
3 0.938889 0.676543 0.125 0.251852
3 0.871528 0.495062 0.148611 0.214815
3 0.965972 0.462963 0.068056 0.130864
0 0.550694 0.137037 0.104167 0.08642
1 0.552778 0.234568 0.108333 0.158025
3 0.830556 0.324691 0.094444 0.091358
3 0.627778 0.318519 0.116667 0.153086
3 0.70625 0.288889 0.076389 0.108642
3 0.780556 0.22963 0.088889 0.093827
3 0.765972 0.185185 0.079167 0.093827
1 0.635417 0.091358 0.095833 0.177778
1 0.695833 0.166667 0.094444 0.125926
1 0.736806 0.069136 0.098611 0.133333
1 0.810417 0.077778 0.079167 0.145679
1 0.888889 0.037037 0.088889 0.069136
0 0.920833 0.338272 0.161111 0.123457
0 0.871528 0.196296 0.123611 0.209877
1 0.981944 0.117284 0.038889 0.190123
3 0.929861 0.220988 0.065278 0.091358
0 0.959028 0.033333 0.070833 0.061728