1 0.545139 0.498765 0.043056 0.103704
2 0.363194 0.496296 0.051389 0.079012
2 0.563889 0.383951 0.05 0.130864
2 0.845833 0.222222 0.086111 0.103704
2 0.940278 0.316049 0.094444 0.128395
2 0.608333 0.707407 0.069444 0.130864
2 0.432639 0.964198 0.090278 0.076543
1 0.238194 0.48642 0.081944 0.153086
1 0.142361 0.216049 0.076389 0.116049
1 0.215972 0.135802 0.073611 0.088889
1 0.342361 0.293827 0.0625 0.133333
1 0.468056 0.098765 0.066667 0.11358
1 0.628472 0.224691 0.076389 0.138272
1 0.734722 0.535802 0.1 0.162963
1 0.764583 0.934568 0.123611 0.135802
1 0.741667 0.02716 0.052778 0.049383