1 0.919444 0.092593 0.163889 0.180247
0 0.763889 0.033333 0.088889 0.061728
0 0.738889 0.097531 0.133333 0.101235
0 0.791667 0.206173 0.186111 0.204938
0 0.905556 0.328395 0.191667 0.212346
3 0.9125 0.48642 0.177778 0.276543
3 0.681944 0.208642 0.1 0.185185
3 0.601389 0.125926 0.127778 0.153086
3 0.497917 0.064198 0.109722 0.118519
0 0.360417 0.144444 0.084722 0.224691
0 0.488889 0.154321 0.169444 0.175309
0 0.588889 0.279012 0.119444 0.202469
1 0.739583 0.334568 0.2125 0.274074
1 0.586806 0.440741 0.120833 0.22963
3 0.899306 0.825926 0.201389 0.323457
3 0.724306 0.864198 0.190278 0.276543
0 0.736111 0.716049 0.447222 0.558025
0 0.463889 0.450617 0.158333 0.34321
0 0.146528 0.328395 0.159722 0.237037
0 0.202778 0.453086 0.161111 0.17037
3 0.164583 0.090123 0.123611 0.155556
3 0.071528 0.892593 0.140278 0.219753
0 0.281944 0.593827 0.438889 0.283951