1 0.161806 0.754321 0.229167 0.45679
0 0.059028 0.817284 0.1125 0.365432
2 0.052083 0.435802 0.098611 0.204938
2 0.072222 0.209877 0.133333 0.158025
1 0.131944 0.395062 0.152778 0.232099
3 0.139583 0.525926 0.134722 0.276543
0 0.192361 0.225926 0.104167 0.106173
1 0.275 0.177778 0.141667 0.207407
1 0.286806 0.297531 0.126389 0.190123
3 0.258333 0.502469 0.108333 0.239506
3 0.341667 0.853086 0.191667 0.298765
3 0.249306 0.78642 0.076389 0.323457
1 0.605556 0.849383 0.308333 0.306173
3 0.507639 0.791358 0.181944 0.219753
0 0.5625 0.628395 0.447222 0.274074
3 0.324306 0.64321 0.098611 0.145679
3 0.407639 0.519753 0.129167 0.135802
3 0.827083 0.498765 0.226389 0.276543
3 0.609028 0.466667 0.148611 0.187654
0 0.445833 0.379012 0.163889 0.279012
3 0.536111 0.371605 0.125 0.150617
3 0.374306 0.31358 0.1125 0.153086
1 0.405556 0.145679 0.130556 0.212346
1 0.496528 0.177778 0.151389 0.266667
1 0.581944 0.080247 0.138889 0.155556
1 0.655556 0.22963 0.158333 0.271605
3 0.663889 0.35679 0.125 0.061728
1 0.722222 0.117284 0.141667 0.224691
0 0.872917 0.15679 0.226389 0.308642
0 0.922917 0.062963 0.151389 0.120988