1 0.809722 0.409877 0.058333 0.083951
1 0.585417 0.202469 0.0375 0.059259
1 0.669444 0.255556 0.036111 0.061728
1 0.895139 0.804938 0.073611 0.108642
1 0.945139 0.916049 0.1125 0.158025
1 0.986111 0.648148 0.030556 0.076543
1 0.729167 0.51358 0.044444 0.054321
1 0.638889 0.625926 0.05 0.081481
1 0.650694 0.753086 0.051389 0.088889
1 0.572222 0.780247 0.033333 0.064198
1 0.470139 0.61358 0.043056 0.076543
1 0.564583 0.549383 0.043056 0.08642
1 0.411111 0.514815 0.038889 0.05679
1 0.368056 0.549383 0.041667 0.061728
1 0.4 0.681481 0.05 0.079012
1 0.040278 0.44321 0.077778 0.101235
2 0.780556 0.681481 0.052778 0.074074
2 0.586806 0.882716 0.051389 0.076543
2 0.460417 0.955556 0.068056 0.093827