0 0.524306 0.475309 0.054167 0.08642
0 0.436111 0.52716 0.05 0.135802
1 0.484028 0.488889 0.051389 0.093827
1 0.497222 0.65679 0.055556 0.123457
1 0.547222 0.68642 0.063889 0.108642
3 0.529861 0.590123 0.051389 0.074074
3 0.577778 0.595062 0.061111 0.088889
3 0.566667 0.719753 0.058333 0.106173
3 0.603472 0.667901 0.051389 0.08642
3 0.625694 0.620988 0.059722 0.066667
3 0.605556 0.788889 0.077778 0.101235
3 0.646528 0.746914 0.054167 0.071605
0 0.623611 0.703704 0.063889 0.079012
1 0.717361 0.717284 0.0625 0.096296
0 0.802778 0.732099 0.066667 0.116049
1 0.636806 0.87284 0.076389 0.140741
1 0.7 0.760494 0.069444 0.108642
0 0.68125 0.82716 0.070833 0.064198
1 0.754167 0.850617 0.080556 0.130864
3 0.636806 0.428395 0.054167 0.066667
1 0.773611 0.550617 0.044444 0.11358
3 0.686806 0.644444 0.056944 0.093827
3 0.747917 0.654321 0.068056 0.093827
3 0.78125 0.797531 0.079167 0.093827
3 0.865278 0.609877 0.069444 0.093827
3 0.884722 0.814815 0.080556 0.098765
3 0.963194 0.865432 0.076389 0.125926
0 0.770833 0.948148 0.086111 0.108642