0 0.109028 0.708642 0.2125 0.390123
3 0.036806 0.361728 0.070833 0.135802
3 0.031944 0.214815 0.061111 0.162963
0 0.115278 0.385185 0.152778 0.108642
0 0.125694 0.461728 0.193056 0.093827
0 0.243056 0.287654 0.091667 0.135802
3 0.188889 0.202469 0.088889 0.069136
0 0.150694 0.160494 0.090278 0.088889
3 0.161111 0.520988 0.177778 0.177778
3 0.302778 0.408642 0.127778 0.17037
1 0.402083 0.518519 0.123611 0.222222
1 0.475 0.367901 0.138889 0.241975
0 0.369444 0.639506 0.163889 0.380247
3 0.309722 0.72716 0.086111 0.22963
0 0.227083 0.716049 0.104167 0.340741
0 0.329861 0.918519 0.284722 0.167901
0 0.525694 0.782716 0.126389 0.439506
0 0.793056 0.933333 0.175 0.138272
1 0.336806 0.17037 0.106944 0.17284
3 0.379861 0.118519 0.101389 0.079012
0 0.620139 0.488889 0.204167 0.192593
3 0.620139 0.561728 0.143056 0.111111
3 0.59375 0.341975 0.118056 0.106173
0 0.422917 0.24321 0.1125 0.140741
3 0.479167 0.277778 0.127778 0.076543
3 0.515278 0.201235 0.116667 0.111111
3 0.442361 0.120988 0.0625 0.074074
3 0.507639 0.090123 0.115278 0.130864
1 0.602778 0.201235 0.105556 0.185185
1 0.786806 0.714815 0.181944 0.293827
1 0.86875 0.514815 0.179167 0.249383
3 0.945833 0.590123 0.111111 0.202469
0 0.906944 0.423457 0.188889 0.145679
0 0.84375 0.359259 0.181944 0.111111
0 0.799306 0.296296 0.181944 0.148148
1 0.683333 0.180247 0.091667 0.187654
1 0.765972 0.167901 0.109722 0.177778
2 0.871528 0.17284 0.159722 0.177778
1 0.625 0.024691 0.072222 0.044444
3 0.69375 0.037037 0.101389 0.069136
3 0.78125 0.061728 0.081944 0.098765
0 0.830556 0.054321 0.080556 0.103704
1 0.880556 0.039506 0.072222 0.074074
3 0.94375 0.04321 0.115278 0.081481
3 0.946528 0.111111 0.109722 0.118519