1 0.19375 0.560494 0.3375 0.592593
1 0.110417 0.201235 0.215278 0.397531
1 0.285417 0.161728 0.226389 0.298765
0 0.321528 0.267901 0.201389 0.209877
3 0.388889 0.493827 0.152778 0.261728
0 0.533333 0.216049 0.161111 0.42716
1 0.608333 0.117284 0.066667 0.224691
3 0.486806 0.540741 0.1125 0.350617
3 0.672222 0.696296 0.302778 0.350617
3 0.886111 0.101235 0.213889 0.197531
0 0.729167 0.250617 0.372222 0.219753
0 0.875 0.488889 0.252778 0.340741
0 0.914583 0.712346 0.173611 0.249383
3 0.885417 0.903704 0.231944 0.197531
0 0.707639 0.882716 0.181944 0.239506