1 0.494444 0.118519 0.041667 0.054321
1 0.179167 0.359259 0.058333 0.071605
1 0.405556 0.237037 0.052778 0.088889
1 0.956944 0.254321 0.063889 0.074074
1 0.870139 0.676543 0.051389 0.123457
1 0.672917 0.174074 0.056944 0.08642
1 0.751389 0.274074 0.075 0.103704
1 0.722917 0.959259 0.068056 0.08642
1 0.230556 0.964198 0.152778 0.076543
2 0.857639 0.338272 0.076389 0.079012
2 0.848611 0.509877 0.072222 0.101235
2 0.761111 0.577778 0.058333 0.098765
2 0.790278 0.819753 0.094444 0.123457
2 0.327778 0.841975 0.063889 0.108642
2 0.154861 0.838272 0.095833 0.130864
2 0.077083 0.81358 0.081944 0.111111