3 0.588889 0.059259 0.094444 0.11358
0 0.670833 0.091358 0.125 0.11358
0 0.722917 0.066667 0.115278 0.128395
3 0.439583 0.079012 0.101389 0.153086
3 0.336111 0.1 0.136111 0.195062
0 0.3375 0.704938 0.361111 0.595062
3 0.663194 0.183951 0.140278 0.116049
1 0.546528 0.233333 0.165278 0.244444
1 0.622917 0.365432 0.1375 0.192593
1 0.725 0.296296 0.122222 0.202469
1 0.445833 0.565432 0.191667 0.325926
1 0.711111 0.802469 0.263889 0.4
0 0.564583 0.650617 0.131944 0.382716
0 0.729861 0.585185 0.229167 0.311111
0 0.788889 0.369136 0.188889 0.274074
1 0.849306 0.575309 0.151389 0.251852
1 0.896528 0.307407 0.079167 0.150617
0 0.931944 0.475309 0.138889 0.224691
1 0.977083 0.635802 0.048611 0.180247
1 0.966667 0.833333 0.069444 0.244444