0 0.669444 0.260494 0.063889 0.111111
3 0.05625 0.232099 0.045833 0.074074
0 0.027083 0.544444 0.051389 0.150617
1 0.103472 0.323457 0.0625 0.093827
3 0.114583 0.393827 0.031944 0.096296
1 0.134722 0.187654 0.058333 0.079012
3 0.160417 0.230864 0.054167 0.071605
1 0.10625 0.506173 0.079167 0.138272
0 0.161111 0.379012 0.083333 0.254321
3 0.225 0.485185 0.083333 0.130864
3 0.214583 0.402469 0.065278 0.103704
3 0.222917 0.32963 0.056944 0.071605
1 0.207639 0.179012 0.065278 0.101235
1 0.301389 0.192593 0.077778 0.128395
1 0.241667 0.277778 0.061111 0.096296
0 0.3125 0.246914 0.080556 0.074074
1 0.384028 0.262963 0.0625 0.111111
1 0.322917 0.681481 0.095833 0.167901
1 0.407639 0.68642 0.095833 0.177778
1 0.397917 0.554321 0.0875 0.165432
1 0.450694 0.48642 0.098611 0.187654
0 0.328472 0.414815 0.126389 0.187654
3 0.402083 0.228395 0.059722 0.111111
3 0.343056 0.361728 0.072222 0.08642
3 0.404167 0.361728 0.102778 0.116049
3 0.411806 0.440741 0.079167 0.116049
3 0.472917 0.334568 0.073611 0.096296
3 0.53125 0.293827 0.076389 0.123457
0 0.497917 0.21358 0.0875 0.101235
1 0.532639 0.460494 0.093056 0.175309
3 0.5875 0.362963 0.077778 0.103704
3 0.567361 0.481481 0.054167 0.167901
0 0.629167 0.404938 0.113889 0.118519
3 0.627083 0.530864 0.106944 0.158025
3 0.663194 0.444444 0.0875 0.098765
1 0.688194 0.623457 0.129167 0.209877
1 0.766667 0.51358 0.116667 0.153086
1 0.740972 0.418519 0.109722 0.135802
1 0.75 0.332099 0.102778 0.125926
0 0.845833 0.517284 0.080556 0.283951
3 0.85625 0.385185 0.115278 0.128395
0 0.666667 0.124691 0.113889 0.140741
1 0.772917 0.051852 0.068056 0.093827
3 0.734028 0.161728 0.095833 0.125926
3 0.773611 0.207407 0.080556 0.138272
1 0.820833 0.161728 0.058333 0.08642
0 0.845833 0.255556 0.094444 0.140741
0 0.895833 0.240741 0.075 0.130864
0 0.939583 0.246914 0.068056 0.148148
0 0.980556 0.203704 0.041667 0.096296
0 0.954861 0.359259 0.093056 0.125926
0 0.970139 0.502469 0.0625 0.140741
0 0.266667 0.850617 0.102778 0.120988
0 0.558333 0.723457 0.225 0.148148
0 0.690972 0.906173 0.123611 0.192593
0 0.484722 0.87037 0.111111 0.264198
3 0.484722 0.814815 0.116667 0.192593
3 0.924306 0.064198 0.118056 0.123457