1 0.685417 0.782716 0.095833 0.162963
1 0.816667 0.571605 0.1 0.155556
1 0.720833 0.259259 0.058333 0.108642
2 0.770833 0.216049 0.033333 0.066667
1 0.499306 0.179012 0.059722 0.101235
1 0.358333 0.483951 0.055556 0.098765
2 0.580556 0.025926 0.066667 0.046914
2 0.443056 0.395062 0.052778 0.064198
2 0.680556 0.640741 0.058333 0.106173
2 0.597222 0.288889 0.075 0.128395
2 0.635417 0.22963 0.051389 0.098765
2 0.988194 0.37284 0.026389 0.059259
2 0.922917 0.414815 0.070833 0.098765
2 0.929167 0.512346 0.05 0.071605
2 0.970833 0.820988 0.061111 0.145679