1 0.740278 0.295062 0.047222 0.071605
1 0.541667 0.340741 0.047222 0.093827
1 0.4375 0.471605 0.041667 0.083951
1 0.31875 0.406173 0.048611 0.071605
1 0.363889 0.355556 0.044444 0.064198
1 0.366667 0.575309 0.055556 0.11358
1 0.642361 0.449383 0.051389 0.093827
1 0.679861 0.639506 0.065278 0.108642
1 0.979167 0.690123 0.044444 0.091358
2 0.540278 0.967901 0.072222 0.069136
2 0.470139 0.923457 0.079167 0.128395
2 0.604861 0.77284 0.054167 0.088889
2 0.832639 0.516049 0.0625 0.088889
2 0.782639 0.453086 0.056944 0.081481