1 0.457639 0.75679 0.131944 0.190123
3 0.536806 0.871605 0.1375 0.241975
0 0.665972 0.925926 0.098611 0.153086
0 0.720139 0.879012 0.173611 0.246914
1 0.888194 0.844444 0.215278 0.316049
3 0.729167 0.68642 0.144444 0.22716
3 0.823611 0.669136 0.097222 0.222222
3 0.952778 0.867901 0.097222 0.269136
3 0.959028 0.708642 0.079167 0.158025
0 0.980556 0.596296 0.041667 0.155556
3 0.922222 0.565432 0.136111 0.128395
3 0.889583 0.504938 0.106944 0.150617
1 0.80625 0.490123 0.1375 0.175309
1 0.872917 0.381481 0.106944 0.140741
1 0.838889 0.324691 0.102778 0.140741
1 0.935417 0.365432 0.101389 0.177778
1 0.977778 0.367901 0.047222 0.25679
1 0.643056 0.54321 0.136111 0.212346
1 0.733333 0.379012 0.105556 0.2
0 0.635417 0.381481 0.134722 0.135802
2 0.503472 0.540741 0.1375 0.158025
2 0.470139 0.350617 0.109722 0.148148
2 0.278472 0.822222 0.181944 0.316049
3 0.116667 0.57037 0.105556 0.14321