0 0.8125 0.141975 0.088889 0.066667
1 0.536806 0.564198 0.034722 0.08642
1 0.684722 0.587654 0.080556 0.128395
1 0.614583 0.324691 0.056944 0.120988
1 0.717361 0.140741 0.054167 0.079012
1 0.475694 0.206173 0.056944 0.101235
1 0.256944 0.237037 0.061111 0.079012
1 0.193056 0.296296 0.061111 0.093827
1 0.268056 0.524691 0.072222 0.125926
1 0.35625 0.381481 0.051389 0.111111
2 0.420833 0.95679 0.088889 0.091358
2 0.582639 0.750617 0.068056 0.11358
2 0.865972 0.416049 0.076389 0.106173
2 0.793056 0.335802 0.069444 0.079012
2 0.372222 0.553086 0.047222 0.079012
2 0.55625 0.460494 0.048611 0.101235