0 0.747917 0.117284 0.190278 0.17037
0 0.691667 0.182716 0.191667 0.177778
3 0.65 0.04321 0.136111 0.081481
3 0.71875 0.371605 0.215278 0.219753
1 0.605556 0.561728 0.369444 0.550617
3 0.164583 0.385185 0.270833 0.434568
3 0.346528 0.293827 0.201389 0.414815
0 0.488194 0.249383 0.143056 0.444444
3 0.569444 0.198765 0.105556 0.239506
0 0.263889 0.1 0.161111 0.111111
0 0.093056 0.085185 0.183333 0.165432
0 0.376389 0.038272 0.066667 0.071605
1 0.886806 0.602469 0.229167 0.42963
1 0.823611 0.769136 0.302778 0.466667