1 0.415278 0.897531 0.116667 0.204938
3 0.243056 0.816049 0.125 0.165432
0 0.151389 0.866667 0.125 0.241975
0 0.2375 0.693827 0.155556 0.167901
0 0.325694 0.679012 0.206944 0.158025
3 0.111111 0.469136 0.077778 0.128395
3 0.213194 0.382716 0.079167 0.118519
3 0.338889 0.314815 0.083333 0.096296
0 0.353472 0.393827 0.123611 0.101235
0 0.397917 0.420988 0.106944 0.08642
0 0.477083 0.290123 0.109722 0.106173
3 0.477083 0.360494 0.076389 0.088889
3 0.384028 0.188889 0.068056 0.101235
3 0.451389 0.174074 0.063889 0.08642
3 0.494444 0.108642 0.063889 0.083951
0 0.529861 0.144444 0.070833 0.081481
3 0.546528 0.188889 0.070833 0.076543
0 0.402778 0.550617 0.116667 0.123457
0 0.472222 0.675309 0.091667 0.249383
1 0.43125 0.504938 0.068056 0.066667
1 0.496528 0.44321 0.079167 0.150617
3 0.524306 0.698765 0.079167 0.192593
3 0.58125 0.591358 0.101389 0.150617
3 0.697222 0.02963 0.077778 0.049383
3 0.81875 0.044444 0.0875 0.083951
0 0.584722 0.94321 0.136111 0.118519
0 0.713194 0.880247 0.256944 0.244444
1 0.575 0.260494 0.072222 0.120988
3 0.583333 0.45679 0.083333 0.108642
0 0.586806 0.377778 0.081944 0.093827
3 0.653472 0.432099 0.104167 0.108642
3 0.654861 0.254321 0.079167 0.098765
3 0.720833 0.346914 0.111111 0.195062
3 0.773611 0.417284 0.072222 0.138272
1 0.661806 0.528395 0.093056 0.138272
1 0.694444 0.622222 0.105556 0.177778
1 0.791667 0.690123 0.111111 0.214815
2 0.864583 0.392593 0.156944 0.197531
0 0.800694 0.517284 0.109722 0.111111
2 0.904167 0.887654 0.194444 0.22963
3 0.858333 0.67284 0.061111 0.190123
3 0.900694 0.628395 0.098611 0.155556
3 0.95 0.733333 0.102778 0.17284
3 0.952083 0.539506 0.073611 0.145679
3 0.980556 0.530864 0.041667 0.153086
1 0.961111 0.406173 0.080556 0.116049