0 0.968056 0.559259 0.066667 0.091358
1 0.332639 0.569136 0.043056 0.076543
1 0.288889 0.445679 0.041667 0.066667
1 0.293056 0.38642 0.038889 0.061728
1 0.351389 0.223457 0.036111 0.071605
1 0.442361 0.04321 0.045833 0.081481
1 0.534028 0.08642 0.048611 0.079012
2 0.622917 0.071605 0.056944 0.088889
1 0.675 0.122222 0.047222 0.08642
1 0.884722 0.555556 0.077778 0.108642
1 0.570139 0.617284 0.059722 0.123457
1 0.453472 0.953086 0.059722 0.098765
1 0.785417 0.893827 0.0875 0.17284
2 0.60625 0.540741 0.048611 0.079012
2 0.642361 0.523457 0.045833 0.074074
1 0.324306 0.798765 0.065278 0.101235
1 0.252083 0.914815 0.076389 0.130864
1 0.775 0.38642 0.047222 0.076543
2 0.808333 0.217284 0.05 0.118519