1 0.106944 0.276543 0.058333 0.098765
1 0.179861 0.325926 0.059722 0.11358
1 0.219444 0.346914 0.055556 0.08642
3 0.152778 0.277778 0.038889 0.061728
3 0.197222 0.250617 0.052778 0.05679
3 0.241667 0.206173 0.063889 0.096296
3 0.267361 0.253086 0.054167 0.076543
1 0.084722 0.575309 0.052778 0.098765
3 0.134722 0.564198 0.058333 0.106173
0 0.178472 0.644444 0.104167 0.123457
0 0.197222 0.71358 0.097222 0.128395
1 0.372222 0.391358 0.041667 0.066667
1 0.344444 0.651852 0.077778 0.138272
0 0.356944 0.355556 0.077778 0.049383
1 0.363194 0.238272 0.048611 0.051852
3 0.357639 0.287654 0.065278 0.066667
3 0.356944 0.512346 0.044444 0.116049
3 0.38125 0.575309 0.034722 0.093827
0 0.409722 0.654321 0.047222 0.320988
3 0.502083 0.723457 0.106944 0.162963
3 0.474306 0.592593 0.079167 0.093827
3 0.495139 0.51358 0.070833 0.088889
1 0.566667 0.565432 0.077778 0.138272
1 0.522917 0.451852 0.059722 0.098765
3 0.495139 0.398765 0.059722 0.05679
1 0.496528 0.344444 0.054167 0.071605
2 0.438889 0.22963 0.069444 0.079012
2 0.529167 0.145679 0.061111 0.083951
1 0.465278 0.269136 0.052778 0.069136
1 0.536111 0.293827 0.058333 0.108642
1 0.545833 0.381481 0.052778 0.08642
1 0.590278 0.350617 0.063889 0.093827
1 0.583333 0.438272 0.047222 0.081481
1 0.625694 0.445679 0.065278 0.08642
0 0.642361 0.495062 0.068056 0.091358
3 0.322222 0.035802 0.047222 0.066667
3 0.371528 0.054321 0.059722 0.059259
0 0.645139 0.638272 0.076389 0.175309
0 0.672222 0.677778 0.094444 0.140741
0 0.672222 0.760494 0.069444 0.074074
0 0.728472 0.458025 0.115278 0.17037
3 0.747917 0.708642 0.104167 0.167901
3 0.763889 0.835802 0.113889 0.165432
3 0.822222 0.703704 0.086111 0.138272
3 0.898611 0.697531 0.102778 0.175309
1 0.747917 0.933333 0.098611 0.138272
1 0.838889 0.88642 0.102778 0.197531
1 0.943056 0.918519 0.116667 0.167901
3 0.975 0.855556 0.052778 0.165432
3 0.886111 0.337037 0.083333 0.130864