0 0.356944 0.674074 0.086111 0.241975
0 0.509722 0.465432 0.144444 0.155556
3 0.733333 0.428395 0.058333 0.106173
0 0.559028 0.083951 0.073611 0.162963
0 0.500694 0.037037 0.068056 0.069136
0 0.178472 0.720988 0.065278 0.177778
0 0.246528 0.741975 0.048611 0.175309
0 0.2625 0.961728 0.158333 0.081481
0 0.368056 0.822222 0.194444 0.296296
0 0.381944 0.907407 0.119444 0.130864
1 0.523611 0.962963 0.094444 0.074074
1 0.441667 0.97037 0.094444 0.064198
1 0.48125 0.82716 0.120833 0.237037
1 0.602778 0.869136 0.119444 0.212346
3 0.695139 0.940741 0.140278 0.123457
0 0.602778 0.646914 0.136111 0.360494
1 0.559028 0.639506 0.093056 0.187654
0 0.357639 0.518519 0.129167 0.167901
0 0.464583 0.548148 0.131944 0.197531
1 0.430556 0.561728 0.063889 0.116049
0 0.397222 0.322222 0.111111 0.219753
0 0.471528 0.203704 0.095833 0.214815
1 0.706944 0.565432 0.102778 0.192593
1 0.729167 0.759259 0.147222 0.234568
1 0.615972 0.446914 0.101389 0.158025
1 0.509028 0.377778 0.093056 0.138272
0 0.639583 0.35679 0.218056 0.17037
3 0.682639 0.261728 0.131944 0.158025
0 0.797222 0.301235 0.230556 0.192593
0 0.35625 0.253086 0.070833 0.135802
0 0.327778 0.11358 0.063889 0.123457
0 0.445139 0.07284 0.076389 0.140741
1 0.560417 0.195062 0.065278 0.11358
0 0.632639 0.128395 0.2875 0.192593
1 0.659028 0.051852 0.0625 0.098765
3 0.751389 0.038272 0.113889 0.071605