3 0.198611 0.703704 0.119444 0.232099
0 0.357639 0.262963 0.0875 0.140741
1 0.114583 0.564198 0.179167 0.264198
1 0.05625 0.846914 0.109722 0.271605
0 0.23125 0.841975 0.184722 0.320988
0 0.21875 0.783951 0.179167 0.328395
0 0.294444 0.416049 0.208333 0.2
3 0.270833 0.502469 0.091667 0.111111
3 0.35 0.537037 0.116667 0.234568
3 0.2625 0.3 0.111111 0.17037
3 0.240972 0.22716 0.070833 0.217284
3 0.321528 0.148148 0.106944 0.133333
1 0.454861 0.18642 0.109722 0.244444
3 0.44375 0.404938 0.098611 0.232099
0 0.445833 0.702469 0.205556 0.34321
0 0.588194 0.466667 0.204167 0.276543
3 0.573611 0.728395 0.191667 0.330864
3 0.753472 0.791358 0.223611 0.358025
0 0.603472 0.230864 0.195833 0.165432
3 0.541667 0.140741 0.1 0.167901
0 0.566667 0.083951 0.083333 0.162963
1 0.652778 0.066667 0.136111 0.128395
1 0.744444 0.291358 0.15 0.212346
1 0.915972 0.382716 0.170833 0.325926