0 0.045139 0.891358 0.0875 0.103704
1 0.101389 0.732099 0.169444 0.214815
3 0.427778 0.811111 0.147222 0.244444
3 0.300694 0.853086 0.090278 0.209877
3 0.203472 0.955556 0.120833 0.088889
3 0.136111 0.904938 0.116667 0.195062
3 0.063889 0.802469 0.083333 0.074074
3 0.335417 0.675309 0.090278 0.165432
3 0.05 0.535802 0.097222 0.162963
0 0.333333 0.518519 0.105556 0.162963
0 0.251389 0.523457 0.083333 0.182716
1 0.176389 0.579012 0.105556 0.175309
1 0.140972 0.440741 0.0875 0.145679
1 0.209028 0.450617 0.079167 0.130864
1 0.225 0.311111 0.091667 0.153086
0 0.585417 0.707407 0.081944 0.323457
1 0.496528 0.483951 0.123611 0.192593
3 0.486111 0.581481 0.116667 0.101235
3 0.417361 0.391358 0.051389 0.130864
0 0.3875 0.459259 0.083333 0.167901
0 0.378472 0.322222 0.081944 0.101235
1 0.463194 0.317284 0.065278 0.150617
1 0.504861 0.265432 0.065278 0.120988
0 0.70625 0.467901 0.190278 0.17037
0 0.760417 0.406173 0.140278 0.111111
1 0.550694 0.371605 0.098611 0.155556
1 0.716667 0.348148 0.086111 0.14321
1 0.790278 0.245679 0.1 0.145679
1 0.63125 0.301235 0.068056 0.153086
1 0.686806 0.225926 0.076389 0.130864
1 0.716667 0.158025 0.077778 0.162963
1 0.878472 0.130864 0.104167 0.148148
2 0.926389 0.098765 0.111111 0.128395
3 0.657639 0.167901 0.059722 0.118519
3 0.688889 0.082716 0.083333 0.091358
3 0.599306 0.061728 0.090278 0.083951
3 0.536806 0.058025 0.070833 0.076543
3 0.425694 0.209877 0.0875 0.083951
0 0.389583 0.090123 0.134722 0.08642
1 0.581944 0.176543 0.088889 0.175309
0 0.515972 0.15679 0.070833 0.096296
1 0.488194 0.037037 0.081944 0.069136