0 0.241667 0.887654 0.083333 0.22963
1 0.305556 0.711111 0.063889 0.14321
3 0.347917 0.571605 0.073611 0.135802
0 0.302083 0.866667 0.045833 0.187654
1 0.329861 0.514815 0.070833 0.130864
1 0.386111 0.422222 0.077778 0.148148
1 0.4375 0.31358 0.066667 0.128395
1 0.452778 0.471605 0.072222 0.14321
1 0.420833 0.607407 0.083333 0.103704
1 0.383333 0.68642 0.086111 0.123457
1 0.35 0.82716 0.091667 0.167901
0 0.382639 0.944444 0.170833 0.116049
1 0.443056 0.806173 0.1 0.17037
0 0.489583 0.369136 0.0625 0.239506
0 0.465278 0.649383 0.094444 0.202469
0 0.5125 0.693827 0.075 0.28642
1 0.501389 0.911111 0.102778 0.182716
1 0.589583 0.820988 0.101389 0.195062
1 0.741667 0.881481 0.138889 0.237037
1 0.670139 0.677778 0.109722 0.195062
1 0.811806 0.517284 0.140278 0.2
1 0.584028 0.597531 0.081944 0.158025
1 0.663194 0.485185 0.1125 0.195062
1 0.570833 0.490123 0.080556 0.130864
1 0.539583 0.380247 0.084722 0.162963
1 0.599306 0.297531 0.084722 0.130864
0 0.597222 0.241975 0.147222 0.158025
0 0.552083 0.222222 0.106944 0.133333
0 0.516667 0.128395 0.041667 0.177778
1 0.677778 0.296296 0.086111 0.162963
1 0.559028 0.097531 0.059722 0.130864
1 0.617361 0.122222 0.070833 0.135802
0 0.703472 0.128395 0.151389 0.251852
1 0.802778 0.171605 0.088889 0.135802
0 0.75625 0.324691 0.104167 0.22963
0 0.953472 0.08642 0.095833 0.167901