1 0.307639 0.051852 0.065278 0.098765
0 0.680556 0.916049 0.094444 0.138272
1 0.865972 0.811111 0.076389 0.120988
2 0.070833 0.659259 0.105556 0.158025
2 0.396528 0.355556 0.090278 0.153086
2 0.745833 0.737037 0.077778 0.130864
2 0.63125 0.751852 0.093056 0.145679
2 0.678472 0.692593 0.090278 0.140741
2 0.536806 0.690123 0.084722 0.091358
2 0.458333 0.637037 0.080556 0.128395
2 0.469444 0.549383 0.055556 0.076543
2 0.496528 0.811111 0.070833 0.130864
2 0.125 0.790123 0.091667 0.083951
2 0.3 0.603704 0.086111 0.135802
2 0.295833 0.398765 0.125 0.195062