1 0.266667 0.935802 0.108333 0.133333
0 0.272222 0.803704 0.108333 0.195062
3 0.377778 0.924691 0.122222 0.155556
1 0.484028 0.907407 0.123611 0.185185
1 0.526389 0.764198 0.1 0.195062
1 0.438889 0.78642 0.086111 0.2
1 0.339583 0.775309 0.070833 0.14321
1 0.275694 0.677778 0.056944 0.135802
0 0.314583 0.692593 0.076389 0.2
3 0.395833 0.634568 0.091667 0.187654
1 0.352778 0.474074 0.091667 0.182716
1 0.386806 0.35679 0.081944 0.125926
1 0.463889 0.569136 0.108333 0.190123
1 0.580556 0.57037 0.102778 0.192593
1 0.665278 0.439506 0.130556 0.222222
0 0.397222 0.220988 0.041667 0.17037
1 0.446528 0.220988 0.081944 0.145679
1 0.413194 0.071605 0.059722 0.138272
1 0.5125 0.038272 0.091667 0.071605
0 0.452083 0.081481 0.054167 0.138272
0 0.472222 0.369136 0.094444 0.190123
0 0.573611 0.262963 0.138889 0.111111
3 0.519444 0.238272 0.094444 0.190123
3 0.693056 0.314815 0.127778 0.165432
3 0.576389 0.132099 0.083333 0.160494
0 0.604167 0.124691 0.1 0.224691
1 0.691667 0.090123 0.119444 0.175309
1 0.820139 0.218519 0.145833 0.249383
3 0.7625 0.546914 0.152778 0.264198