1 0.01875 0.4 0.034722 0.083951
1 0.091667 0.314815 0.044444 0.071605
1 0.341667 0.282716 0.038889 0.071605
1 0.347222 0.445679 0.044444 0.071605
1 0.438889 0.37284 0.041667 0.074074
1 0.505556 0.498765 0.047222 0.054321
1 0.493056 0.402469 0.036111 0.049383
1 0.542361 0.407407 0.034722 0.049383
1 0.603472 0.492593 0.0375 0.061728
1 0.727083 0.959259 0.045833 0.08642
1 0.822222 0.430864 0.047222 0.076543
1 0.841667 0.532099 0.044444 0.071605
2 0.131944 0.960494 0.088889 0.083951
1 0.454167 0.844444 0.075 0.133333