1 0.285417 0.404938 0.034722 0.059259
2 0.123611 0.545679 0.066667 0.069136
2 0.160417 0.391358 0.043056 0.061728
0 0.488194 0.72716 0.051389 0.135802
0 0.110417 0.655556 0.059722 0.061728
3 0.553472 0.964198 0.029167 0.076543
3 0.447222 0.946914 0.047222 0.066667
3 0.69375 0.869136 0.031944 0.054321
3 0.532639 0.862963 0.015278 0.041975
3 0.495139 0.84321 0.029167 0.032099
3 0.634028 0.902469 0.029167 0.051852
3 0.343056 0.883951 0.022222 0.039506
2 0.625694 0.635802 0.115278 0.150617
1 0.761111 0.324691 0.047222 0.096296
1 0.597222 0.776543 0.063889 0.111111
1 0.38125 0.534568 0.040278 0.066667
1 0.281944 0.759259 0.052778 0.071605
0 0.104861 0.311111 0.029167 0.083951
0 0.842361 0.876543 0.076389 0.069136
0 0.547222 0.449383 0.058333 0.059259
0 0.038194 0.806173 0.056944 0.130864
0 0.23125 0.575309 0.070833 0.069136
0 0.315278 0.58642 0.066667 0.061728
2 0.863889 0.954321 0.061111 0.081481
1 0.557639 0.046914 0.051389 0.088889