0 0.7 0.132099 0.038889 0.071605
0 0.613194 0.112346 0.043056 0.061728
0 0.584028 0.191358 0.034722 0.08642
0 0.976389 0.108642 0.05 0.083951
2 0.848611 0.954321 0.066667 0.096296
2 0.714583 0.832099 0.101389 0.148148
2 0.779861 0.697531 0.059722 0.091358
2 0.769444 0.403704 0.05 0.081481
2 0.670833 0.382716 0.05 0.083951
1 0.777778 0.155556 0.044444 0.069136
1 0.348611 0.846914 0.086111 0.22716
1 0.420139 0.093827 0.043056 0.069136
1 0.308333 0.128395 0.047222 0.054321
0 0.430556 0.264198 0.080556 0.064198