1 0.76276 0.847222 0.038542 0.048148
1 0.740885 0.904398 0.034375 0.070833
1 0.596224 0.825463 0.042448 0.064815
1 0.38138 0.964352 0.058594 0.072222
1 0.550521 0.831944 0.052604 0.061111
1 0.033464 0.684491 0.066406 0.080093
2 0.854818 0.963657 0.045052 0.072685
2 0.245052 0.76412 0.067708 0.083796
2 0.283073 0.712037 0.038021 0.052778
2 0.774479 0.918287 0.036458 0.09213
2 0.72487 0.963426 0.040365 0.074074
2 0.666927 0.93588 0.042708 0.071759
2 0.075651 0.967361 0.067969 0.066204
2 0.317318 0.85463 0.05026 0.093519
2 0.22513 0.834722 0.048177 0.059259
2 0.181771 0.788426 0.058854 0.069444