1 0.409722 0.14321 0.038889 0.059259
0 0.679861 0.461728 0.065278 0.093827
2 0.122917 0.862963 0.070833 0.111111
1 0.375694 0.502469 0.054167 0.111111
1 0.616667 0.780247 0.069444 0.148148
1 0.618056 0.94321 0.063889 0.118519
1 0.925694 0.709877 0.104167 0.135802
2 0.190278 0.575309 0.072222 0.118519
1 0.591667 0.188889 0.041667 0.071605
1 0.361806 0.32716 0.040278 0.076543
3 0.339583 0.650617 0.026389 0.037037
2 0.311111 0.439506 0.058333 0.083951
0 0.561111 0.703704 0.036111 0.098765
2 0.559028 0.854321 0.051389 0.108642
0 0.177083 0.764198 0.101389 0.091358
0 0.133333 0.941975 0.047222 0.106173