1 0.213194 0.402469 0.029167 0.044444
1 0.307639 0.276543 0.051389 0.064198
1 0.39375 0.311111 0.043056 0.074074
1 0.550694 0.623457 0.059722 0.106173
1 0.5 0.801235 0.066667 0.116049
1 0.280556 0.72963 0.05 0.091358
1 0.159028 0.879012 0.056944 0.074074
1 0.836806 0.532099 0.054167 0.106173
1 0.898611 0.482716 0.047222 0.071605
2 0.127778 0.491358 0.044444 0.074074
2 0.452083 0.588889 0.040278 0.066667
2 0.33125 0.471605 0.040278 0.059259
1 0.510417 0.037037 0.040278 0.064198
1 0.615278 0.146914 0.022222 0.05679
1 0.538889 0.333333 0.038889 0.044444