0 0.453472 0.940741 0.065278 0.123457
0 0.072917 0.940741 0.098611 0.108642
0 0.184722 0.933333 0.1 0.138272
0 0.3 0.937037 0.036111 0.130864
1 0.414583 0.591358 0.054167 0.101235
1 0.358333 0.441975 0.063889 0.103704
1 0.149306 0.65679 0.0625 0.093827
1 0.636111 0.322222 0.033333 0.066667
1 0.775 0.383951 0.033333 0.071605
1 0.919444 0.466667 0.05 0.064198
1 0.165278 0.276543 0.061111 0.103704
1 0.135417 0.187654 0.0625 0.088889
1 0.160417 0.128395 0.056944 0.083951
1 0.036111 0.137037 0.069444 0.111111