1 0.245139 0.459259 0.090278 0.14321
1 0.369444 0.139506 0.061111 0.076543
1 0.403472 0.346914 0.068056 0.106173
1 0.518056 0.402469 0.044444 0.079012
1 0.609722 0.412346 0.047222 0.098765
1 0.527778 0.528395 0.061111 0.103704
1 0.683333 0.561728 0.052778 0.076543
1 0.708333 0.62963 0.05 0.074074
1 0.920139 0.682716 0.0625 0.096296
1 0.822917 0.844444 0.070833 0.133333
1 0.647222 0.897531 0.075 0.150617
1 0.560417 0.84321 0.079167 0.155556
1 0.464583 0.780247 0.0875 0.187654
1 0.35625 0.790123 0.0875 0.187654
1 0.329861 0.94321 0.129167 0.118519
0 0.709722 0.698765 0.038889 0.098765
0 0.589583 0.950617 0.076389 0.103704