0 0.288889 0.949383 0.063889 0.106173
2 0.553472 0.534568 0.056944 0.091358
2 0.295139 0.644444 0.070833 0.069136
2 0.343056 0.976543 0.063889 0.051852
2 0.395833 0.95679 0.052778 0.091358
2 0.307639 0.569136 0.068056 0.076543
0 0.665278 0.769136 0.108333 0.140741
2 0.611806 0.923457 0.1125 0.158025
2 0.597222 0.398765 0.086111 0.125926
1 0.972222 0.04321 0.058333 0.081481
1 0.168056 0.551852 0.041667 0.071605
1 0.1 0.812346 0.061111 0.098765
1 0.560417 0.62963 0.081944 0.11358
1 0.822222 0.574074 0.108333 0.165432
1 0.943056 0.651852 0.116667 0.158025