1 0.744444 0.145679 0.038889 0.069136
1 0.195139 0.595062 0.070833 0.167901
0 0.201389 0.795062 0.097222 0.182716
1 0.686806 0.958025 0.095833 0.088889
1 0.772917 0.809877 0.079167 0.167901
1 0.722917 0.548148 0.098611 0.167901
1 0.472917 0.398765 0.106944 0.140741
1 0.970833 0.264198 0.061111 0.138272
1 0.890972 0.276543 0.048611 0.069136
1 0.859722 0.314815 0.055556 0.091358
1 0.670139 0.133333 0.048611 0.064198
1 0.7 0.187654 0.061111 0.098765
1 0.708333 0.269136 0.041667 0.103704
1 0.899306 0.175309 0.048611 0.069136