1 0.415972 0.517284 0.043056 0.066667
1 0.416667 0.691358 0.041667 0.069136
1 0.317361 0.862963 0.048611 0.076543
1 0.290278 0.785185 0.05 0.103704
1 0.264583 0.91358 0.051389 0.093827
1 0.380556 0.887654 0.047222 0.08642
1 0.406944 0.851852 0.047222 0.093827
1 0.4375 0.817284 0.036111 0.079012
1 0.488194 0.781481 0.043056 0.08642
1 0.168056 0.412346 0.063889 0.103704
1 0.188194 0.653086 0.054167 0.101235
1 0.207639 0.751852 0.056944 0.101235
1 0.322917 0.958025 0.056944 0.088889
1 0.438194 0.962963 0.034722 0.074074
1 0.611111 0.819753 0.038889 0.079012
1 0.636111 0.888889 0.041667 0.088889
1 0.128472 0.896296 0.081944 0.118519