0 0.120139 0.365432 0.156944 0.083951
2 0.780556 0.171605 0.052778 0.076543
2 0.818056 0.212346 0.044444 0.069136
1 0.845139 0.082716 0.045833 0.071605
1 0.486111 0.033333 0.061111 0.061728
1 0.561806 0.112346 0.054167 0.096296
1 0.620833 0.038272 0.066667 0.071605
1 0.822917 0.155556 0.040278 0.059259
1 0.880556 0.192593 0.05 0.069136
1 0.86875 0.271605 0.051389 0.079012
1 0.968056 0.420988 0.063889 0.116049
1 0.360417 0.22963 0.095833 0.177778
1 0.28125 0.301235 0.070833 0.118519
1 0.268056 0.425926 0.083333 0.135802
1 0.042361 0.28642 0.081944 0.153086
2 0.58125 0.348148 0.104167 0.167901
3 0.202778 0.534568 0.061111 0.081481
2 0.284028 0.606173 0.093056 0.165432