0 0.979167 0.717284 0.044444 0.214815
2 0.483333 0.271605 0.063889 0.108642
1 0.329861 0.028395 0.0375 0.051852
1 0.35625 0.098765 0.043056 0.069136
1 0.395139 0.065432 0.048611 0.08642
1 0.605556 0.130864 0.047222 0.088889
1 0.656944 0.207407 0.055556 0.088889
1 0.696528 0.275309 0.043056 0.08642
1 0.865972 0.133333 0.045833 0.088889
1 0.955556 0.15679 0.044444 0.076543
1 0.832639 0.454321 0.040278 0.074074
1 0.754861 0.374074 0.034722 0.066667
1 0.725694 0.420988 0.054167 0.081481
1 0.327778 0.444444 0.05 0.11358
1 0.351389 0.540741 0.058333 0.123457
1 0.1625 0.332099 0.058333 0.101235
1 0.0375 0.361728 0.069444 0.106173
2 0.390972 0.932099 0.073611 0.125926
2 0.405556 0.774074 0.066667 0.120988
0 0.118056 0.592593 0.086111 0.103704