2 0.527083 0.597531 0.090278 0.14321
2 0.364583 0.798765 0.0625 0.116049
2 0.189583 0.91358 0.068056 0.098765
2 0.118056 0.661728 0.125 0.197531
1 0.579167 0.02716 0.055556 0.049383
1 0.085417 0.364198 0.070833 0.091358
1 0.023611 0.5 0.044444 0.140741
1 0.968056 0.667901 0.066667 0.116049
1 0.6625 0.392593 0.047222 0.079012
1 0.434028 0.566667 0.070833 0.096296
1 0.175 0.38642 0.077778 0.130864
1 0.38125 0.05679 0.068056 0.108642
1 0.453472 0.117284 0.065278 0.125926
1 0.538889 0.417284 0.066667 0.108642