0 0.725 0.08642 0.063889 0.167901
0 0.3875 0.606173 0.102778 0.185185
0 0.479167 0.198765 0.047222 0.096296
0 0.467361 0.34321 0.073611 0.118519
0 0.470833 0.391358 0.080556 0.111111
0 0.485417 0.509877 0.051389 0.120988
0 0.325 0.851852 0.072222 0.162963
1 0.282639 0.959259 0.104167 0.08642
1 0.238889 0.781481 0.088889 0.155556
1 0.338889 0.592593 0.069444 0.133333
1 0.361111 0.406173 0.091667 0.160494
1 0.290972 0.318519 0.043056 0.079012
1 0.213194 0.191358 0.068056 0.116049
1 0.365278 0.15679 0.052778 0.071605
1 0.264583 0.058025 0.054167 0.111111
1 0.200694 0.038272 0.051389 0.071605
3 0.836111 0.84321 0.063889 0.096296