1 0.751389 0.78642 0.044444 0.071605
1 0.880556 0.848148 0.055556 0.096296
2 0.407639 0.560494 0.059722 0.093827
2 0.270833 0.934568 0.136111 0.135802
1 0.536111 0.653086 0.047222 0.116049
1 0.554861 0.562963 0.040278 0.083951
1 0.725694 0.967901 0.056944 0.069136
1 0.611111 0.979012 0.041667 0.046914
1 0.565278 0.882716 0.041667 0.076543
1 0.518056 0.928395 0.052778 0.083951
1 0.45 0.490123 0.075 0.116049
1 0.575694 0.255556 0.045833 0.076543
1 0.365278 0.222222 0.061111 0.103704
1 0.30625 0.325926 0.070833 0.118519
1 0.323611 0.507407 0.091667 0.160494
1 0.201389 0.703704 0.122222 0.17284
1 0.065278 0.68642 0.127778 0.222222