2 0.422222 0.090123 0.066667 0.081481
2 0.632639 0.479012 0.084722 0.153086
2 0.423611 0.485185 0.086111 0.180247
1 0.059722 0.258025 0.116667 0.209877
1 0.445833 0.206173 0.072222 0.140741
1 0.518056 0.520988 0.094444 0.232099
3 0.630556 0.612346 0.055556 0.088889
1 0.772917 0.719753 0.198611 0.34321
1 0.911111 0.604938 0.180556 0.301235
1 0.822917 0.382716 0.076389 0.123457
1 0.753472 0.404938 0.098611 0.11358
0 0.836806 0.21358 0.079167 0.101235
0 0.83125 0.08642 0.068056 0.074074
1 0.973611 0.239506 0.055556 0.074074
1 0.923611 0.149383 0.061111 0.091358