1 0.679861 0.65679 0.048611 0.093827
2 0.679167 0.817284 0.061111 0.093827
2 0.736806 0.803704 0.054167 0.08642
2 0.681944 0.732099 0.05 0.081481
2 0.722222 0.690123 0.055556 0.081481
1 0.660417 0.975309 0.070833 0.054321
0 0.5125 0.750617 0.077778 0.079012
0 0.495139 0.596296 0.070833 0.081481
1 0.606944 0.598765 0.061111 0.106173
1 0.753472 0.503704 0.034722 0.079012
1 0.381944 0.376543 0.041667 0.071605
1 0.350694 0.293827 0.048611 0.069136
1 0.328472 0.41358 0.048611 0.081481
1 0.314583 0.125926 0.040278 0.059259
1 0.086111 0.083951 0.044444 0.108642
1 0.022222 0.159259 0.041667 0.096296