0 0.475694 0.240741 0.081944 0.140741
2 0.254861 0.920988 0.090278 0.148148
2 0.048611 0.840741 0.094444 0.120988
1 0.020139 0.71358 0.0375 0.133333
1 0.210417 0.182716 0.101389 0.197531
1 0.438889 0.404938 0.077778 0.133333
1 0.402083 0.754321 0.090278 0.130864
1 0.509028 0.9 0.0625 0.130864
1 0.5625 0.835802 0.080556 0.145679
1 0.697917 0.628395 0.068056 0.096296
1 0.652083 0.559259 0.056944 0.066667
1 0.745833 0.261728 0.036111 0.049383
2 0.310417 0.391358 0.0875 0.145679
2 0.063889 0.081481 0.125 0.158025