1 0.920139 0.571605 0.076389 0.140741
1 0.85 0.358025 0.080556 0.14321
1 0.566667 0.104938 0.072222 0.116049
0 0.552083 0.880247 0.123611 0.130864
1 0.198611 0.874074 0.116667 0.246914
1 0.364583 0.741975 0.104167 0.185185
1 0.146528 0.54321 0.148611 0.271605
0 0.454167 0.375309 0.069444 0.162963
0 0.3125 0.418519 0.122222 0.190123
2 0.061806 0.18642 0.120833 0.190123
2 0.052778 0.450617 0.102778 0.190123
2 0.594444 0.204938 0.055556 0.083951
2 0.697222 0.414815 0.058333 0.118519
2 0.686806 0.51358 0.056944 0.088889
2 0.56875 0.460494 0.059722 0.101235
2 0.292361 0.750617 0.079167 0.167901