0 0.457639 0.602469 0.0625 0.153086
2 0.460417 0.5 0.059722 0.096296
2 0.596528 0.416049 0.054167 0.081481
2 0.89375 0.15679 0.073611 0.130864
1 0.411111 0.037037 0.052778 0.069136
0 0.313889 0.667901 0.130556 0.185185
1 0.133333 0.840741 0.188889 0.323457
2 0.700694 0.725926 0.059722 0.093827
2 0.706944 0.609877 0.063889 0.11358
2 0.574306 0.679012 0.073611 0.123457
2 0.314583 0.259259 0.073611 0.098765
2 0.220833 0.17037 0.063889 0.083951
2 0.26875 0.182716 0.084722 0.098765
2 0.057639 0.460494 0.1125 0.204938
2 0.040278 0.753086 0.077778 0.222222
1 0.8625 0.57037 0.088889 0.153086
1 0.981944 0.24321 0.038889 0.125926
1 0.567361 0.319753 0.070833 0.120988
1 0.951389 0.781481 0.080556 0.130864
1 0.371528 0.964198 0.090278 0.076543