1 0.466667 0.418519 0.036111 0.076543
1 0.281944 0.601235 0.041667 0.051852
1 0.197222 0.690123 0.038889 0.066667
1 0.084722 0.730864 0.055556 0.074074
1 0.047917 0.85679 0.0625 0.093827
1 0.409722 0.532099 0.05 0.061728
1 0.446528 0.516049 0.043056 0.044444
1 0.4625 0.541975 0.041667 0.046914
1 0.609028 0.250617 0.029167 0.051852
1 0.557639 0.424691 0.029167 0.064198
1 0.663194 0.498765 0.045833 0.054321
1 0.727778 0.565432 0.058333 0.083951
1 0.978472 0.38642 0.045833 0.106173
1 0.779861 0.64321 0.056944 0.101235
1 0.468056 0.703704 0.063889 0.108642
2 0.505556 0.64321 0.061111 0.071605
1 0.869444 0.895062 0.108333 0.155556
2 0.938889 0.751852 0.072222 0.101235
2 0.852083 0.758025 0.076389 0.088889