0 0.83125 0.854321 0.076389 0.103704
0 0.698611 0.871605 0.072222 0.212346
2 0.4 0.97037 0.052778 0.064198
1 0.319444 0.171605 0.036111 0.046914
1 0.264583 0.22716 0.023611 0.049383
1 0.1875 0.206173 0.041667 0.061728
1 0.115972 0.248148 0.068056 0.096296
1 0.627778 0.232099 0.069444 0.123457
1 0.915278 0.762963 0.102778 0.14321
1 0.903472 0.545679 0.129167 0.167901
1 0.575 0.941975 0.072222 0.120988
1 0.221528 0.928395 0.065278 0.148148
2 0.742361 0.548148 0.0625 0.093827
2 0.161111 0.644444 0.066667 0.079012