2 0.572917 0.269136 0.0375 0.079012
2 0.559722 0.698765 0.036111 0.039506
2 0.542361 0.902469 0.040278 0.066667
1 0.390278 0.958025 0.033333 0.079012
1 0.559028 0.076543 0.029167 0.059259
1 0.591667 0.198765 0.033333 0.037037
1 0.500694 0.276543 0.031944 0.049383
1 0.593056 0.42963 0.025 0.049383
1 0.557639 0.440741 0.023611 0.032099
1 0.548611 0.538272 0.027778 0.059259
1 0.515972 0.640741 0.031944 0.061728
1 0.481944 0.722222 0.030556 0.066667
1 0.448611 0.645679 0.036111 0.066667
1 0.315278 0.62963 0.033333 0.049383