0 0.197222 0.817284 0.072222 0.098765
0 0.196528 0.716049 0.031944 0.074074
0 0.229861 0.614815 0.084722 0.044444
3 0.613194 0.939506 0.020833 0.037037
3 0.620833 0.744444 0.016667 0.032099
2 0.861806 0.312346 0.051389 0.051852
2 0.683333 0.475309 0.05 0.071605
2 0.580556 0.385185 0.041667 0.059259
1 0.925 0.12963 0.047222 0.046914
1 0.810417 0.076543 0.0375 0.054321
1 0.666667 0.237037 0.030556 0.044444
1 0.497917 0.201235 0.029167 0.046914
1 0.431944 0.840741 0.072222 0.130864
1 0.246528 0.069136 0.0375 0.034568
1 0.165972 0.095062 0.051389 0.061728