1 0.69375 0.295062 0.0375 0.071605
1 0.646528 0.241975 0.034722 0.054321
1 0.127778 0.754321 0.075 0.101235
1 0.166667 0.638272 0.05 0.066667
1 0.423611 0.925926 0.058333 0.083951
1 0.65 0.91358 0.069444 0.098765
1 0.909722 0.779012 0.052778 0.08642
1 0.815972 0.637037 0.051389 0.069136
1 0.893056 0.455556 0.047222 0.071605
1 0.766667 0.192593 0.027778 0.064198
1 0.95625 0.239506 0.031944 0.064198
1 0.448611 0.249383 0.030556 0.044444
1 0.505556 0.323457 0.022222 0.034568
2 0.485417 0.762963 0.043056 0.079012
2 0.933333 0.671605 0.055556 0.083951
2 0.884028 0.703704 0.0375 0.059259