1 0.908333 0.058025 0.080556 0.111111
0 0.961806 0.224691 0.079167 0.103704
0 0.614583 0.411111 0.068056 0.130864
1 0.540278 0.175309 0.108333 0.182716
1 0.274306 0.566667 0.134722 0.224691
1 0.386806 0.941975 0.076389 0.116049
1 0.851389 0.574074 0.033333 0.05679
1 0.920139 0.698765 0.043056 0.059259
2 0.089583 0.876543 0.076389 0.103704
2 0.175 0.874074 0.058333 0.074074
2 0.261111 0.891358 0.080556 0.093827
2 0.618056 0.961728 0.072222 0.081481
2 0.879861 0.267901 0.065278 0.106173
2 0.602778 0.701235 0.033333 0.054321
0 0.538194 0.959259 0.045833 0.08642