1 0.549306 0.138272 0.031944 0.054321
1 0.295833 0.348148 0.027778 0.044444
1 0.129167 0.909877 0.072222 0.091358
1 0.206944 0.806173 0.047222 0.08642
1 0.406944 0.703704 0.044444 0.074074
1 0.435417 0.562963 0.040278 0.059259
1 0.2875 0.535802 0.036111 0.054321
1 0.4125 0.328395 0.036111 0.054321
1 0.682639 0.593827 0.031944 0.08642
1 0.7125 0.577778 0.027778 0.054321
1 0.1125 0.523457 0.044444 0.044444
1 0.231944 0.612346 0.027778 0.039506
1 0.371528 0.282716 0.023611 0.041975
2 0.082639 0.644444 0.031944 0.034568
2 0.145139 0.671605 0.043056 0.059259