2 0.063889 0.941975 0.083333 0.08642
1 0.434722 0.881481 0.027778 0.064198
1 0.620139 0.608642 0.0375 0.05679
1 0.75625 0.751852 0.051389 0.076543
1 0.672917 0.68642 0.0375 0.079012
1 0.684722 0.582716 0.052778 0.079012
1 0.945139 0.646914 0.051389 0.079012
1 0.85 0.407407 0.036111 0.079012
1 0.827083 0.307407 0.026389 0.046914
1 0.572917 0.450617 0.029167 0.05679
1 0.510417 0.402469 0.018056 0.034568
1 0.5375 0.350617 0.019444 0.034568
1 0.419444 0.625926 0.027778 0.061728
1 0.347222 0.628395 0.022222 0.051852
1 0.39375 0.818519 0.029167 0.076543
1 0.199306 0.820988 0.040278 0.051852