1 0.526389 0.407407 0.022222 0.059259
1 0.467361 0.703704 0.034722 0.054321
1 0.328472 0.782716 0.040278 0.069136
0 0.526389 0.830864 0.055556 0.037037
2 0.379861 0.850617 0.031944 0.037037
2 0.422917 0.892593 0.045833 0.061728
2 0.505556 0.877778 0.061111 0.066667
2 0.645139 0.850617 0.0375 0.05679
2 0.561111 0.77037 0.036111 0.044444
2 0.857639 0.579012 0.048611 0.046914
2 0.847222 0.951852 0.063889 0.096296
1 0.90625 0.674074 0.048611 0.069136
1 0.679167 0.754321 0.041667 0.091358
1 0.7625 0.937037 0.055556 0.130864