3 0.102083 0.845679 0.023611 0.032099
3 0.148611 0.961728 0.030556 0.071605
0 0.652778 0.648148 0.063889 0.096296
0 0.584722 0.644444 0.066667 0.148148
0 0.961111 0.369136 0.080556 0.08642
0 0.941667 0.677778 0.119444 0.2
0 0.349306 0.112346 0.070833 0.106173
2 0.525 0.392593 0.038889 0.059259
1 0.322222 0.655556 0.055556 0.071605
2 0.277778 0.725926 0.044444 0.054321
2 0.719444 0.474074 0.047222 0.064198
2 0.696528 0.883951 0.084722 0.079012
2 0.557639 0.665432 0.065278 0.106173
2 0.463194 0.548148 0.065278 0.069136
2 0.265278 0.822222 0.063889 0.118519
2 0.053472 0.565432 0.0625 0.103704
1 0.790278 0.422222 0.033333 0.088889
1 0.2 0.860494 0.069444 0.145679
1 0.675694 0.771605 0.079167 0.130864
1 0.821528 0.074074 0.045833 0.059259
1 0.772222 0.158025 0.027778 0.054321
1 0.894444 0.245679 0.052778 0.071605
1 0.75 0.283951 0.027778 0.074074
1 0.449306 0.065432 0.043056 0.071605
1 0.135417 0.225926 0.029167 0.046914