2 0.609722 0.539506 0.027778 0.046914
2 0.069444 0.830864 0.044444 0.05679
2 0.177083 0.839506 0.045833 0.044444
2 0.294444 0.612346 0.041667 0.069136
2 0.288889 0.77284 0.044444 0.064198
2 0.629861 0.917284 0.029167 0.066667
2 0.695139 0.667901 0.051389 0.081481
2 0.854861 0.41358 0.031944 0.037037
2 0.854861 0.532099 0.048611 0.066667
2 0.742361 0.445679 0.0375 0.046914
1 0.700694 0.561728 0.034722 0.046914
1 0.813889 0.34321 0.036111 0.049383
1 0.592361 0.935802 0.026389 0.064198
1 0.560417 0.859259 0.029167 0.049383
1 0.424306 0.787654 0.020833 0.044444
1 0.491667 0.717284 0.036111 0.05679
1 0.25 0.8 0.030556 0.039506
1 0.239583 0.635802 0.034722 0.066667
1 0.254167 0.48642 0.027778 0.049383
1 0.220139 0.404938 0.031944 0.044444