1 0.922917 0.464198 0.0375 0.054321
1 0.815972 0.355556 0.034722 0.049383
1 0.744444 0.401235 0.027778 0.05679
1 0.510417 0.392593 0.034722 0.054321
1 0.146528 0.433333 0.040278 0.05679
1 0.220139 0.664198 0.051389 0.083951
1 0.434722 0.893827 0.038889 0.074074
1 0.779167 0.87284 0.047222 0.071605
1 0.832639 0.898765 0.031944 0.054321
1 0.777778 0.730864 0.036111 0.054321
1 0.458333 0.245679 0.036111 0.061728
1 0.377778 0.360494 0.030556 0.039506
2 0.457639 0.398765 0.034722 0.041975
2 0.341667 0.758025 0.041667 0.064198
2 0.6125 0.581481 0.030556 0.046914