1 0.897917 0.706173 0.045833 0.093827
1 0.072222 0.134568 0.038889 0.061728
1 0.533333 0.164198 0.027778 0.046914
1 0.665278 0.097531 0.030556 0.046914
1 0.629861 0.193827 0.0625 0.106173
1 0.840972 0.116049 0.043056 0.069136
1 0.928472 0.269136 0.059722 0.079012
1 0.836806 0.366667 0.048611 0.08642
1 0.759722 0.27284 0.038889 0.05679
1 0.661806 0.264198 0.0375 0.064198
1 0.547222 0.491358 0.030556 0.054321
1 0.55 0.681481 0.033333 0.064198
1 0.40625 0.781481 0.026389 0.081481
1 0.363194 0.807407 0.031944 0.054321
1 0.303472 0.841975 0.034722 0.059259