1 0.079861 0.75679 0.048611 0.091358
1 0.2125 0.612346 0.033333 0.079012
1 0.142361 0.703704 0.043056 0.083951
1 0.625694 0.596296 0.051389 0.096296
1 0.911806 0.328395 0.068056 0.093827
1 0.854167 0.218519 0.036111 0.08642
1 0.308333 0.028395 0.027778 0.041975
1 0.400694 0.065432 0.076389 0.096296
1 0.6 0.02716 0.036111 0.049383
1 0.659028 0.179012 0.054167 0.08642
1 0.586806 0.269136 0.0375 0.088889
1 0.517361 0.17037 0.043056 0.059259
1 0.421528 0.153086 0.040278 0.069136
1 0.30625 0.380247 0.034722 0.069136
1 0.305556 0.592593 0.044444 0.059259