2 0.607639 0.775309 0.045833 0.059259
2 0.444444 0.762963 0.041667 0.049383
2 0.161806 0.351852 0.043056 0.061728
2 0.127083 0.27037 0.040278 0.051852
1 0.59375 0.522222 0.023611 0.05679
1 0.594444 0.398765 0.036111 0.051852
1 0.500694 0.419753 0.029167 0.039506
1 0.470833 0.460494 0.033333 0.046914
1 0.411111 0.434568 0.030556 0.064198
1 0.809028 0.867901 0.081944 0.135802
1 0.628472 0.897531 0.048611 0.071605
1 0.3875 0.944444 0.052778 0.08642
1 0.413194 0.841975 0.040278 0.054321
1 0.340972 0.674074 0.045833 0.079012
1 0.246528 0.47037 0.045833 0.05679