2 0.539583 0.560494 0.0875 0.133333
1 0.859028 0.509877 0.104167 0.155556
1 0.770139 0.517284 0.081944 0.155556
1 0.809722 0.367901 0.066667 0.123457
1 0.734722 0.338272 0.066667 0.098765
1 0.65625 0.387654 0.076389 0.118519
1 0.605556 0.477778 0.088889 0.160494
1 0.610417 0.750617 0.070833 0.148148
1 0.539583 0.851852 0.095833 0.14321
1 0.184722 0.837037 0.091667 0.133333
1 0.388889 0.940741 0.088889 0.123457
1 0.394444 0.77284 0.088889 0.133333
1 0.48125 0.638272 0.0875 0.120988
1 0.491667 0.42963 0.075 0.123457
1 0.655556 0.259259 0.055556 0.11358
1 0.536806 0.302469 0.070833 0.101235
1 0.438889 0.25679 0.063889 0.11358
1 0.909028 0.196296 0.045833 0.101235
1 0.722917 0.133333 0.045833 0.074074
1 0.611806 0.07037 0.054167 0.101235
1 0.460417 0.103704 0.051389 0.103704
1 0.363889 0.153086 0.069444 0.103704