2 0.767361 0.480247 0.065278 0.076543
2 0.560417 0.87037 0.093056 0.17037
2 0.579861 0.616049 0.073611 0.135802
2 0.563194 0.455556 0.0625 0.116049
0 0.673611 0.571605 0.086111 0.106173
0 0.617361 0.317284 0.090278 0.111111
0 0.150694 0.269136 0.123611 0.11358
1 0.604167 0.959259 0.061111 0.08642
1 0.624306 0.733333 0.073611 0.103704
1 0.350694 0.94321 0.115278 0.118519
1 0.440972 0.909877 0.090278 0.155556
1 0.353472 0.811111 0.068056 0.111111
1 0.249306 0.908642 0.090278 0.153086
1 0.102778 0.940741 0.105556 0.123457
1 0.851389 0.480247 0.052778 0.096296
1 0.795139 0.54321 0.059722 0.079012
1 0.821528 0.119753 0.034722 0.091358
1 0.777778 0.128395 0.055556 0.088889
1 0.684722 0.083951 0.055556 0.098765
1 0.651389 0.22716 0.055556 0.108642
1 0.542361 0.15679 0.0625 0.140741
1 0.534722 0.282716 0.063889 0.111111
1 0.49375 0.38642 0.065278 0.111111
1 0.3875 0.440741 0.066667 0.116049
1 0.158333 0.546914 0.088889 0.08642
1 0.325 0.098765 0.077778 0.11358
1 0.226389 0.120988 0.052778 0.079012
1 0.122917 0.17284 0.090278 0.123457