1 0.416667 0.48642 0.063889 0.128395
1 0.211806 0.02963 0.056944 0.054321
1 0.315278 0.062963 0.041667 0.076543
1 0.202083 0.285185 0.0625 0.101235
1 0.286111 0.37284 0.083333 0.108642
1 0.402083 0.320988 0.056944 0.088889
1 0.111806 0.393827 0.109722 0.130864
1 0.120139 0.541975 0.106944 0.17037
1 0.2625 0.559259 0.083333 0.130864
1 0.531944 0.407407 0.058333 0.098765
1 0.547917 0.171605 0.045833 0.091358
1 0.595139 0.182716 0.043056 0.083951
1 0.721528 0.301235 0.0625 0.083951
1 0.472222 0.522222 0.05 0.116049
1 0.364583 0.792593 0.109722 0.17284
1 0.243056 0.922222 0.130556 0.160494
1 0.608333 0.498765 0.066667 0.103704
1 0.683333 0.464198 0.069444 0.108642
1 0.731944 0.420988 0.061111 0.106173
1 0.819444 0.487654 0.063889 0.091358
1 0.692361 0.574074 0.068056 0.125926
1 0.773611 0.711111 0.086111 0.138272
1 0.779861 0.551852 0.098611 0.185185
1 0.891667 0.946914 0.1 0.111111
2 0.272917 0.734568 0.109722 0.150617
2 0.861806 0.651852 0.104167 0.182716
0 0.611806 0.659259 0.1125 0.281481