1 0.067361 0.301235 0.106944 0.138272
1 0.209722 0.133333 0.063889 0.098765
1 0.304861 0.05679 0.054167 0.088889
1 0.200694 0.046914 0.051389 0.088889
1 0.359722 0.104938 0.055556 0.106173
1 0.277083 0.27037 0.059722 0.106173
1 0.360417 0.207407 0.065278 0.088889
1 0.391667 0.338272 0.091667 0.133333
1 0.230556 0.407407 0.105556 0.158025
1 0.029861 0.650617 0.054167 0.175309
1 0.100694 0.662963 0.056944 0.111111
2 0.189583 0.277778 0.054167 0.08642
2 0.435417 0.076543 0.076389 0.088889
2 0.475 0.235802 0.1 0.145679
2 0.554861 0.195062 0.059722 0.108642
2 0.547222 0.316049 0.088889 0.128395
2 0.688194 0.451852 0.104167 0.138272
2 0.756944 0.764198 0.122222 0.145679
2 0.885417 0.240741 0.134722 0.145679
2 0.890972 0.453086 0.120833 0.125926
3 0.500694 0.419753 0.023611 0.02963
3 0.661806 0.361728 0.020833 0.02716
3 0.940972 0.603704 0.118056 0.180247
2 0.238194 0.580247 0.059722 0.108642
0 0.075 0.498765 0.066667 0.123457