3 0.792361 0.764198 0.106944 0.209877
1 0.036806 0.12963 0.0625 0.101235
1 0.085417 0.267901 0.093056 0.106173
1 0.206944 0.124691 0.066667 0.096296
1 0.340972 0.093827 0.056944 0.088889
1 0.345833 0.167901 0.052778 0.083951
1 0.280556 0.22716 0.066667 0.098765
1 0.231944 0.349383 0.072222 0.116049
1 0.451389 0.45679 0.066667 0.11358
1 0.332639 0.432099 0.081944 0.118519
1 0.374306 0.288889 0.081944 0.11358
1 0.303472 0.344444 0.081944 0.135802
1 0.4125 0.380247 0.05 0.049383
1 0.183333 0.814815 0.125 0.182716
1 0.15625 0.523457 0.068056 0.088889
1 0.052778 0.532099 0.094444 0.150617
1 0.030556 0.774074 0.052778 0.116049
1 0.041667 0.890123 0.080556 0.150617
1 0.284028 0.054321 0.0375 0.069136
2 0.444444 0.18642 0.083333 0.120988
2 0.511111 0.237037 0.063889 0.11358
2 0.632639 0.338272 0.070833 0.128395
2 0.789583 0.323457 0.079167 0.108642
2 0.692361 0.593827 0.101389 0.185185
2 0.788194 0.15679 0.109722 0.135802
0 0.684722 0.806173 0.072222 0.234568
3 0.826389 0.430864 0.086111 0.130864
1 0.543056 0.914815 0.108333 0.175309
3 0.471528 0.333333 0.020833 0.034568