3 0.890972 0.374074 0.043056 0.046914
3 0.341667 0.581481 0.038889 0.037037
3 0.318056 0.614815 0.022222 0.039506
3 0.50625 0.582716 0.026389 0.02963
3 0.376389 0.308642 0.055556 0.054321
3 0.401389 0.279012 0.038889 0.044444
1 0.792361 0.765432 0.106944 0.162963
1 0.75625 0.611111 0.101389 0.185185
1 0.729861 0.438272 0.1125 0.155556
1 0.663194 0.52716 0.090278 0.135802
1 0.859722 0.512346 0.122222 0.165432
1 0.813889 0.340741 0.069444 0.108642
1 0.806944 0.212346 0.069444 0.138272
1 0.7375 0.133333 0.058333 0.11358
1 0.63125 0.222222 0.070833 0.103704
1 0.466667 0.18642 0.058333 0.101235
1 0.297917 0.91358 0.0875 0.177778
1 0.579861 0.81358 0.070833 0.145679
1 0.427083 0.940741 0.095833 0.123457
1 0.490278 0.750617 0.077778 0.167901
1 0.4125 0.774074 0.066667 0.135802
1 0.358333 0.509877 0.058333 0.091358
1 0.290278 0.523457 0.072222 0.103704
1 0.501389 0.37037 0.077778 0.11358
1 0.379167 0.385185 0.063889 0.083951
1 0.426389 0.495062 0.075 0.071605
1 0.410417 0.579012 0.076389 0.096296
1 0.260417 0.644444 0.073611 0.103704