0 0.779861 0.550617 0.106944 0.128395
0 0.310417 0.6 0.118056 0.162963
0 0.138194 0.650617 0.106944 0.111111
2 0.704861 0.322222 0.093056 0.081481
2 0.748611 0.234568 0.05 0.088889
2 0.679167 0.262963 0.063889 0.051852
2 0.716667 0.414815 0.063889 0.083951
2 0.563889 0.335802 0.052778 0.093827
2 0.564583 0.198765 0.051389 0.08642
2 0.503472 0.232099 0.051389 0.083951
2 0.427778 0.116049 0.052778 0.074074
2 0.370833 0.208642 0.047222 0.08642
2 0.489583 0.554321 0.054167 0.091358
2 0.353472 0.955556 0.0625 0.093827
2 0.330556 0.769136 0.088889 0.150617
2 0.261806 0.42716 0.068056 0.118519
2 0.3375 0.359259 0.055556 0.096296
2 0.249306 0.32963 0.0625 0.076543