0 0.497222 0.618519 0.155556 0.190123
2 0.765278 0.595062 0.141667 0.182716
2 0.808333 0.450617 0.108333 0.135802
2 0.615972 0.774074 0.093056 0.165432
2 0.435417 0.523457 0.090278 0.138272
1 0.910417 0.060494 0.1375 0.106173
1 0.769444 0.251852 0.116667 0.197531
1 0.578472 0.35679 0.093056 0.17037
1 0.446528 0.932099 0.081944 0.130864
1 0.373611 0.740741 0.055556 0.108642
1 0.295833 0.925926 0.086111 0.098765
1 0.203472 0.840741 0.0875 0.135802
1 0.240278 0.597531 0.072222 0.108642
1 0.359722 0.575309 0.069444 0.108642
1 0.411806 0.416049 0.073611 0.111111
1 0.295833 0.360494 0.058333 0.128395
1 0.359028 0.302469 0.054167 0.081481
1 0.406944 0.230864 0.077778 0.125926
1 0.490278 0.202469 0.088889 0.128395
1 0.454861 0.054321 0.0875 0.093827