2 0.893056 0.530864 0.072222 0.093827
2 0.530556 0.935802 0.125 0.133333
1 0.722222 0.209877 0.080556 0.128395
1 0.700694 0.066667 0.068056 0.093827
1 0.634028 0.290123 0.070833 0.125926
0 0.672222 0.58642 0.122222 0.204938
2 0.540972 0.224691 0.0625 0.093827
2 0.500694 0.324691 0.093056 0.130864
0 0.270139 0.28642 0.181944 0.103704
2 0.371528 0.438272 0.090278 0.135802
2 0.205556 0.197531 0.105556 0.118519
1 0.736111 0.916049 0.083333 0.167901
1 0.043056 0.533333 0.075 0.118519
1 0.159028 0.776543 0.1125 0.195062
1 0.178472 0.553086 0.093056 0.148148
1 0.109722 0.366667 0.080556 0.106173
1 0.55 0.054321 0.105556 0.098765
1 0.374306 0.08642 0.093056 0.14321
1 0.185417 0.053086 0.0875 0.081481
1 0.1 0.196296 0.086111 0.111111