2 0.245139 0.52716 0.084722 0.096296
2 0.944444 0.712346 0.097222 0.150617
0 0.571528 0.651852 0.065278 0.197531
2 0.352778 0.387654 0.055556 0.059259
2 0.138194 0.641975 0.070833 0.083951
2 0.468056 0.834568 0.113889 0.14321
2 0.340972 0.875309 0.109722 0.17037
1 0.503472 0.935802 0.115278 0.133333
2 0.379861 0.7 0.0875 0.140741
2 0.277083 0.402469 0.0625 0.083951
1 0.46875 0.201235 0.045833 0.106173
1 0.636806 0.076543 0.059722 0.069136
1 0.582639 0.140741 0.051389 0.064198
1 0.247222 0.135802 0.058333 0.088889
1 0.623611 0.330864 0.069444 0.093827
1 0.527083 0.312346 0.073611 0.111111
1 0.933333 0.883951 0.116667 0.197531
1 0.820833 0.659259 0.105556 0.153086
1 0.616667 0.449383 0.075 0.118519
1 0.435417 0.5 0.073611 0.101235
1 0.080556 0.545679 0.119444 0.148148
1 0.179861 0.288889 0.068056 0.069136
1 0.084722 0.385185 0.086111 0.11358