1 0.081944 0.295062 0.083333 0.096296
1 0.467361 0.54321 0.0875 0.14321
1 0.427083 0.292593 0.045833 0.05679
1 0.476389 0.351852 0.063889 0.106173
1 0.592361 0.666667 0.093056 0.162963
1 0.460417 0.922222 0.109722 0.160494
1 0.666667 0.551852 0.091667 0.140741
1 0.690972 0.774074 0.0875 0.081481
1 0.539583 0.141975 0.054167 0.076543
1 0.547222 0.219753 0.066667 0.093827
1 0.607639 0.164198 0.051389 0.081481
1 0.634028 0.276543 0.073611 0.088889
1 0.650694 0.392593 0.0875 0.153086
0 0.313889 0.482716 0.083333 0.214815