3 0.5625 0.798765 0.091667 0.140741
1 0.540972 0.145679 0.056944 0.093827
1 0.742361 0.158025 0.068056 0.098765
1 0.851389 0.185185 0.063889 0.118519
1 0.826389 0.307407 0.083333 0.135802
1 0.938194 0.358025 0.084722 0.133333
1 0.983333 0.507407 0.036111 0.130864
1 0.751389 0.653086 0.069444 0.106173
1 0.6 0.47284 0.083333 0.145679
1 0.48125 0.491358 0.098611 0.138272
1 0.361111 0.444444 0.069444 0.103704
1 0.270833 0.404938 0.077778 0.123457
1 0.038194 0.464198 0.073611 0.153086
2 0.126389 0.228395 0.080556 0.120988
2 0.383333 0.061728 0.055556 0.093827
2 0.511806 0.046914 0.048611 0.079012