3 0.390278 0.907407 0.119444 0.185185
1 0.246528 0.058025 0.093056 0.111111
1 0.546528 0.050617 0.101389 0.096296
1 0.714583 0.05679 0.0875 0.103704
1 0.915972 0.108642 0.101389 0.14321
1 0.684722 0.249383 0.125 0.197531
1 0.836111 0.274074 0.122222 0.182716
1 0.943056 0.5 0.116667 0.185185
1 0.625 0.624691 0.072222 0.138272
1 0.376389 0.55679 0.108333 0.160494
1 0.745833 0.960494 0.066667 0.083951
1 0.249306 0.611111 0.081944 0.111111
1 0.146528 0.633333 0.090278 0.140741
1 0.840278 0.617284 0.072222 0.11358
1 0.034028 0.617284 0.0625 0.138272