3 0.55625 0.854321 0.106944 0.187654
2 0.693056 0.640741 0.077778 0.130864
0 0.552083 0.08642 0.048611 0.103704
0 0.64375 0.07037 0.056944 0.111111
0 0.694444 0.140741 0.063889 0.108642
0 0.597917 0.15679 0.051389 0.08642
0 0.413194 0.151852 0.065278 0.08642
0 0.484722 0.220988 0.052778 0.081481
0 0.514583 0.325926 0.0625 0.093827
0 0.324306 0.422222 0.079167 0.093827
0 0.452083 0.539506 0.0625 0.120988
0 0.521528 0.683951 0.084722 0.128395
0 0.309028 0.671605 0.076389 0.098765
0 0.367361 0.577778 0.0625 0.11358
0 0.190278 0.597531 0.088889 0.11358
0 0.7375 0.345679 0.169444 0.158025