1 0.078472 0.77037 0.145833 0.22716
1 0.391667 0.630864 0.1 0.185185
1 0.164583 0.925926 0.154167 0.153086
1 0.395833 0.911111 0.086111 0.17284
1 0.609722 0.797531 0.091667 0.167901
1 0.773611 0.916049 0.108333 0.17284
1 0.567361 0.954321 0.118056 0.096296
1 0.480556 0.037037 0.088889 0.064198
2 0.507639 0.234568 0.131944 0.222222
2 0.509722 0.704938 0.130556 0.293827
2 0.577778 0.525926 0.113889 0.202469
2 0.645833 0.401235 0.086111 0.135802
2 0.729167 0.383951 0.094444 0.165432
0 0.227083 0.695062 0.081944 0.333333
0 0.821528 0.546914 0.059722 0.259259
1 0.838889 0.050617 0.063889 0.096296