1 0.8 0.22716 0.086111 0.148148
1 0.338194 0.808642 0.084722 0.175309
1 0.368056 0.097531 0.075 0.116049
1 0.5 0.095062 0.069444 0.116049
1 0.564583 0.188889 0.043056 0.091358
1 0.436111 0.333333 0.069444 0.123457
1 0.522222 0.532099 0.066667 0.145679
1 0.827083 0.512346 0.090278 0.17037
1 0.892361 0.759259 0.093056 0.185185
1 0.780556 0.844444 0.094444 0.153086
1 0.623611 0.681481 0.083333 0.148148
2 0.411111 0.495062 0.066667 0.106173
0 0.927083 0.376543 0.148611 0.120988
2 0.60625 0.362963 0.068056 0.103704
2 0.479861 0.930864 0.065278 0.11358