1 0.203472 0.695062 0.043056 0.076543
1 0.077778 0.864198 0.061111 0.11358
1 0.05 0.717284 0.061111 0.101235
1 0.485417 0.390123 0.040278 0.074074
1 0.864583 0.803704 0.118056 0.180247
1 0.423611 0.545679 0.033333 0.059259
1 0.45625 0.585185 0.034722 0.083951
1 0.473611 0.816049 0.055556 0.106173
1 0.536806 0.802469 0.073611 0.118519
1 0.629861 0.880247 0.081944 0.150617
1 0.479167 0.944444 0.066667 0.111111
1 0.548611 0.932099 0.083333 0.125926
0 0.575 0.328395 0.072222 0.103704
0 0.707639 0.302469 0.148611 0.116049
0 0.538889 0.628395 0.061111 0.185185
0 0.733333 0.050617 0.052778 0.091358