3 0.115972 0.612346 0.056944 0.108642
2 0.646528 0.660494 0.084722 0.125926
2 0.75625 0.581481 0.120833 0.214815
2 0.6625 0.438272 0.102778 0.160494
1 0.940278 0.053086 0.116667 0.091358
1 0.649306 0.075309 0.084722 0.096296
1 0.584722 0.148148 0.052778 0.064198
1 0.786806 0.922222 0.126389 0.160494
1 0.642361 0.885185 0.090278 0.180247
1 0.564583 0.776543 0.0875 0.150617
1 0.909722 0.42963 0.136111 0.25679
1 0.554167 0.276543 0.072222 0.177778
1 0.209722 0.859259 0.077778 0.128395
1 0.222917 0.698765 0.079167 0.123457
1 0.550694 0.544444 0.076389 0.130864
1 0.4125 0.559259 0.072222 0.125926
1 0.427778 0.341975 0.069444 0.125926
1 0.261111 0.335802 0.058333 0.103704
1 0.396528 0.065432 0.065278 0.091358