0 0.469444 0.730864 0.119444 0.128395
0 0.3 0.266667 0.047222 0.148148
2 0.957639 0.709877 0.0875 0.209877
2 0.423611 0.924691 0.105556 0.155556
2 0.659722 0.816049 0.066667 0.125926
2 0.45 0.193827 0.069444 0.145679
2 0.361111 0.669136 0.063889 0.108642
1 0.569444 0.581481 0.083333 0.135802
1 0.58125 0.403704 0.093056 0.140741
1 0.576389 0.219753 0.111111 0.177778
1 0.438889 0.598765 0.075 0.145679
1 0.439583 0.379012 0.081944 0.145679
1 0.45625 0.035802 0.076389 0.061728
1 0.229167 0.504938 0.086111 0.116049
1 0.025694 0.597531 0.045833 0.098765