2 0.752083 0.544444 0.040278 0.081481
2 0.705556 0.523457 0.047222 0.054321
0 0.632639 0.853086 0.070833 0.091358
2 0.708333 0.91358 0.075 0.162963
2 0.609028 0.461728 0.068056 0.118519
0 0.454861 0.393827 0.068056 0.091358
2 0.391667 0.383951 0.047222 0.08642
2 0.295139 0.42716 0.076389 0.093827
1 0.616667 0.214815 0.069444 0.128395
1 0.711111 0.441975 0.058333 0.088889
1 0.66875 0.337037 0.056944 0.091358
1 0.582639 0.339506 0.059722 0.091358
1 0.519444 0.364198 0.047222 0.101235
1 0.502083 0.274074 0.059722 0.093827
1 0.218056 0.090123 0.066667 0.106173