3 0.638194 0.183951 0.0625 0.125926
1 0.05 0.762963 0.086111 0.153086
1 0.026389 0.059259 0.047222 0.11358
1 0.163889 0.069136 0.088889 0.11358
1 0.297222 0.090123 0.058333 0.101235
1 0.363889 0.151852 0.05 0.101235
1 0.395833 0.287654 0.069444 0.116049
1 0.429861 0.445679 0.073611 0.155556
1 0.509722 0.47284 0.058333 0.08642
2 0.836806 0.914815 0.065278 0.125926
0 0.057639 0.482716 0.084722 0.219753
0 0.286806 0.471605 0.084722 0.167901
3 0.513194 0.396296 0.031944 0.066667
3 0.346528 0.050617 0.026389 0.061728