1 0.081944 0.396296 0.119444 0.175309
1 0.21875 0.337037 0.079167 0.111111
1 0.307639 0.393827 0.098611 0.135802
1 0.429167 0.441975 0.088889 0.14321
1 0.563889 0.490123 0.086111 0.145679
1 0.404861 0.592593 0.065278 0.098765
1 0.176389 0.524691 0.105556 0.165432
1 0.023611 0.546914 0.044444 0.165432
2 0.304861 0.218519 0.070833 0.106173
2 0.383333 0.318519 0.108333 0.138272
2 0.279861 0.55679 0.093056 0.145679
2 0.425 0.82963 0.161111 0.25679
2 0.546528 0.654321 0.123611 0.197531
2 0.244444 0.944444 0.133333 0.116049
0 0.667361 0.108642 0.098611 0.158025
0 0.497917 0.301235 0.1125 0.098765
0 0.6875 0.661728 0.141667 0.17284
0 0.764583 0.939506 0.109722 0.125926
2 0.647917 0.412346 0.1125 0.148148
0 0.454167 0.058025 0.083333 0.091358