1 0.072917 0.466667 0.134722 0.177778
1 0.099306 0.760494 0.148611 0.158025
1 0.259722 0.728395 0.102778 0.14321
1 0.575 0.44321 0.094444 0.135802
1 0.811111 0.380247 0.105556 0.167901
1 0.879167 0.1 0.116667 0.175309
2 0.381944 0.891358 0.094444 0.187654
2 0.6125 0.706173 0.080556 0.108642
2 0.824306 0.580247 0.079167 0.133333
2 0.779861 0.730864 0.129167 0.187654
2 0.599306 0.239506 0.065278 0.128395
2 0.665278 0.38642 0.072222 0.160494
2 0.508333 0.388889 0.125 0.135802
2 0.722917 0.501235 0.106944 0.212346
2 0.819444 0.237037 0.075 0.103704
0 0.9125 0.282716 0.086111 0.190123