1 0.161111 0.081481 0.069444 0.074074
1 0.184722 0.130864 0.069444 0.118519
1 0.184028 0.322222 0.109722 0.180247
1 0.210417 0.641975 0.179167 0.251852
1 0.454167 0.564198 0.072222 0.125926
1 0.308333 0.895062 0.083333 0.214815
2 0.436111 0.296296 0.080556 0.123457
2 0.33125 0.366667 0.070833 0.101235
2 0.343056 0.519753 0.108333 0.17037
2 0.248611 0.053086 0.061111 0.071605
2 0.410417 0.728395 0.106944 0.187654
2 0.445833 0.445679 0.097222 0.096296
0 0.677083 0.709877 0.059722 0.288889
0 0.551389 0.685185 0.055556 0.234568
0 0.636111 0.465432 0.086111 0.106173
3 0.340278 0.660494 0.033333 0.041975
3 0.586111 0.698765 0.025 0.054321