1 0.095139 0.088889 0.095833 0.153086
1 0.121528 0.288889 0.095833 0.158025
1 0.113889 0.483951 0.086111 0.153086
1 0.543056 0.175309 0.080556 0.148148
1 0.622917 0.041975 0.0875 0.079012
1 0.693056 0.122222 0.086111 0.155556
1 0.659028 0.380247 0.0875 0.162963
1 0.513194 0.397531 0.104167 0.153086
1 0.95 0.47284 0.102778 0.180247
1 0.483333 0.866667 0.105556 0.182716
1 0.169444 0.898765 0.077778 0.128395
2 0.217361 0.7 0.056944 0.101235
2 0.581944 0.660494 0.069444 0.116049
2 0.835417 0.322222 0.073611 0.130864
2 0.754861 0.32963 0.098611 0.180247
2 0.45 0.255556 0.080556 0.111111