1 0.500694 0.041975 0.068056 0.074074
1 0.903472 0.11358 0.118056 0.17284
1 0.975 0.232099 0.052778 0.177778
1 0.617361 0.404938 0.070833 0.162963
1 0.75 0.682716 0.091667 0.155556
1 0.513194 0.664198 0.073611 0.14321
1 0.61875 0.760494 0.1125 0.153086
1 0.63125 0.606173 0.090278 0.145679
2 0.75625 0.397531 0.126389 0.197531
2 0.83125 0.593827 0.084722 0.135802
2 0.516667 0.27284 0.069444 0.096296
2 0.515278 0.167901 0.105556 0.098765
2 0.796528 0.790123 0.106944 0.153086
0 0.363194 0.560494 0.145833 0.197531
0 0.408333 0.391358 0.066667 0.140741