1 0.136806 0.217284 0.073611 0.093827
1 0.383333 0.354321 0.063889 0.120988
1 0.377778 0.6 0.086111 0.138272
1 0.544444 0.219753 0.058333 0.103704
1 0.465972 0.398765 0.0625 0.08642
1 0.472917 0.516049 0.073611 0.098765
1 0.582639 0.514815 0.073611 0.111111
1 0.536806 0.645679 0.076389 0.120988
1 0.661806 0.42716 0.054167 0.074074
1 0.66875 0.682716 0.070833 0.101235
1 0.778472 0.77037 0.070833 0.11358
1 0.427778 0.07037 0.047222 0.08642
2 0.893056 0.855556 0.091667 0.155556
0 0.606944 0.306173 0.055556 0.123457
0 0.628472 0.761728 0.0625 0.185185
0 0.611111 0.481481 0.083333 0.153086