1 0.056944 0.625926 0.088889 0.111111
1 0.220139 0.890123 0.084722 0.160494
1 0.399306 0.919753 0.090278 0.155556
1 0.601389 0.895062 0.080556 0.140741
1 0.825 0.681481 0.091667 0.158025
1 0.697222 0.477778 0.075 0.120988
1 0.5625 0.359259 0.072222 0.101235
1 0.352083 0.37037 0.070833 0.11358
1 0.336111 0.560494 0.083333 0.14321
1 0.438194 0.496296 0.079167 0.133333
1 0.467361 0.64321 0.0875 0.140741
1 0.561111 0.154321 0.069444 0.091358
1 0.527083 0.501235 0.043056 0.083951
1 0.576389 0.604938 0.077778 0.158025
1 0.6375 0.103704 0.052778 0.093827
3 0.550694 0.241975 0.029167 0.049383