1 0.25 0.930864 0.111111 0.14321
1 0.035417 0.539506 0.065278 0.204938
1 0.14375 0.07284 0.079167 0.116049
1 0.188194 0.418519 0.098611 0.165432
1 0.31875 0.483951 0.090278 0.14321
1 0.482639 0.382716 0.0875 0.133333
1 0.378472 0.735802 0.120833 0.202469
1 0.679861 0.706173 0.104167 0.177778
2 0.259722 0.180247 0.113889 0.148148
2 0.402778 0.181481 0.116667 0.185185
2 0.509028 0.24321 0.076389 0.120988
2 0.596528 0.482716 0.140278 0.204938
2 0.766667 0.534568 0.108333 0.17037
2 0.525 0.664198 0.122222 0.108642
2 0.152778 0.667901 0.136111 0.165432
2 0.259028 0.604938 0.106944 0.158025
2 0.0375 0.749383 0.066667 0.150617
3 0.910417 0.796296 0.0625 0.111111
0 0.816667 0.634568 0.097222 0.197531