1 0.030556 0.219753 0.058333 0.118519
1 0.514583 0.932099 0.101389 0.140741
1 0.71875 0.939506 0.076389 0.106173
1 0.547222 0.651852 0.044444 0.118519
1 0.542361 0.498765 0.040278 0.11358
1 0.480556 0.065432 0.063889 0.116049
1 0.582639 0.080247 0.034722 0.08642
1 0.633333 0.22716 0.036111 0.108642
1 0.875694 0.237037 0.045833 0.079012
0 0.789583 0.47284 0.095833 0.145679
0 0.872222 0.62963 0.061111 0.118519
0 0.456944 0.709877 0.058333 0.135802
2 0.552778 0.07037 0.036111 0.081481
2 0.897222 0.846914 0.058333 0.118519
2 0.756944 0.809877 0.061111 0.103704
2 0.072917 0.907407 0.073611 0.106173