1 0.126389 0.144444 0.055556 0.071605
1 0.183333 0.318519 0.072222 0.123457
1 0.216667 0.25679 0.044444 0.074074
1 0.228472 0.079012 0.043056 0.059259
1 0.397917 0.107407 0.051389 0.076543
1 0.427083 0.062963 0.051389 0.076543
1 0.434722 0.165432 0.044444 0.069136
1 0.472917 0.207407 0.026389 0.059259
1 0.396528 0.359259 0.056944 0.116049
1 0.243056 0.47284 0.077778 0.120988
1 0.177083 0.564198 0.090278 0.140741
1 0.019444 0.497531 0.036111 0.101235
1 0.127778 0.059259 0.058333 0.088889
1 0.180556 0.024691 0.041667 0.044444
1 0.3 0.482716 0.05 0.111111
1 0.819444 0.277778 0.052778 0.106173
0 0.590972 0.42716 0.056944 0.069136
0 0.625694 0.923457 0.084722 0.088889
2 0.879861 0.101235 0.0625 0.059259