1 0.096528 0.365432 0.118056 0.187654
1 0.15625 0.259259 0.073611 0.11358
1 0.269444 0.550617 0.075 0.128395
1 0.401389 0.383951 0.061111 0.135802
1 0.172222 0.566667 0.116667 0.175309
1 0.075 0.728395 0.144444 0.217284
1 0.029167 0.114815 0.055556 0.091358
1 0.041667 0.033333 0.080556 0.061728
1 0.188194 0.032099 0.054167 0.059259
1 0.402778 0.048148 0.061111 0.08642
1 0.452083 0.116049 0.0625 0.11358
1 0.502778 0.158025 0.038889 0.074074
0 0.666667 0.474074 0.091667 0.108642
0 0.895139 0.353086 0.076389 0.118519
0 0.286111 0.68642 0.058333 0.128395
0 0.315278 0.508642 0.05 0.074074
0 0.363889 0.485185 0.055556 0.135802
0 0.834722 0.274074 0.041667 0.103704
0 0.666667 0.317284 0.05 0.081481
0 0.665278 0.191358 0.052778 0.091358