1 0.327778 0.101235 0.072222 0.128395
0 0.361806 0.524691 0.109722 0.08642
0 0.325694 0.732099 0.079167 0.244444
0 0.411111 0.666667 0.094444 0.153086
0 0.605556 0.24321 0.058333 0.08642
0 0.6 0.546914 0.072222 0.096296
0 0.865972 0.797531 0.081944 0.108642
2 0.222222 0.730864 0.097222 0.138272
2 0.550694 0.338272 0.048611 0.059259
2 0.6 0.328395 0.061111 0.074074
2 0.904167 0.597531 0.094444 0.118519
2 0.845139 0.455556 0.073611 0.111111
2 0.718056 0.32963 0.061111 0.081481
2 0.434722 0.066667 0.047222 0.083951