1 0.13125 0.139506 0.048611 0.071605
1 0.425694 0.080247 0.076389 0.111111
1 0.292361 0.509877 0.073611 0.130864
1 0.538889 0.491358 0.094444 0.148148
1 0.951389 0.054321 0.044444 0.088889
1 0.922222 0.120988 0.041667 0.088889
1 0.8875 0.196296 0.052778 0.120988
1 0.944444 0.455556 0.052778 0.08642
1 0.404861 0.28642 0.034722 0.079012
2 0.342361 0.195062 0.051389 0.083951
2 0.490972 0.222222 0.065278 0.098765
2 0.632639 0.253086 0.0875 0.125926
2 0.532639 0.846914 0.070833 0.083951
2 0.778472 0.887654 0.081944 0.111111
2 0.534722 0.948148 0.091667 0.108642
2 0.11875 0.912346 0.076389 0.111111
2 0.211111 0.585185 0.044444 0.083951
2 0.151389 0.679012 0.063889 0.083951
2 0.229861 0.723457 0.054167 0.064198