1 0.391927 0.588657 0.046354 0.090278
1 0.607552 0.489815 0.048438 0.087963
1 0.266146 0.594907 0.040104 0.060185
1 0.638542 0.029398 0.048438 0.055093
1 0.307422 0.144676 0.042448 0.072685
1 0.81276 0.693056 0.047917 0.063889
1 0.833073 0.925231 0.061979 0.127315
1 0.716667 0.892593 0.059896 0.092593
1 0.315104 0.253241 0.052083 0.075
1 0.697266 0.128241 0.046615 0.087963
1 0.55612 0.170833 0.057031 0.107407
2 0.70638 0.700694 0.035156 0.058796
2 0.629687 0.743056 0.029687 0.086111
2 0.421875 0.358333 0.040104 0.05
2 0.479167 0.441667 0.040625 0.086111
2 0.227214 0.962731 0.050781 0.072685