2 0.86875 0.61412 0.064062 0.101389
2 0.692318 0.243981 0.053385 0.066667
2 0.232422 0.6125 0.027344 0.067593
2 0.336979 0.255787 0.036458 0.044907
1 0.670182 0.196528 0.041406 0.048611
1 0.582552 0.804398 0.038021 0.058796
1 0.547786 0.427778 0.034635 0.046296
1 0.779687 0.390972 0.033854 0.040278
1 0.772266 0.598148 0.03151 0.081481
1 0.966797 0.650463 0.049219 0.103704
1 0.83099 0.731944 0.053646 0.081481
1 0.583984 0.870833 0.02526 0.053704
1 0.361198 0.078241 0.040104 0.067593
1 0.294141 0.352315 0.035156 0.039815