1 0.214453 0.302083 0.045052 0.0625
1 0.277865 0.307176 0.040625 0.069907
1 0.333464 0.306481 0.039323 0.071296
1 0.039453 0.45463 0.029427 0.05
1 0.070052 0.339583 0.026042 0.047685
1 0.180469 0.217824 0.035937 0.056019
1 0.235026 0.183333 0.035156 0.04537
1 0.360156 0.256481 0.029687 0.050926
1 0.468229 0.341435 0.028646 0.051389
1 0.638542 0.110648 0.0375 0.067593
1 0.695833 0.064583 0.04375 0.055093
1 0.540625 0.607407 0.040104 0.064815
1 0.515365 0.703241 0.044271 0.071296
1 0.116406 0.901389 0.041667 0.047222
1 0.451432 0.915972 0.028906 0.051389
1 0.620573 0.729398 0.025521 0.048611
1 0.677734 0.721296 0.04349 0.052778