1 0.266667 0.595062 0.063889 0.108642
1 0.034722 0.085185 0.05 0.066667
1 0.072222 0.208642 0.052778 0.096296
0 0.768056 0.812346 0.108333 0.246914
0 0.709722 0.554321 0.075 0.091358
0 0.354861 0.35679 0.065278 0.140741
2 0.217361 0.420988 0.068056 0.081481
2 0.185417 0.485185 0.065278 0.091358
2 0.718056 0.8 0.069444 0.133333
2 0.827083 0.776543 0.084722 0.140741
2 0.839583 0.925926 0.068056 0.108642
2 0.847222 0.474074 0.041667 0.074074
2 0.968056 0.369136 0.058333 0.08642
2 0.063194 0.64321 0.051389 0.076543
2 0.047222 0.325926 0.044444 0.059259