1 0.929557 0.462963 0.050781 0.081481
1 0.876042 0.253935 0.046354 0.068981
1 0.948828 0.631019 0.052865 0.1
1 0.715625 0.663194 0.047917 0.086574
1 0.652995 0.643519 0.035156 0.067593
1 0.549219 0.756944 0.045833 0.068519
1 0.549089 0.576852 0.042969 0.081481
1 0.437891 0.97338 0.042969 0.051389
1 0.349609 0.880324 0.03099 0.0625
1 0.241536 0.826389 0.042969 0.062963
1 0.15612 0.490509 0.039323 0.043981
1 0.097656 0.362963 0.033854 0.046296
1 0.207161 0.278472 0.042969 0.077315
1 0.199349 0.111343 0.038802 0.073611
1 0.030078 0.165741 0.035156 0.042593