1 0.335417 0.34321 0.076389 0.153086
1 0.2375 0.17284 0.05 0.093827
1 0.430556 0.15679 0.041667 0.091358
1 0.454167 0.420988 0.055556 0.096296
1 0.577778 0.567901 0.055556 0.11358
1 0.43125 0.922222 0.059722 0.130864
1 0.472917 0.671605 0.056944 0.133333
1 0.490278 0.345679 0.030556 0.079012
1 0.295833 0.538272 0.077778 0.128395
1 0.125 0.759259 0.066667 0.120988
1 0.6 0.416049 0.033333 0.071605
0 0.822222 0.871605 0.075 0.059259
2 0.613194 0.64321 0.051389 0.096296
2 0.929861 0.708642 0.070833 0.088889
2 0.834722 0.660494 0.047222 0.081481