1 0.182639 0.27037 0.065278 0.111111
1 0.072222 0.277778 0.041667 0.111111
1 0.79375 0.669136 0.093056 0.17284
1 0.966667 0.734568 0.069444 0.209877
1 0.715972 0.202469 0.054167 0.11358
1 0.975694 0.335802 0.051389 0.118519
1 0.329861 0.580247 0.059722 0.118519
1 0.3375 0.767901 0.061111 0.138272
1 0.390278 0.914815 0.069444 0.145679
1 0.408333 0.677778 0.044444 0.106173
1 0.611111 0.532099 0.038889 0.096296
1 0.695139 0.376543 0.051389 0.116049
1 0.813194 0.253086 0.045833 0.101235
1 0.863194 0.455556 0.056944 0.120988
2 0.475 0.788889 0.075 0.125926
2 0.484028 0.053086 0.0625 0.091358
2 0.324306 0.151852 0.056944 0.081481
2 0.526389 0.359259 0.052778 0.08642
2 0.128472 0.244444 0.0625 0.088889