3 0.748958 0.437269 0.035937 0.080093
3 0.674089 0.38287 0.036719 0.050926
1 0.09388 0.533102 0.044531 0.066204
1 0.45 0.657407 0.040104 0.064815
1 0.360547 0.627546 0.034635 0.052315
1 0.535807 0.45787 0.042969 0.061111
1 0.517839 0.6125 0.046615 0.05
1 0.499479 0.446528 0.019792 0.048611
1 0.594922 0.34537 0.054427 0.086111
2 0.629036 0.673148 0.026823 0.061111
2 0.66888 0.887037 0.047135 0.056481
2 0.836589 0.280324 0.049219 0.116204
3 0.578385 0.633102 0.028125 0.079167
2 0.288411 0.567361 0.039323 0.069907
1 0.673828 0.167593 0.03724 0.063889
1 0.472396 0.077546 0.040104 0.066204