1 0.713021 0.827083 0.040104 0.073611
1 0.54987 0.448611 0.027344 0.047222
1 0.586458 0.303935 0.026042 0.041204
1 0.569141 0.325926 0.02526 0.032407
1 0.496354 0.332176 0.027604 0.052315
1 0.532682 0.506713 0.029427 0.051389
1 0.384115 0.739583 0.025521 0.051389
1 0.344401 0.675 0.028906 0.05
1 0.307031 0.63125 0.020313 0.05787
1 0.247266 0.720602 0.021615 0.043981
1 0.202214 0.809954 0.03151 0.055093
1 0.192448 0.771991 0.026042 0.058796
1 0.775391 0.88588 0.067448 0.098611
1 0.531641 0.785648 0.038802 0.046296
1 0.390755 0.94213 0.057031 0.081481
1 0.385937 0.869444 0.041667 0.071296