2 0.334635 0.759954 0.040104 0.052315
3 0.472526 0.73125 0.027344 0.047685
3 0.395443 0.775 0.029427 0.052778
1 0.477734 0.652546 0.05651 0.072685
1 0.255729 0.507176 0.033333 0.048611
1 0.273177 0.363657 0.026042 0.059722
1 0.335807 0.275926 0.029948 0.060185
1 0.307812 0.296528 0.035417 0.056019
1 0.013151 0.430324 0.025781 0.056944
1 0.048828 0.28125 0.027865 0.044907
1 0.072005 0.244444 0.02526 0.034259
1 0.10625 0.255787 0.028646 0.044907
1 0.159505 0.196528 0.025781 0.0375
1 0.180859 0.158333 0.029427 0.038889