1 0.897786 0.536806 0.054948 0.058796
1 0.838021 0.819444 0.047917 0.071296
1 0.680729 0.97037 0.045833 0.060185
1 0.778255 0.633102 0.036719 0.056019
1 0.833854 0.735185 0.032292 0.067593
1 0.79375 0.723843 0.038021 0.072685
1 0.706771 0.663657 0.034375 0.065278
1 0.544922 0.265741 0.02474 0.035185
1 0.529818 0.300926 0.026823 0.042593
1 0.438021 0.511111 0.027604 0.04537
1 0.445052 0.54537 0.027604 0.046296
1 0.408854 0.608565 0.032292 0.055093
1 0.346484 0.694213 0.02474 0.058796
1 0.313802 0.657639 0.033854 0.0625
1 0.282031 0.726389 0.038021 0.060185
1 0.213542 0.956944 0.034375 0.071296