3 0.40625 0.518056 0.031771 0.049074
3 0.323958 0.546759 0.026042 0.050926
2 0.269141 0.509259 0.048698 0.043519
1 0.078776 0.172917 0.027865 0.038426
1 0.088672 0.210417 0.034115 0.045833
1 0.142708 0.096759 0.026562 0.048148
1 0.168229 0.076157 0.021875 0.041204
1 0.193099 0.088889 0.021094 0.047222
1 0.27487 0.027778 0.021094 0.038889
1 0.245182 0.055556 0.023177 0.048148
1 0.323828 0.206713 0.029427 0.060648
1 0.366146 0.153009 0.029167 0.049537
1 0.397135 0.146991 0.026042 0.049537
1 0.385807 0.229398 0.034635 0.056944
1 0.283073 0.334491 0.030729 0.064352
1 0.445052 0.45 0.061979 0.062963
1 0.282422 0.960185 0.078385 0.080556