2 0.703516 0.785648 0.040885 0.058333
1 0.41276 0.953241 0.036979 0.078704
1 0.778776 0.94537 0.059115 0.097222
1 0.720833 0.919907 0.051042 0.091667
1 0.579948 0.269907 0.022396 0.046296
1 0.547266 0.397685 0.032031 0.059259
1 0.51276 0.428935 0.035417 0.061574
1 0.365365 0.216667 0.023958 0.040741
1 0.34362 0.277083 0.023698 0.045833
1 0.293229 0.350463 0.025 0.05463
1 0.26849 0.342361 0.024479 0.048611
1 0.241536 0.387731 0.027865 0.044907
1 0.472266 0.533796 0.029427 0.060185
1 0.605469 0.63125 0.035417 0.081019
1 0.453255 0.76875 0.032031 0.077315
1 0.27513 0.943056 0.047656 0.082407
1 0.203776 0.598611 0.029948 0.059259
1 0.189714 0.534491 0.027865 0.044907