1 0.266797 0.345139 0.038281 0.055093
1 0.575651 0.415046 0.045573 0.073611
1 0.614453 0.377083 0.03776 0.073611
1 0.461328 0.105787 0.027344 0.051389
1 0.252474 0.200463 0.027865 0.044444
1 0.207682 0.240972 0.029948 0.039352
1 0.157552 0.233565 0.029167 0.043056
1 0.03125 0.331944 0.032292 0.05
1 0.209766 0.400463 0.038802 0.057407
1 0.348698 0.52338 0.022396 0.047685
1 0.254036 0.630787 0.03099 0.053241
1 0.035547 0.757407 0.039844 0.052778
2 0.78763 0.598148 0.026823 0.072222
2 0.532422 0.281481 0.027344 0.044444
2 0.236979 0.376852 0.032292 0.050926