1 0.18112 0.876389 0.063802 0.087963
1 0.808464 0.673148 0.053385 0.063889
1 0.480208 0.975463 0.041667 0.05
1 0.955208 0.393519 0.040104 0.060185
1 0.834635 0.498611 0.042188 0.07037
1 0.397786 0.297917 0.042969 0.066204
1 0.725521 0.109028 0.033854 0.058796
1 0.629427 0.46713 0.045833 0.067593
2 0.123047 0.17963 0.042448 0.07037
2 0.180078 0.162037 0.036719 0.064815
2 0.326042 0.456019 0.041667 0.072222
2 0.120964 0.968981 0.064844 0.062963
1 0.077995 0.935185 0.053385 0.082407
1 0.314844 0.828935 0.045833 0.08287
1 0.253906 0.76875 0.052083 0.080093
1 0.235937 0.655556 0.05 0.063889
1 0.079427 0.512963 0.049479 0.074074