1 0.416146 0.554861 0.024479 0.044907
1 0.548177 0.831481 0.029687 0.052778
1 0.470703 0.775 0.022656 0.05
1 0.329948 0.97338 0.053646 0.054167
1 0.379167 0.882407 0.038021 0.075
1 0.411328 0.34537 0.023177 0.050926
1 0.313411 0.341667 0.033073 0.061111
1 0.313151 0.536574 0.02526 0.053704
1 0.088932 0.590509 0.03151 0.056019
1 0.112891 0.726157 0.042969 0.0625
1 0.185026 0.554398 0.032552 0.051389
1 0.260937 0.636806 0.028125 0.058796
1 0.325391 0.091435 0.017448 0.026389
1 0.294141 0.111343 0.02526 0.058796
1 0.147396 0.279167 0.030208 0.063889