1 0.271615 0.742593 0.053646 0.083333
1 0.988802 0.341204 0.023438 0.087963
1 0.802083 0.401852 0.0625 0.083333
1 0.718229 0.550926 0.058333 0.088889
1 0.625521 0.78287 0.059375 0.089815
1 0.676562 0.691667 0.060417 0.07963
1 0.518229 0.567593 0.065625 0.116667
1 0.327865 0.767593 0.077604 0.114815
2 0.870052 0.460648 0.043229 0.058333
2 0.796354 0.523148 0.06875 0.101852
2 0.730208 0.391667 0.039583 0.092593
2 0.53776 0.963889 0.056771 0.074074
2 0.50625 0.636111 0.05625 0.074074
2 0.302344 0.68287 0.070312 0.089815