2 0.054166667187499996 0.5283950625 0.054166667187499996 0.46913580312500003 0.054166667187499996 0.40987654375 0.027777778125000003 0.40987654375 0.0013888890625 0.40987654375 0.0013888890625 0.46913580312500003 0.0013888890625 0.5283950625 0.027777778125000003 0.5283950625 0.054166667187499996 0.5283950625
2 0.5069444437499999 0.150617284375 0.5069444437499999 0.1074074078125 0.5069444437499999 0.06419753125 0.46458333281249997 0.06419753125 0.42222222187499997 0.06419753125 0.42222222187499997 0.1074074078125 0.42222222187499997 0.150617284375 0.46458333281249997 0.150617284375 0.5069444437499999 0.150617284375
2 0.44166666718750003 0.1530864203125 0.44166666718750003 0.095061728125 0.44166666718750003 0.037037037499999995 0.4076388890625 0.037037037499999995 0.3736111109375 0.037037037499999995 0.3736111109375 0.095061728125 0.3736111109375 0.1530864203125 0.4076388890625 0.1530864203125 0.44166666718750003 0.1530864203125
2 0.20694444375 0.3061728390625 0.20694444375 0.24814814843750002 0.20694444375 0.19012345625 0.1625 0.19012345625 0.11805555625 0.19012345625 0.11805555625 0.24814814843750002 0.11805555625 0.3061728390625 0.1625 0.3061728390625 0.20694444375 0.3061728390625
1 0.5 0.308641975 0.5 0.2617283953125 0.5 0.2148148140625 0.44166666718750003 0.2148148140625 0.38333333281250004 0.2148148140625 0.38333333281250004 0.2617283953125 0.38333333281250004 0.308641975 0.44166666718750003 0.308641975 0.5 0.308641975
2 0.5833333328125 0.2370370375 0.5833333328125 0.17901234531250002 0.5833333328125 0.12098765468749999 0.5381944437499999 0.12098765468749999 0.49305555625 0.12098765468749999 0.49305555625 0.17901234531250002 0.49305555625 0.2370370375 0.5381944437499999 0.2370370375 0.5833333328125 0.2370370375
2 0.35972222187499997 0.432098765625 0.35972222187499997 0.3617283953125 0.35972222187499997 0.29135802499999996 0.30902777812500004 0.29135802499999996 0.25833333281250004 0.29135802499999996 0.25833333281250004 0.3617283953125 0.25833333281250004 0.432098765625 0.30902777812500004 0.432098765625 0.35972222187499997 0.432098765625
2 0.1625 0.540740740625 0.1625 0.4703703703125 0.1625 0.4 0.10138888906250001 0.4 0.040277778125000004 0.4 0.040277778125000004 0.4703703703125 0.040277778125000004 0.540740740625 0.10138888906250001 0.540740740625 0.1625 0.540740740625
2 0.147222221875 0.7604938265625 0.147222221875 0.6567901234375 0.147222221875 0.5530864203125 0.08125 0.5530864203125 0.015277778124999999 0.5530864203125 0.015277778124999999 0.6567901234375 0.015277778124999999 0.7604938265625 0.08125 0.7604938265625 0.147222221875 0.7604938265625
2 0.21944444375 0.8790123453125 0.21944444375 0.7629629625 0.21944444375 0.6469135796875001 0.1583333328125 0.6469135796875001 0.097222221875 0.6469135796875001 0.097222221875 0.7629629625 0.097222221875 0.8790123453125 0.1583333328125 0.8790123453125 0.21944444375 0.8790123453125
2 0.34861111093749997 0.9358024687500001 0.34861111093749997 0.8024691359375 0.34861111093749997 0.669135803125 0.271527778125 0.669135803125 0.19444444375 0.669135803125 0.19444444375 0.8024691359375 0.19444444375 0.9358024687500001 0.271527778125 0.9358024687500001 0.34861111093749997 0.9358024687500001
2 0.48055555625 0.8123456796875 0.48055555625 0.6888888890625 0.48055555625 0.5654320984375001 0.4138888890625 0.5654320984375001 0.34722222187499996 0.5654320984375001 0.34722222187499996 0.6888888890625 0.34722222187499996 0.8123456796875 0.4138888890625 0.8123456796875 0.48055555625 0.8123456796875
2 0.5263888890625 1 0.5263888890625 0.8975308640625 0.5263888890625 0.795061728125 0.45416666718750004 0.795061728125 0.38194444375000003 0.795061728125 0.38194444375000003 0.8975308640625 0.38194444375000003 1 0.45416666718750004 1 0.5263888890625 1
2 0.6458333328125 1 0.6458333328125 0.9444444437499999 0.6458333328125 0.8888888890625 0.55625 0.8888888890625 0.46666666718750005 0.8888888890625 0.46666666718750005 0.9444444437499999 0.46666666718750005 1 0.55625 1 0.6458333328125 1
2 0.5527777781250001 0.523456790625 0.5527777781250001 0.44444444375 0.5527777781250001 0.3654320984375 0.48472222187499997 0.3654320984375 0.4166666671875 0.3654320984375 0.4166666671875 0.44444444375 0.4166666671875 0.523456790625 0.48472222187499997 0.523456790625 0.5527777781250001 0.523456790625
2 0.7 0.9160493828125 0.7 0.804938271875 0.7 0.6938271609375 0.6256944437499999 0.6938271609375 0.5513888890625 0.6938271609375 0.5513888890625 0.804938271875 0.5513888890625 0.9160493828125 0.6256944437499999 0.9160493828125 0.7 0.9160493828125
2 0.827777778125 1 0.827777778125 0.8950617281250001 0.827777778125 0.79012345625 0.7416666671875001 0.79012345625 0.6555555562500001 0.79012345625 0.6555555562500001 0.8950617281250001 0.6555555562500001 1 0.7416666671875001 1 0.827777778125 1
1 0.5555555562500001 0.8345679015625 0.5555555562500001 0.6876543203125001 0.5555555562500001 0.540740740625 0.51875 0.540740740625 0.48194444374999995 0.540740740625 0.48194444374999995 0.6876543203125001 0.48194444374999995 0.8345679015625 0.51875 0.8345679015625 0.5555555562500001 0.8345679015625
1 0.5138888890625 0.7209876546875 0.5138888890625 0.6024691359375 0.5138888890625 0.4839506171875 0.46527777812500004 0.4839506171875 0.4166666671875 0.4839506171875 0.4166666671875 0.6024691359375 0.4166666671875 0.7209876546875 0.46527777812500004 0.7209876546875 0.5138888890625 0.7209876546875
0 0.69305555625 0.713580246875 0.69305555625 0.604938271875 0.69305555625 0.49629629687500004 0.6201388890625 0.49629629687500004 0.547222221875 0.49629629687500004 0.547222221875 0.604938271875 0.547222221875 0.713580246875 0.6201388890625 0.713580246875 0.69305555625 0.713580246875
3 0.7986111109375 0.4987654328125 0.7986111109375 0.4012345671875 0.7986111109375 0.303703703125 0.7090277781250001 0.303703703125 0.61944444375 0.303703703125 0.61944444375 0.4012345671875 0.61944444375 0.4987654328125 0.7090277781250001 0.4987654328125 0.7986111109375 0.4987654328125
3 1 0.32592592656249997 0.9583333328125001 0.32592592656249997 0.9166666671874999 0.32592592656249997 0.9166666671874999 0.42716049375000004 0.9166666671874999 0.5283950625 0.9583333328125001 0.5283950625 1 0.5283950625 1 0.42716049375000004 1 0.32592592656249997
0 0.9930555562500001 1 0.9930555562500001 0.8456790125 0.9930555562500001 0.691358025 0.871527778125 0.691358025 0.75 0.691358025 0.75 0.8456790125 0.75 1 0.871527778125 1 0.9930555562500001 1
2 0.91944444375 0.4 0.91944444375 0.3148148140625 0.91944444375 0.2296296296875 0.8652777781250001 0.2296296296875 0.8111111109375001 0.2296296296875 0.8111111109375001 0.3148148140625 0.8111111109375001 0.4 0.8652777781250001 0.4 0.91944444375 0.4
2 0.8027777781250001 0.3432098765625 0.8027777781250001 0.2604938265625 0.8027777781250001 0.177777778125 0.7416666671875001 0.177777778125 0.6805555562500001 0.177777778125 0.6805555562500001 0.2604938265625 0.6805555562500001 0.3432098765625 0.7416666671875001 0.3432098765625 0.8027777781250001 0.3432098765625