3 0.7361111109375 0.5975308640625 0.7361111109375 0.33703703749999997 0.7361111109375 0.076543209375 0.5861111109375 0.076543209375 0.4361111109375 0.076543209375 0.4361111109375 0.33703703749999997 0.4361111109375 0.5975308640625 0.5861111109375 0.5975308640625 0.7361111109375 0.5975308640625
0 0.577777778125 0.23456790156250001 0.577777778125 0.13703703750000001 0.577777778125 0.0395061734375 0.50555555625 0.0395061734375 0.43333333281249997 0.0395061734375 0.43333333281249997 0.13703703750000001 0.43333333281249997 0.23456790156250001 0.50555555625 0.23456790156250001 0.577777778125 0.23456790156250001
0 0.477777778125 0.1654320984375 0.477777778125 0.104938271875 0.477777778125 0.04444444375 0.42291666718750004 0.04444444375 0.36805555624999997 0.04444444375 0.36805555624999997 0.104938271875 0.36805555624999997 0.1654320984375 0.42291666718750004 0.1654320984375 0.477777778125 0.1654320984375
0 0.4763888890625 0.42469135781249995 0.4763888890625 0.30123456718749997 0.4763888890625 0.177777778125 0.41805555625 0.177777778125 0.35972222187499997 0.177777778125 0.35972222187499997 0.30123456718749997 0.35972222187499997 0.42469135781249995 0.41805555625 0.42469135781249995 0.4763888890625 0.42469135781249995
0 0.940277778125 0.6148148140624999 0.940277778125 0.43456790156249997 0.940277778125 0.2543209875 0.815972221875 0.2543209875 0.6916666671875 0.2543209875 0.6916666671875 0.43456790156249997 0.6916666671875 0.6148148140624999 0.815972221875 0.6148148140624999 0.940277778125 0.6148148140624999
1 0.427777778125 0.30123456718749997 0.427777778125 0.2148148140625 0.427777778125 0.1283950625 0.33055555625 0.1283950625 0.23333333281250002 0.1283950625 0.23333333281250002 0.2148148140625 0.23333333281250002 0.30123456718749997 0.33055555625 0.30123456718749997 0.427777778125 0.30123456718749997
1 0.2708333328125 0.20987654375 0.2708333328125 0.1432098765625 0.2708333328125 0.076543209375 0.21458333281250003 0.076543209375 0.1583333328125 0.076543209375 0.1583333328125 0.1432098765625 0.1583333328125 0.20987654375 0.21458333281250003 0.20987654375 0.2708333328125 0.20987654375
2 0.1416666671875 0.1975308640625 0.1416666671875 0.149382715625 0.1416666671875 0.10123456718749999 0.0923611109375 0.10123456718749999 0.04305555625 0.10123456718749999 0.04305555625 0.149382715625 0.04305555625 0.1975308640625 0.0923611109375 0.1975308640625 0.1416666671875 0.1975308640625
2 0.40416666718750005 0.12098765468749999 0.40416666718750005 0.0753086421875 0.40416666718750005 0.0296296296875 0.3458333328125 0.0296296296875 0.2875 0.0296296296875 0.2875 0.0753086421875 0.2875 0.12098765468749999 0.3458333328125 0.12098765468749999 0.40416666718750005 0.12098765468749999
2 0.8611111109375 0.20246913593750002 0.8611111109375 0.1061728390625 0.8611111109375 0.00987654375 0.7743055562500001 0.00987654375 0.6875 0.00987654375 0.6875 0.1061728390625 0.6875 0.20246913593750002 0.7743055562500001 0.20246913593750002 0.8611111109375 0.20246913593750002
2 0.7375 0.276543209375 0.7375 0.21851851875 0.7375 0.1604938265625 0.678472221875 0.1604938265625 0.61944444375 0.1604938265625 0.61944444375 0.21851851875 0.61944444375 0.276543209375 0.678472221875 0.276543209375 0.7375 0.276543209375
1 0.7180555562500001 0.540740740625 0.7180555562500001 0.46790123437500003 0.7180555562500001 0.395061728125 0.58125 0.395061728125 0.44444444375 0.395061728125 0.44444444375 0.46790123437500003 0.44444444375 0.540740740625 0.58125 0.540740740625 0.7180555562500001 0.540740740625
2 1 0.53580246875 0.95 0.53580246875 0.9 0.53580246875 0.9 0.7395061734375 0.9 0.9432098765625 0.95 0.9432098765625 1 0.9432098765625 1 0.7395061734375 1 0.53580246875
2 0.35555555625 0.95555555625 0.35555555625 0.79012345625 0.35555555625 0.6246913578125 0.26875 0.6246913578125 0.18194444375000002 0.6246913578125 0.18194444375000002 0.79012345625 0.18194444375000002 0.95555555625 0.26875 0.95555555625 0.35555555625 0.95555555625
0 0.32083333281250004 0.9209876546875 0.32083333281250004 0.732098765625 0.32083333281250004 0.5432098765625 0.1916666671875 0.5432098765625 0.0625 0.5432098765625 0.0625 0.732098765625 0.0625 0.9209876546875 0.1916666671875 0.9209876546875 0.32083333281250004 0.9209876546875
0 0.22916666718749998 0.38765432031249997 0.22916666718749998 0.2790123453125 0.22916666718749998 0.1703703703125 0.16180555624999998 0.1703703703125 0.09444444375 0.1703703703125 0.09444444375 0.2790123453125 0.09444444375 0.38765432031249997 0.16180555624999998 0.38765432031249997 0.22916666718749998 0.38765432031249997