2 0.8416666671874999 0.17283950625 0.8416666671874999 0.11604938281249999 0.8416666671874999 0.059259259375 0.7826388890625 0.059259259375 0.7236111109375 0.059259259375 0.7236111109375 0.11604938281249999 0.7236111109375 0.17283950625 0.7826388890625 0.17283950625 0.8416666671874999 0.17283950625
1 1 0.5925925921874999 0.875 0.5925925921874999 0.75 0.5925925921874999 0.75 0.796296296875 0.75 1 0.875 1 1 1 1 0.796296296875 1 0.5925925921874999
1 0.127777778125 1 0.127777778125 0.7654320984375 0.127777778125 0.530864196875 0.065972221875 0.530864196875 0.0041666671875 0.530864196875 0.0041666671875 0.7654320984375 0.0041666671875 1 0.065972221875 1 0.127777778125 1
1 0.9694444437499999 0.6 0.9694444437499999 0.49382716093749995 0.9694444437499999 0.38765432031249997 0.83055555625 0.38765432031249997 0.6916666671875 0.38765432031249997 0.6916666671875 0.49382716093749995 0.6916666671875 0.6 0.83055555625 0.6 0.9694444437499999 0.6
0 1 0.31851851875000003 0.9701388890624999 0.31851851875000003 0.940277778125 0.31851851875000003 0.940277778125 0.450617284375 0.940277778125 0.5827160499999999 0.9701388890624999 0.5827160499999999 1 0.5827160499999999 1 0.450617284375 1 0.31851851875000003
1 0.3763888890625 0.8518518515625001 0.3763888890625 0.6061728390625001 0.3763888890625 0.3604938265625 0.3125 0.3604938265625 0.2486111109375 0.3604938265625 0.2486111109375 0.6061728390625001 0.2486111109375 0.8518518515625001 0.3125 0.8518518515625001 0.3763888890625 0.8518518515625001
2 0.4625 0.53580246875 0.4625 0.4197530859375 0.4625 0.303703703125 0.38680555625 0.303703703125 0.3111111109375 0.303703703125 0.3111111109375 0.4197530859375 0.3111111109375 0.53580246875 0.38680555625 0.53580246875 0.4625 0.53580246875
1 0.5583333328125 0.3654320984375 0.5583333328125 0.276543209375 0.5583333328125 0.1876543203125 0.44444444375 0.1876543203125 0.33055555625 0.1876543203125 0.33055555625 0.276543209375 0.33055555625 0.3654320984375 0.44444444375 0.3654320984375 0.5583333328125 0.3654320984375
1 0.7083333328125 0.795061728125 0.7083333328125 0.5530864203125 0.7083333328125 0.3111111109375 0.57430555625 0.3111111109375 0.440277778125 0.3111111109375 0.440277778125 0.5530864203125 0.440277778125 0.795061728125 0.57430555625 0.795061728125 0.7083333328125 0.795061728125
0 0.29722222187499997 0.8246913578124999 0.29722222187499997 0.6432098765625 0.29722222187499997 0.4617283953125 0.18819444375 0.4617283953125 0.0791666671875 0.4617283953125 0.0791666671875 0.6432098765625 0.0791666671875 0.8246913578124999 0.18819444375 0.8246913578124999 0.29722222187499997 0.8246913578124999
0 0.2736111109375 0.5530864203125 0.2736111109375 0.41358024687499995 0.2736111109375 0.2740740734375 0.165972221875 0.2740740734375 0.058333332812500006 0.2740740734375 0.058333332812500006 0.41358024687499995 0.058333332812500006 0.5530864203125 0.165972221875 0.5530864203125 0.2736111109375 0.5530864203125
1 0.175 0.4 0.175 0.2938271609375 0.175 0.1876543203125 0.115972221875 0.1876543203125 0.05694444375 0.1876543203125 0.05694444375 0.2938271609375 0.05694444375 0.4 0.115972221875 0.4 0.175 0.4
2 0.097222221875 0.4395061734375 0.097222221875 0.3395061734375 0.097222221875 0.2395061734375 0.04930555625 0.2395061734375 0.0013888890625 0.2395061734375 0.0013888890625 0.3395061734375 0.0013888890625 0.4395061734375 0.04930555625 0.4395061734375 0.097222221875 0.4395061734375
0 0.147222221875 0.2617283953125 0.147222221875 0.1703703703125 0.147222221875 0.0790123453125 0.075 0.0790123453125 0.002777778125 0.0790123453125 0.002777778125 0.1703703703125 0.002777778125 0.2617283953125 0.075 0.2617283953125 0.147222221875 0.2617283953125
0 0.18194444375000002 0.13333333281249998 0.18194444375000002 0.067901234375 0.18194444375000002 0.0024691359375 0.1263888890625 0.0024691359375 0.07083333281250001 0.0024691359375 0.07083333281250001 0.067901234375 0.07083333281250001 0.13333333281249998 0.1263888890625 0.13333333281249998 0.18194444375000002 0.13333333281249998
1 0.22777777812500002 0.2395061734375 0.22777777812500002 0.12222222187500001 0.22777777812500002 0.004938271875 0.1923611109375 0.004938271875 0.15694444375 0.004938271875 0.15694444375 0.12222222187500001 0.15694444375 0.2395061734375 0.1923611109375 0.2395061734375 0.22777777812500002 0.2395061734375
0 0.7111111109375 0.395061728125 0.7111111109375 0.258024690625 0.7111111109375 0.12098765468749999 0.6208333328125 0.12098765468749999 0.5305555562500001 0.12098765468749999 0.5305555562500001 0.258024690625 0.5305555562500001 0.395061728125 0.6208333328125 0.395061728125 0.7111111109375 0.395061728125
0 0.7638888890625 0.2543209875 0.7638888890625 0.1283950625 0.7638888890625 0.0024691359375 0.6638888890625 0.0024691359375 0.5638888890625 0.0024691359375 0.5638888890625 0.1283950625 0.5638888890625 0.2543209875 0.6638888890625 0.2543209875 0.7638888890625 0.2543209875
2 1 0.024691357812500002 0.928472221875 0.024691357812500002 0.85694444375 0.024691357812500002 0.85694444375 0.14567901249999998 0.85694444375 0.2666666671875 0.928472221875 0.2666666671875 1 0.2666666671875 1 0.14567901249999998 1 0.024691357812500002
1 0.977777778125 0.4197530859375 0.977777778125 0.27283950625000003 0.977777778125 0.12592592656249998 0.82430555625 0.12592592656249998 0.6708333328125 0.12592592656249998 0.6708333328125 0.27283950625000003 0.6708333328125 0.4197530859375 0.82430555625 0.4197530859375 0.977777778125 0.4197530859375
0 0.3138888890625 0.22716049374999997 0.3138888890625 0.1197530859375 0.3138888890625 0.0123456796875 0.25555555625 0.0123456796875 0.197222221875 0.0123456796875 0.197222221875 0.1197530859375 0.197222221875 0.22716049374999997 0.25555555625 0.22716049374999997 0.3138888890625 0.22716049374999997
2 0.3888888890625 0.158024690625 0.3888888890625 0.0802469140625 0.3888888890625 0.0024691359375 0.34375 0.0024691359375 0.2986111109375 0.0024691359375 0.2986111109375 0.0802469140625 0.2986111109375 0.158024690625 0.34375 0.158024690625 0.3888888890625 0.158024690625
1 0.4625 0.17283950625 0.4625 0.1074074078125 0.4625 0.041975309375 0.42569444375 0.041975309375 0.3888888890625 0.041975309375 0.3888888890625 0.1074074078125 0.3888888890625 0.17283950625 0.42569444375 0.17283950625 0.4625 0.17283950625