0 0.9446022734374999 0.6006944437499999 0.9446022734374999 0.5442708328125 0.9446022734374999 0.48784722187499996 0.9034090906250001 0.48784722187499996 0.8622159093749999 0.48784722187499996 0.8622159093749999 0.5442708328125 0.8622159093749999 0.6006944437499999 0.9034090906250001 0.6006944437499999 0.9446022734374999 0.6006944437499999
0 0.9417613640625 0.7291666671875 0.9417613640625 0.6927083328125 0.9417613640625 0.65625 0.8991477265625001 0.65625 0.8565340906250001 0.65625 0.8565340906250001 0.6927083328125 0.8565340906250001 0.7291666671875 0.8991477265625001 0.7291666671875 0.9417613640625 0.7291666671875
0 0.44176136406250005 0.7951388890625 0.44176136406250005 0.7421875 0.44176136406250005 0.6892361109375 0.39630681874999996 0.6892361109375 0.35085227343750003 0.6892361109375 0.35085227343750003 0.7421875 0.35085227343750003 0.7951388890625 0.39630681874999996 0.7951388890625 0.44176136406250005 0.7951388890625
0 0.5241477265625 0.7083333328125 0.5241477265625 0.6501736109375 0.5241477265625 0.5920138890625 0.48224431875 0.5920138890625 0.440340909375 0.5920138890625 0.440340909375 0.6501736109375 0.440340909375 0.7083333328125 0.48224431875 0.7083333328125 0.5241477265625 0.7083333328125
0 0.5696022734375 0.2604166671875 0.5696022734375 0.22916666718749998 0.5696022734375 0.1979166671875 0.5340909093749999 0.1979166671875 0.49857954531250004 0.1979166671875 0.49857954531250004 0.22916666718749998 0.49857954531250004 0.2604166671875 0.5340909093749999 0.2604166671875 0.5696022734375 0.2604166671875
0 0.45738636406250005 0.3454861109375 0.45738636406250005 0.29774305624999997 0.45738636406250005 0.25 0.40696022656249997 0.25 0.35653409062499997 0.25 0.35653409062499997 0.29774305624999997 0.35653409062499997 0.3454861109375 0.40696022656249997 0.3454861109375 0.45738636406250005 0.3454861109375
0 0.2272727265625 0.6614583328125 0.2272727265625 0.5859375 0.2272727265625 0.5104166671875 0.18963068125 0.5104166671875 0.1519886359375 0.5104166671875 0.1519886359375 0.5859375 0.1519886359375 0.6614583328125 0.18963068125 0.6614583328125 0.2272727265625 0.6614583328125
0 0.29829545468749996 0.48090277812500004 0.29829545468749996 0.42534722187499996 0.29829545468749996 0.3697916671875 0.26278409062499997 0.3697916671875 0.2272727265625 0.3697916671875 0.2272727265625 0.42534722187499996 0.2272727265625 0.48090277812500004 0.26278409062499997 0.48090277812500004 0.29829545468749996 0.48090277812500004
0 0.35369318125000004 0.39930555624999997 0.35369318125000004 0.34722222187499996 0.35369318125000004 0.2951388890625 0.31178977343750003 0.2951388890625 0.2698863640625 0.2951388890625 0.2698863640625 0.34722222187499996 0.2698863640625 0.39930555624999997 0.31178977343750003 0.39930555624999997 0.35369318125000004 0.39930555624999997
0 0.06392045468749999 0.5868055562500001 0.06392045468749999 0.5295138890625 0.06392045468749999 0.47222222187499996 0.03338068125 0.47222222187499996 0.0028409093749999998 0.47222222187499996 0.0028409093749999998 0.5295138890625 0.0028409093749999998 0.5868055562500001 0.03338068125 0.5868055562500001 0.06392045468749999 0.5868055562500001
0 0.1079545453125 0.3854166671875 0.1079545453125 0.3420138890625 0.1079545453125 0.2986111109375 0.0546875 0.2986111109375 0.0014204546874999999 0.2986111109375 0.0014204546874999999 0.3420138890625 0.0014204546874999999 0.3854166671875 0.0546875 0.3854166671875 0.1079545453125 0.3854166671875