0 0.24005681874999998 0.909722221875 0.24005681874999998 0.8619791671874999 0.24005681874999998 0.8142361109375 0.2066761359375 0.8142361109375 0.17329545468750002 0.8142361109375 0.17329545468750002 0.8619791671874999 0.17329545468750002 0.909722221875 0.2066761359375 0.909722221875 0.24005681874999998 0.909722221875
0 0.43039772656249997 0.902777778125 0.43039772656249997 0.8411458328125001 0.43039772656249997 0.7795138890625 0.39630681874999996 0.7795138890625 0.36221590937500003 0.7795138890625 0.36221590937500003 0.8411458328125001 0.36221590937500003 0.902777778125 0.39630681874999996 0.902777778125 0.43039772656249997 0.902777778125
0 0.6193181812499999 0.6458333328125 0.6193181812499999 0.6119791671875 0.6193181812499999 0.578125 0.5809659093749999 0.578125 0.5426136359375 0.578125 0.5426136359375 0.6119791671875 0.5426136359375 0.6458333328125 0.5809659093749999 0.6458333328125 0.6193181812499999 0.6458333328125
0 0.7954545453125 0.7673611109375 0.7954545453125 0.7092013890625 0.7954545453125 0.6510416671875 0.7514204546875 0.6510416671875 0.7073863640625 0.6510416671875 0.7073863640625 0.7092013890625 0.7073863640625 0.7673611109375 0.7514204546875 0.7673611109375 0.7954545453125 0.7673611109375
0 0.7997159093749999 0.9930555562500001 0.7997159093749999 0.9383680562500001 0.7997159093749999 0.8836805562500001 0.7649147734375 0.8836805562500001 0.7301136359375 0.8836805562500001 0.7301136359375 0.9383680562500001 0.7301136359375 0.9930555562500001 0.7649147734375 0.9930555562500001 0.7997159093749999 0.9930555562500001
0 0.7855113640625 0.890625 0.7855113640625 0.840277778125 0.7855113640625 0.7899305562500001 0.7634943187500001 0.7899305562500001 0.7414772734375 0.7899305562500001 0.7414772734375 0.840277778125 0.7414772734375 0.890625 0.7634943187500001 0.890625 0.7855113640625 0.890625
0 0.59375 0.46527777812500004 0.59375 0.41840277812500004 0.59375 0.37152777812500004 0.5632102265625 0.37152777812500004 0.5326704546875 0.37152777812500004 0.5326704546875 0.41840277812500004 0.5326704546875 0.46527777812500004 0.5632102265625 0.46527777812500004 0.59375 0.46527777812500004
0 0.6463068187500001 0.390625 0.6463068187500001 0.34722222187499996 0.6463068187500001 0.30381944375000003 0.6136363640625 0.30381944375000003 0.5809659093749999 0.30381944375000003 0.5809659093749999 0.34722222187499996 0.5809659093749999 0.390625 0.6136363640625 0.390625 0.6463068187500001 0.390625
0 0.5681818187500001 0.16493055625 0.5681818187500001 0.125 0.5681818187500001 0.08506944375 0.5333806812499999 0.08506944375 0.49857954531250004 0.08506944375 0.49857954531250004 0.125 0.49857954531250004 0.16493055625 0.5333806812499999 0.16493055625 0.5681818187500001 0.16493055625
0 0.47727272656249997 0.21006944375 0.47727272656249997 0.17274305625 0.47727272656249997 0.1354166671875 0.44602272656249997 0.1354166671875 0.41477272656249997 0.1354166671875 0.41477272656249997 0.17274305625 0.41477272656249997 0.21006944375 0.44602272656249997 0.21006944375 0.47727272656249997 0.21006944375
0 0.455965909375 0.27256944375000003 0.455965909375 0.23350694375 0.455965909375 0.19444444375 0.42613636406250005 0.19444444375 0.39630681874999996 0.19444444375 0.39630681874999996 0.23350694375 0.39630681874999996 0.27256944375000003 0.42613636406250005 0.27256944375000003 0.455965909375 0.27256944375000003
0 0.434659090625 0.390625 0.434659090625 0.3454861109375 0.434659090625 0.30034722187499996 0.401278409375 0.30034722187499996 0.36789772656249997 0.30034722187499996 0.36789772656249997 0.3454861109375 0.36789772656249997 0.390625 0.401278409375 0.390625 0.434659090625 0.390625
0 0.30539772656249997 0.3611111109375 0.30539772656249997 0.30815972187499996 0.30539772656249997 0.2552083328125 0.27059659062499997 0.2552083328125 0.2357954546875 0.2552083328125 0.2357954546875 0.30815972187499996 0.2357954546875 0.3611111109375 0.27059659062499997 0.3611111109375 0.30539772656249997 0.3611111109375
0 0.19744318125 0.3802083328125 0.19744318125 0.34027777812500004 0.19744318125 0.30034722187499996 0.1477272734375 0.30034722187499996 0.0980113640625 0.30034722187499996 0.0980113640625 0.34027777812500004 0.0980113640625 0.3802083328125 0.1477272734375 0.3802083328125 0.19744318125 0.3802083328125
0 0.0738636359375 0.534722221875 0.0738636359375 0.4765625 0.0738636359375 0.41840277812500004 0.0376420453125 0.41840277812500004 0.0014204546874999999 0.41840277812500004 0.0014204546874999999 0.4765625 0.0014204546874999999 0.534722221875 0.0376420453125 0.534722221875 0.0738636359375 0.534722221875