0 0.36666666718749996 0.3604938265625 0.36666666718749996 0.23209876562499998 0.36666666718749996 0.10370370312499999 0.29375 0.10370370312499999 0.2208333328125 0.10370370312499999 0.2208333328125 0.23209876562499998 0.2208333328125 0.3604938265625 0.29375 0.3604938265625 0.36666666718749996 0.3604938265625
0 0.34027777812500004 0.20987654375 0.34027777812500004 0.12098765468749999 0.34027777812500004 0.032098765625 0.2604166671875 0.032098765625 0.18055555625 0.032098765625 0.18055555625 0.12098765468749999 0.18055555625 0.20987654375 0.2604166671875 0.20987654375 0.34027777812500004 0.20987654375
0 0.45277777812500003 0.18271605 0.45277777812500003 0.10123456718749999 0.45277777812500003 0.0197530859375 0.40625 0.0197530859375 0.35972222187499997 0.0197530859375 0.35972222187499997 0.10123456718749999 0.35972222187499997 0.18271605 0.40625 0.18271605 0.45277777812500003 0.18271605
0 0.1416666671875 0.3481481484375 0.1416666671875 0.2469135796875 0.1416666671875 0.14567901249999998 0.071527778125 0.14567901249999998 0.0013888890625 0.14567901249999998 0.0013888890625 0.2469135796875 0.0013888890625 0.3481481484375 0.071527778125 0.3481481484375 0.1416666671875 0.3481481484375
1 0.24722222187499998 0.12345679062499999 0.24722222187499998 0.0703703703125 0.24722222187499998 0.01728395 0.184722221875 0.01728395 0.12222222187500001 0.01728395 0.12222222187500001 0.0703703703125 0.12222222187500001 0.12345679062499999 0.184722221875 0.12345679062499999 0.24722222187499998 0.12345679062499999
2 0.1166666671875 0.12592592656249998 0.1166666671875 0.0703703703125 0.1166666671875 0.0148148140625 0.071527778125 0.0148148140625 0.026388889062499997 0.0148148140625 0.026388889062499997 0.0703703703125 0.026388889062499997 0.12592592656249998 0.071527778125 0.12592592656249998 0.1166666671875 0.12592592656249998
2 0.2541666671875 0.41234567968749997 0.2541666671875 0.32592592656249997 0.2541666671875 0.2395061734375 0.175 0.2395061734375 0.0958333328125 0.2395061734375 0.0958333328125 0.32592592656249997 0.0958333328125 0.41234567968749997 0.175 0.41234567968749997 0.2541666671875 0.41234567968749997
2 0.1263888890625 0.57283950625 0.1263888890625 0.45185185156249996 0.1263888890625 0.330864196875 0.0638888890625 0.330864196875 0.0013888890625 0.330864196875 0.0013888890625 0.45185185156249996 0.0013888890625 0.57283950625 0.0638888890625 0.57283950625 0.1263888890625 0.57283950625
2 0.3111111109375 0.6617283953124999 0.3111111109375 0.5555555562500001 0.3111111109375 0.449382715625 0.23055555625 0.449382715625 0.15 0.449382715625 0.15 0.5555555562500001 0.15 0.6617283953124999 0.23055555625 0.6617283953124999 0.3111111109375 0.6617283953124999
2 0.1611111109375 0.896296296875 0.1611111109375 0.7543209875 0.1611111109375 0.6123456796875 0.08125 0.6123456796875 0.0013888890625 0.6123456796875 0.0013888890625 0.7543209875 0.0013888890625 0.896296296875 0.08125 0.896296296875 0.1611111109375 0.896296296875
2 0.15555555625 1 0.15555555625 0.9444444437499999 0.15555555625 0.8888888890625 0.078472221875 0.8888888890625 0.0013888890625 0.8888888890625 0.0013888890625 0.9444444437499999 0.0013888890625 1 0.078472221875 1 0.15555555625 1
0 0.7791666671875 0.3753086421875 0.7791666671875 0.2629629625 0.7791666671875 0.150617284375 0.6986111109375 0.150617284375 0.6180555562500001 0.150617284375 0.6180555562500001 0.2629629625 0.6180555562500001 0.3753086421875 0.6986111109375 0.3753086421875 0.7791666671875 0.3753086421875
2 0.60555555625 0.23456790156250001 0.60555555625 0.1876543203125 0.60555555625 0.140740740625 0.547222221875 0.140740740625 0.4888888890625 0.140740740625 0.4888888890625 0.1876543203125 0.4888888890625 0.23456790156250001 0.547222221875 0.23456790156250001 0.60555555625 0.23456790156250001
2 0.6180555562500001 0.432098765625 0.6180555562500001 0.3283950625 0.6180555562500001 0.2246913578125 0.54375 0.2246913578125 0.46944444374999994 0.2246913578125 0.46944444374999994 0.3283950625 0.46944444374999994 0.432098765625 0.54375 0.432098765625 0.6180555562500001 0.432098765625
2 0.5 0.503703703125 0.5 0.4197530859375 0.5 0.33580246874999997 0.43055555625 0.33580246874999997 0.3611111109375 0.33580246874999997 0.3611111109375 0.4197530859375 0.3611111109375 0.503703703125 0.43055555625 0.503703703125 0.5 0.503703703125
2 0.665277778125 0.550617284375 0.665277778125 0.440740740625 0.665277778125 0.330864196875 0.60625 0.330864196875 0.547222221875 0.330864196875 0.547222221875 0.440740740625 0.547222221875 0.550617284375 0.60625 0.550617284375 0.665277778125 0.550617284375
2 0.877777778125 0.3753086421875 0.877777778125 0.295061728125 0.877777778125 0.2148148140625 0.81805555625 0.2148148140625 0.7583333328124999 0.2148148140625 0.7583333328124999 0.295061728125 0.7583333328124999 0.3753086421875 0.81805555625 0.3753086421875 0.877777778125 0.3753086421875
2 1 0.0024691359375 0.9486111109375001 0.0024691359375 0.897222221875 0.0024691359375 0.897222221875 0.0395061734375 0.897222221875 0.076543209375 0.9486111109375001 0.076543209375 1 0.076543209375 1 0.0395061734375 1 0.0024691359375
2 0.95555555625 0.177777778125 0.95555555625 0.11604938281249999 0.95555555625 0.054320987499999994 0.8875 0.054320987499999994 0.8194444437499999 0.054320987499999994 0.8194444437499999 0.11604938281249999 0.8194444437499999 0.177777778125 0.8875 0.177777778125 0.95555555625 0.177777778125
2 0.9986111109375001 1 0.9986111109375001 0.8024691359375 0.9986111109375001 0.604938271875 0.9291666671875 0.604938271875 0.859722221875 0.604938271875 0.859722221875 0.8024691359375 0.859722221875 1 0.9291666671875 1 0.9986111109375001 1
1 0.9125 0.6839506171874999 0.9125 0.5135802468749999 0.9125 0.3432098765625 0.7763888890625 0.3432098765625 0.640277778125 0.3432098765625 0.640277778125 0.5135802468749999 0.640277778125 0.6839506171874999 0.7763888890625 0.6839506171874999 0.9125 0.6839506171874999
0 0.9291666671875 1 0.9291666671875 0.7814814812499999 0.9291666671875 0.5629629625 0.7805555562500001 0.5629629625 0.6319444437499999 0.5629629625 0.6319444437499999 0.7814814812499999 0.6319444437499999 1 0.7805555562500001 1 0.9291666671875 1
0 0.672222221875 0.8987654328125 0.672222221875 0.659259259375 0.672222221875 0.4197530859375 0.5694444437499999 0.4197530859375 0.46666666718750005 0.4197530859375 0.46666666718750005 0.659259259375 0.46666666718750005 0.8987654328125 0.5694444437499999 0.8987654328125 0.672222221875 0.8987654328125
0 0.6041666671875 1 0.6041666671875 0.86419753125 0.6041666671875 0.7283950625 0.4361111109375 0.7283950625 0.26805555625 0.7283950625 0.26805555625 0.86419753125 0.26805555625 1 0.4361111109375 1 0.6041666671875 1