0 0.2416666671875 0.5209876546875 0.2416666671875 0.4024691359375 0.2416666671875 0.28395061718750003 0.16875 0.28395061718750003 0.0958333328125 0.28395061718750003 0.0958333328125 0.4024691359375 0.0958333328125 0.5209876546875 0.16875 0.5209876546875 0.2416666671875 0.5209876546875
0 0.1611111109375 0.7654320984375 0.1611111109375 0.5950617281249999 0.1611111109375 0.42469135781249995 0.08125 0.42469135781249995 0.0013888890625 0.42469135781249995 0.0013888890625 0.5950617281249999 0.0013888890625 0.7654320984375 0.08125 0.7654320984375 0.1611111109375 0.7654320984375
3 0.73194444375 0.577777778125 0.73194444375 0.3802469140625 0.73194444375 0.18271605 0.5701388890625 0.18271605 0.40833333281249995 0.18271605 0.40833333281249995 0.3802469140625 0.40833333281249995 0.577777778125 0.5701388890625 0.577777778125 0.73194444375 0.577777778125
2 0.5666666671875 0.150617284375 0.5666666671875 0.076543209375 0.5666666671875 0.0024691359375 0.509027778125 0.0024691359375 0.4513888890625 0.0024691359375 0.4513888890625 0.076543209375 0.4513888890625 0.150617284375 0.509027778125 0.150617284375 0.5666666671875 0.150617284375
2 0.47361111093749997 0.1283950625 0.47361111093749997 0.076543209375 0.47361111093749997 0.024691357812500002 0.4361111109375 0.024691357812500002 0.3986111109375 0.024691357812500002 0.3986111109375 0.076543209375 0.3986111109375 0.1283950625 0.4361111109375 0.1283950625 0.47361111093749997 0.1283950625
2 0.7666666671875 0.204938271875 0.7666666671875 0.10370370312499999 0.7666666671875 0.0024691359375 0.69930555625 0.0024691359375 0.6319444437499999 0.0024691359375 0.6319444437499999 0.10370370312499999 0.6319444437499999 0.204938271875 0.69930555625 0.204938271875 0.7666666671875 0.204938271875
2 0.9111111109375001 0.0938271609375 0.9111111109375001 0.048148148437499996 0.9111111109375001 0.0024691359375 0.83819444375 0.0024691359375 0.765277778125 0.0024691359375 0.765277778125 0.048148148437499996 0.765277778125 0.0938271609375 0.83819444375 0.0938271609375 0.9111111109375001 0.0938271609375
2 0.48472222187499997 0.3160493828125 0.48472222187499997 0.223456790625 0.48472222187499997 0.130864196875 0.40277777812500004 0.130864196875 0.32083333281250004 0.130864196875 0.32083333281250004 0.223456790625 0.32083333281250004 0.3160493828125 0.40277777812500004 0.3160493828125 0.48472222187499997 0.3160493828125
2 0.3583333328125 0.5432098765625 0.3583333328125 0.43580246875000006 0.3583333328125 0.3283950625 0.28472222187499996 0.3283950625 0.21111111093749999 0.3283950625 0.21111111093749999 0.43580246875000006 0.21111111093749999 0.5432098765625 0.28472222187499996 0.5432098765625 0.3583333328125 0.5432098765625
2 0.975 0.4197530859375 0.975 0.30123456718749997 0.975 0.18271605 0.8604166671875 0.18271605 0.7458333328125 0.18271605 0.7458333328125 0.30123456718749997 0.7458333328125 0.4197530859375 0.8604166671875 0.4197530859375 0.975 0.4197530859375
2 0.734722221875 0.5679012343750001 0.734722221875 0.45555555625000005 0.734722221875 0.3432098765625 0.659722221875 0.3432098765625 0.584722221875 0.3432098765625 0.584722221875 0.45555555625000005 0.584722221875 0.5679012343750001 0.659722221875 0.5679012343750001 0.734722221875 0.5679012343750001
2 0.73194444375 1 0.73194444375 0.7888888890625 0.73194444375 0.577777778125 0.5930555562500001 0.577777778125 0.45416666718750004 0.577777778125 0.45416666718750004 0.7888888890625 0.45416666718750004 1 0.5930555562500001 1 0.73194444375 1
0 0.49583333281249997 0.7851851859375001 0.49583333281249997 0.6061728390625001 0.49583333281249997 0.42716049375000004 0.3791666671875 0.42716049375000004 0.2625 0.42716049375000004 0.2625 0.6061728390625001 0.2625 0.7851851859375001 0.3791666671875 0.7851851859375001 0.49583333281249997 0.7851851859375001
1 0.30694444375 1 0.30694444375 0.8246913578124999 0.30694444375 0.649382715625 0.20625 0.649382715625 0.10555555624999999 0.649382715625 0.10555555624999999 0.8246913578124999 0.10555555624999999 1 0.20625 1 0.30694444375 1
1 0.99444444375 1 0.99444444375 0.8222222218749999 0.99444444375 0.64444444375 0.834722221875 0.64444444375 0.675 0.64444444375 0.675 0.8222222218749999 0.675 1 0.834722221875 1 0.99444444375 1