1 0.5861111109375 0.3481481484375 0.5861111109375 0.28395061718750003 0.5861111109375 0.2197530859375 0.565972221875 0.2197530859375 0.5458333328125 0.2197530859375 0.5458333328125 0.28395061718750003 0.5458333328125 0.3481481484375 0.565972221875 0.3481481484375 0.5861111109375 0.3481481484375
2 0.20138888906250002 0.5333333328125 0.20138888906250002 0.477777778125 0.20138888906250002 0.42222222187499997 0.16458333281249998 0.42222222187499997 0.127777778125 0.42222222187499997 0.127777778125 0.477777778125 0.127777778125 0.5333333328125 0.16458333281249998 0.5333333328125 0.20138888906250002 0.5333333328125
0 0.9708333328125001 1 0.9708333328125001 0.859259259375 0.9708333328125001 0.7185185187500001 0.85625 0.7185185187500001 0.7416666671875001 0.7185185187500001 0.7416666671875001 0.859259259375 0.7416666671875001 1 0.85625 1 0.9708333328125001 1
0 0.9680555562500001 0.8123456796875 0.9680555562500001 0.6839506171874999 0.9680555562500001 0.5555555562500001 0.8833333328125 0.5555555562500001 0.7986111109375 0.5555555562500001 0.7986111109375 0.6839506171874999 0.7986111109375 0.8123456796875 0.8833333328125 0.8123456796875 0.9680555562500001 0.8123456796875
1 0.83055555625 0.649382715625 0.83055555625 0.6024691359375 0.83055555625 0.5555555562500001 0.777777778125 0.5555555562500001 0.725 0.5555555562500001 0.725 0.6024691359375 0.725 0.649382715625 0.777777778125 0.649382715625 0.83055555625 0.649382715625
1 0.91944444375 0.62716049375 0.91944444375 0.549382715625 0.91944444375 0.4716049375 0.79444444375 0.4716049375 0.66944444375 0.4716049375 0.66944444375 0.549382715625 0.66944444375 0.62716049375 0.79444444375 0.62716049375 0.91944444375 0.62716049375
1 0.7083333328125 0.604938271875 0.7083333328125 0.5469135796875 0.7083333328125 0.4888888890625 0.6298611109375 0.4888888890625 0.5513888890625 0.4888888890625 0.5513888890625 0.5469135796875 0.5513888890625 0.604938271875 0.6298611109375 0.604938271875 0.7083333328125 0.604938271875
2 0.8055555562500001 0.8345679015625 0.8055555562500001 0.7160493828125001 0.8055555562500001 0.5975308640625 0.734027778125 0.5975308640625 0.6625 0.5975308640625 0.6625 0.7160493828125001 0.6625 0.8345679015625 0.734027778125 0.8345679015625 0.8055555562500001 0.8345679015625
2 0.66944444375 0.708641975 0.66944444375 0.61851851875 0.66944444375 0.5283950625 0.60625 0.5283950625 0.54305555625 0.5283950625 0.54305555625 0.61851851875 0.54305555625 0.708641975 0.60625 0.708641975 0.66944444375 0.708641975
1 0.2666666671875 1 0.2666666671875 0.9370370375 0.2666666671875 0.8740740734375001 0.1520833328125 0.8740740734375001 0.0375 0.8740740734375001 0.0375 0.9370370375 0.0375 1 0.1520833328125 1 0.2666666671875 1
0 0.8041666671875 0.5160493828125 0.8041666671875 0.4395061734375 0.8041666671875 0.36296296250000004 0.7486111109375 0.36296296250000004 0.69305555625 0.36296296250000004 0.69305555625 0.4395061734375 0.69305555625 0.5160493828125 0.7486111109375 0.5160493828125 0.8041666671875 0.5160493828125
0 0.9125 0.530864196875 0.9125 0.43456790156249997 0.9125 0.3382716046875 0.8534722218749999 0.3382716046875 0.79444444375 0.3382716046875 0.79444444375 0.43456790156249997 0.79444444375 0.530864196875 0.8534722218749999 0.530864196875 0.9125 0.530864196875
2 0.8486111109375001 0.3851851859375 0.8486111109375001 0.3395061734375 0.8486111109375001 0.2938271609375 0.79444444375 0.2938271609375 0.7402777781250001 0.2938271609375 0.7402777781250001 0.3395061734375 0.7402777781250001 0.3851851859375 0.79444444375 0.3851851859375 0.8486111109375001 0.3851851859375
1 0.8208333328125 0.367901234375 0.8208333328125 0.296296296875 0.8208333328125 0.2246913578125 0.7805555562500001 0.2246913578125 0.7402777781250001 0.2246913578125 0.7402777781250001 0.296296296875 0.7402777781250001 0.367901234375 0.7805555562500001 0.367901234375 0.8208333328125 0.367901234375
1 0.9930555562500001 0.3209876546875 0.9930555562500001 0.249382715625 0.9930555562500001 0.177777778125 0.9201388890625 0.177777778125 0.847222221875 0.177777778125 0.847222221875 0.249382715625 0.847222221875 0.3209876546875 0.9201388890625 0.3209876546875 0.9930555562500001 0.3209876546875
1 0.8958333328125001 0.2148148140625 0.8958333328125001 0.15925925937500002 0.8958333328125001 0.10370370312499999 0.8326388890624999 0.10370370312499999 0.76944444375 0.10370370312499999 0.76944444375 0.15925925937500002 0.76944444375 0.2148148140625 0.8326388890624999 0.2148148140625 0.8958333328125001 0.2148148140625
2 0.7208333328125 0.4617283953125 0.7208333328125 0.4012345671875 0.7208333328125 0.340740740625 0.6548611109375 0.340740740625 0.5888888890625 0.340740740625 0.5888888890625 0.4012345671875 0.5888888890625 0.4617283953125 0.6548611109375 0.4617283953125 0.7208333328125 0.4617283953125
0 0.6736111109375 0.4024691359375 0.6736111109375 0.33580246874999997 0.6736111109375 0.269135803125 0.6298611109375 0.269135803125 0.5861111109375 0.269135803125 0.5861111109375 0.33580246874999997 0.5861111109375 0.4024691359375 0.6298611109375 0.4024691359375 0.6736111109375 0.4024691359375
0 0.772222221875 0.2543209875 0.772222221875 0.177777778125 0.772222221875 0.10123456718749999 0.73055555625 0.10123456718749999 0.6888888890625 0.10123456718749999 0.6888888890625 0.177777778125 0.6888888890625 0.2543209875 0.73055555625 0.2543209875 0.772222221875 0.2543209875
0 0.1111111109375 0.9629629625 0.1111111109375 0.8518518515625001 0.1111111109375 0.740740740625 0.05694444375 0.740740740625 0.002777778125 0.740740740625 0.002777778125 0.8518518515625001 0.002777778125 0.9629629625 0.05694444375 0.9629629625 0.1111111109375 0.9629629625
2 0.12222222187500001 0.8 0.12222222187500001 0.6975308640625 0.12222222187500001 0.5950617281249999 0.0701388890625 0.5950617281249999 0.01805555625 0.5950617281249999 0.01805555625 0.6975308640625 0.01805555625 0.8 0.0701388890625 0.8 0.12222222187500001 0.8
0 0.054166667187499996 0.6567901234375 0.054166667187499996 0.603703703125 0.054166667187499996 0.550617284375 0.027777778125000003 0.550617284375 0.0013888890625 0.550617284375 0.0013888890625 0.603703703125 0.0013888890625 0.6567901234375 0.027777778125000003 0.6567901234375 0.054166667187499996 0.6567901234375
0 0.225 0.669135803125 0.225 0.6 0.225 0.530864196875 0.1770833328125 0.530864196875 0.1291666671875 0.530864196875 0.1291666671875 0.6 0.1291666671875 0.669135803125 0.1770833328125 0.669135803125 0.225 0.669135803125
0 0.54444444375 0.6641975312499999 0.54444444375 0.5716049375 0.54444444375 0.47901234531250003 0.48819444375 0.47901234531250003 0.43194444374999996 0.47901234531250003 0.43194444374999996 0.5716049375 0.43194444374999996 0.6641975312499999 0.48819444375 0.6641975312499999 0.54444444375 0.6641975312499999
0 0.42083333281249996 0.6024691359375 0.42083333281249996 0.5246913578125 0.42083333281249996 0.4469135796875 0.377777778125 0.4469135796875 0.334722221875 0.4469135796875 0.334722221875 0.5246913578125 0.334722221875 0.6024691359375 0.377777778125 0.6024691359375 0.42083333281249996 0.6024691359375
1 0.42083333281249996 0.45432098749999994 0.42083333281249996 0.41604938281250003 0.42083333281249996 0.377777778125 0.38333333281250004 0.377777778125 0.3458333328125 0.377777778125 0.3458333328125 0.41604938281250003 0.3458333328125 0.45432098749999994 0.38333333281250004 0.45432098749999994 0.42083333281249996 0.45432098749999994
1 0.35555555625 0.4839506171875 0.35555555625 0.42345679062499997 0.35555555625 0.36296296250000004 0.322222221875 0.36296296250000004 0.2888888890625 0.36296296250000004 0.2888888890625 0.42345679062499997 0.2888888890625 0.4839506171875 0.322222221875 0.4839506171875 0.35555555625 0.4839506171875
0 0.46388888906250003 0.4469135796875 0.46388888906250003 0.38765432031249997 0.46388888906250003 0.3283950625 0.425 0.3283950625 0.3861111109375 0.3283950625 0.3861111109375 0.38765432031249997 0.3861111109375 0.4469135796875 0.425 0.4469135796875 0.46388888906250003 0.4469135796875
2 0.309722221875 0.6246913578125 0.309722221875 0.550617284375 0.309722221875 0.47654320937500005 0.26597222187499997 0.47654320937500005 0.222222221875 0.47654320937500005 0.222222221875 0.550617284375 0.222222221875 0.6246913578125 0.26597222187499997 0.6246913578125 0.309722221875 0.6246913578125
2 0.127777778125 0.5802469140625 0.127777778125 0.522222221875 0.127777778125 0.46419753124999996 0.084027778125 0.46419753124999996 0.040277778125000004 0.46419753124999996 0.040277778125000004 0.522222221875 0.040277778125000004 0.5802469140625 0.084027778125 0.5802469140625 0.127777778125 0.5802469140625
0 0.08194444375 0.5135802468749999 0.08194444375 0.45555555625000005 0.08194444375 0.3975308640625 0.04930555625 0.3975308640625 0.0166666671875 0.3975308640625 0.0166666671875 0.45555555625000005 0.0166666671875 0.5135802468749999 0.04930555625 0.5135802468749999 0.08194444375 0.5135802468749999
0 0.28611111093749997 0.459259259375 0.28611111093749997 0.41111111093749997 0.28611111093749997 0.36296296250000004 0.2520833328125 0.36296296250000004 0.21805555625 0.36296296250000004 0.21805555625 0.41111111093749997 0.21805555625 0.459259259375 0.2520833328125 0.459259259375 0.28611111093749997 0.459259259375
0 0.23472222187499997 0.3703703703125 0.23472222187499997 0.330864196875 0.23472222187499997 0.29135802499999996 0.20277777812500003 0.29135802499999996 0.1708333328125 0.29135802499999996 0.1708333328125 0.330864196875 0.1708333328125 0.3703703703125 0.20277777812500003 0.3703703703125 0.23472222187499997 0.3703703703125
1 0.4916666671875 0.3283950625 0.4916666671875 0.2851851859375 0.4916666671875 0.24197530937499998 0.446527778125 0.24197530937499998 0.40138888906250003 0.24197530937499998 0.40138888906250003 0.2851851859375 0.40138888906250003 0.3283950625 0.446527778125 0.3283950625 0.4916666671875 0.3283950625
1 0.49305555625 0.269135803125 0.49305555625 0.23086419687499998 0.49305555625 0.1925925921875 0.44444444375 0.1925925921875 0.3958333328125 0.1925925921875 0.3958333328125 0.23086419687499998 0.3958333328125 0.269135803125 0.44444444375 0.269135803125 0.49305555625 0.269135803125
0 0.58194444375 0.3209876546875 0.58194444375 0.2395061734375 0.58194444375 0.158024690625 0.5333333328125 0.158024690625 0.48472222187499997 0.158024690625 0.48472222187499997 0.2395061734375 0.48472222187499997 0.3209876546875 0.5333333328125 0.3209876546875 0.58194444375 0.3209876546875
2 0.76805555625 0.0716049375 0.76805555625 0.037037037499999995 0.76805555625 0.0024691359375 0.73055555625 0.0024691359375 0.69305555625 0.0024691359375 0.69305555625 0.037037037499999995 0.69305555625 0.0716049375 0.73055555625 0.0716049375 0.76805555625 0.0716049375
0 0.6583333328125 0.20987654375 0.6583333328125 0.1654320984375 0.6583333328125 0.12098765468749999 0.6326388890625 0.12098765468749999 0.60694444375 0.12098765468749999 0.60694444375 0.1654320984375 0.60694444375 0.20987654375 0.6326388890625 0.20987654375 0.6583333328125 0.20987654375
0 0.3125 0.35802469062500003 0.3125 0.303703703125 0.3125 0.249382715625 0.28055555625 0.249382715625 0.2486111109375 0.249382715625 0.2486111109375 0.303703703125 0.2486111109375 0.35802469062500003 0.28055555625 0.35802469062500003 0.3125 0.35802469062500003
2 0.2736111109375 0.8987654328125 0.2736111109375 0.7938271609374999 0.2736111109375 0.6888888890625 0.20347222187499997 0.6888888890625 0.13333333281249998 0.6888888890625 0.13333333281249998 0.7938271609374999 0.13333333281249998 0.8987654328125 0.20347222187499997 0.8987654328125 0.2736111109375 0.8987654328125
0 0.5305555562500001 0.12592592656249998 0.5305555562500001 0.077777778125 0.5305555562500001 0.0296296296875 0.509027778125 0.0296296296875 0.4875 0.0296296296875 0.4875 0.077777778125 0.4875 0.12592592656249998 0.509027778125 0.12592592656249998 0.5305555562500001 0.12592592656249998