0 0.3236111109375 0.1975308640625 0.3236111109375 0.1 0.3236111109375 0.0024691359375 0.25486111093749997 0.0024691359375 0.1861111109375 0.0024691359375 0.1861111109375 0.1 0.1861111109375 0.1975308640625 0.25486111093749997 0.1975308640625 0.3236111109375 0.1975308640625
1 0.597222221875 0.1876543203125 0.597222221875 0.095061728125 0.597222221875 0.0024691359375 0.4375 0.0024691359375 0.27777777812500004 0.0024691359375 0.27777777812500004 0.095061728125 0.27777777812500004 0.1876543203125 0.4375 0.1876543203125 0.597222221875 0.1876543203125
1 0.4361111109375 0.31851851875000003 0.4361111109375 0.2395061734375 0.4361111109375 0.1604938265625 0.31805555625 0.1604938265625 0.2 0.1604938265625 0.2 0.2395061734375 0.2 0.31851851875000003 0.31805555625 0.31851851875000003 0.4361111109375 0.31851851875000003
1 0.2208333328125 0.14567901249999998 0.2208333328125 0.0740740734375 0.2208333328125 0.0024691359375 0.1208333328125 0.0024691359375 0.0208333328125 0.0024691359375 0.0208333328125 0.0740740734375 0.0208333328125 0.14567901249999998 0.1208333328125 0.14567901249999998 0.2208333328125 0.14567901249999998
1 0.197222221875 0.41728395 0.197222221875 0.2530864203125 0.197222221875 0.0888888890625 0.121527778125 0.0888888890625 0.0458333328125 0.0888888890625 0.0458333328125 0.2530864203125 0.0458333328125 0.41728395 0.121527778125 0.41728395 0.197222221875 0.41728395
1 0.07083333281250001 0.350617284375 0.07083333281250001 0.22839506250000002 0.07083333281250001 0.1061728390625 0.0361111109375 0.1061728390625 0.0013888890625 0.1061728390625 0.0013888890625 0.22839506250000002 0.0013888890625 0.350617284375 0.0361111109375 0.350617284375 0.07083333281250001 0.350617284375
0 0.5958333328125 0.3925925921875 0.5958333328125 0.2604938265625 0.5958333328125 0.1283950625 0.5048611109375 0.1283950625 0.4138888890625 0.1283950625 0.4138888890625 0.2604938265625 0.4138888890625 0.3925925921875 0.5048611109375 0.3925925921875 0.5958333328125 0.3925925921875
0 0.8222222218749999 0.2740740734375 0.8222222218749999 0.14567901249999998 0.8222222218749999 0.01728395 0.734027778125 0.01728395 0.6458333328125 0.01728395 0.6458333328125 0.14567901249999998 0.6458333328125 0.2740740734375 0.734027778125 0.2740740734375 0.8222222218749999 0.2740740734375
1 1 0.0024691359375 0.92430555625 0.0024691359375 0.8486111109375001 0.0024691359375 0.8486111109375001 0.0604938265625 0.8486111109375001 0.11851851875 0.92430555625 0.11851851875 1 0.11851851875 1 0.0604938265625 1 0.0024691359375
1 1 0.0987654328125 0.8979166671875 0.0987654328125 0.7958333328125 0.0987654328125 0.7958333328125 0.22098765468749998 0.7958333328125 0.3432098765625 0.8979166671875 0.3432098765625 1 0.3432098765625 1 0.22098765468749998 1 0.0987654328125
2 1 0.20987654375 0.94930555625 0.20987654375 0.8986111109375001 0.20987654375 0.8986111109375001 0.349382715625 0.8986111109375001 0.4888888890625 0.94930555625 0.4888888890625 1 0.4888888890625 1 0.349382715625 1 0.20987654375
0 0.6638888890625 0.9975308640625 0.6638888890625 0.749382715625 0.6638888890625 0.5012345671875 0.5097222218749999 0.5012345671875 0.35555555625 0.5012345671875 0.35555555625 0.749382715625 0.35555555625 0.9975308640625 0.5097222218749999 0.9975308640625 0.6638888890625 0.9975308640625
1 0.9291666671875 0.9975308640625 0.9291666671875 0.6703703703125 0.9291666671875 0.3432098765625 0.8076388890624999 0.3432098765625 0.6861111109375 0.3432098765625 0.6861111109375 0.6703703703125 0.6861111109375 0.9975308640625 0.8076388890624999 0.9975308640625 0.9291666671875 0.9975308640625
1 0.765277778125 0.3753086421875 0.765277778125 0.27777777812500004 0.765277778125 0.18024691406249999 0.6763888890625 0.18024691406249999 0.5875 0.18024691406249999 0.5875 0.27777777812500004 0.5875 0.3753086421875 0.6763888890625 0.3753086421875 0.765277778125 0.3753086421875
1 0.7180555562500001 0.6938271609375 0.7180555562500001 0.5074074078125 0.7180555562500001 0.3209876546875 0.577777778125 0.3209876546875 0.4375 0.3209876546875 0.4375 0.5074074078125 0.4375 0.6938271609375 0.577777778125 0.6938271609375 0.7180555562500001 0.6938271609375
1 0.38194444375000003 0.5851851859375 0.38194444375000003 0.450617284375 0.38194444375000003 0.3160493828125 0.2979166671875 0.3160493828125 0.2138888890625 0.3160493828125 0.2138888890625 0.450617284375 0.2138888890625 0.5851851859375 0.2979166671875 0.5851851859375 0.38194444375000003 0.5851851859375
1 0.38194444375000003 1 0.38194444375000003 0.8135802468750001 0.38194444375000003 0.62716049375 0.31597222187499996 0.62716049375 0.25 0.62716049375 0.25 0.8135802468750001 0.25 1 0.31597222187499996 1 0.38194444375000003 1