2 0.809722221875 0.1876543203125 0.809722221875 0.1481481484375 0.809722221875 0.10864197499999999 0.7833333328125 0.10864197499999999 0.7569444437499999 0.10864197499999999 0.7569444437499999 0.1481481484375 0.7569444437499999 0.1876543203125 0.7833333328125 0.1876543203125 0.809722221875 0.1876543203125
2 0.859722221875 0.16790123437499999 0.859722221875 0.132098765625 0.859722221875 0.09629629687499999 0.828472221875 0.09629629687499999 0.797222221875 0.09629629687499999 0.797222221875 0.132098765625 0.797222221875 0.16790123437499999 0.828472221875 0.16790123437499999 0.859722221875 0.16790123437499999
2 0.88055555625 0.11851851875 0.88055555625 0.0938271609375 0.88055555625 0.06913580312499999 0.84930555625 0.06913580312499999 0.81805555625 0.06913580312499999 0.81805555625 0.0938271609375 0.81805555625 0.11851851875 0.84930555625 0.11851851875 0.88055555625 0.11851851875
0 0.8888888890625 0.0888888890625 0.8888888890625 0.051851851562499995 0.8888888890625 0.0148148140625 0.859722221875 0.0148148140625 0.83055555625 0.0148148140625 0.83055555625 0.051851851562499995 0.83055555625 0.0888888890625 0.859722221875 0.0888888890625 0.8888888890625 0.0888888890625
0 0.9694444437499999 0.049382715625000004 0.9694444437499999 0.0259259265625 0.9694444437499999 0.0024691359375 0.9333333328125001 0.0024691359375 0.897222221875 0.0024691359375 0.897222221875 0.0259259265625 0.897222221875 0.049382715625000004 0.9333333328125001 0.049382715625000004 0.9694444437499999 0.049382715625000004
0 0.9472222218749999 0.1382716046875 0.9472222218749999 0.0925925921875 0.9472222218749999 0.0469135796875 0.91180555625 0.0469135796875 0.8763888890624999 0.0469135796875 0.8763888890624999 0.0925925921875 0.8763888890624999 0.1382716046875 0.91180555625 0.1382716046875 0.9472222218749999 0.1382716046875
0 1 0.022222221875 0.9833333328125 0.022222221875 0.9666666671874999 0.022222221875 0.9666666671874999 0.08271605 0.9666666671874999 0.1432098765625 0.9833333328125 0.1432098765625 1 0.1432098765625 1 0.08271605 1 0.022222221875
2 0.95555555625 0.204938271875 0.95555555625 0.1543209875 0.95555555625 0.10370370312499999 0.9229166671875 0.10370370312499999 0.890277778125 0.10370370312499999 0.890277778125 0.1543209875 0.890277778125 0.204938271875 0.9229166671875 0.204938271875 0.95555555625 0.204938271875
2 0.875 0.2740740734375 0.875 0.21728394999999998 0.875 0.1604938265625 0.8395833328125001 0.1604938265625 0.8041666671875 0.1604938265625 0.8041666671875 0.21728394999999998 0.8041666671875 0.2740740734375 0.8395833328125001 0.2740740734375 0.875 0.2740740734375
2 0.897222221875 0.3432098765625 0.897222221875 0.3 0.897222221875 0.25679012343749996 0.859722221875 0.25679012343749996 0.8222222218749999 0.25679012343749996 0.8222222218749999 0.3 0.8222222218749999 0.3432098765625 0.859722221875 0.3432098765625 0.897222221875 0.3432098765625
2 0.7611111109375 0.158024690625 0.7611111109375 0.1148148140625 0.7611111109375 0.0716049375 0.727777778125 0.0716049375 0.6944444437499999 0.0716049375 0.6944444437499999 0.1148148140625 0.6944444437499999 0.158024690625 0.727777778125 0.158024690625 0.7611111109375 0.158024690625
2 0.75 0.22716049374999997 0.75 0.1703703703125 0.75 0.11358024687499998 0.7194444437499999 0.11358024687499998 0.6888888890625 0.11358024687499998 0.6888888890625 0.1703703703125 0.6888888890625 0.22716049374999997 0.7194444437499999 0.22716049374999997 0.75 0.22716049374999997
2 0.6944444437499999 0.249382715625 0.6944444437499999 0.196296296875 0.6944444437499999 0.1432098765625 0.6611111109375 0.1432098765625 0.627777778125 0.1432098765625 0.627777778125 0.196296296875 0.627777778125 0.249382715625 0.6611111109375 0.249382715625 0.6944444437499999 0.249382715625
2 0.6152777781250001 0.11358024687499998 0.6152777781250001 0.06913580312499999 0.6152777781250001 0.024691357812500002 0.5833333328125 0.024691357812500002 0.5513888890625 0.024691357812500002 0.5513888890625 0.06913580312499999 0.5513888890625 0.11358024687499998 0.5833333328125 0.11358024687499998 0.6152777781250001 0.11358024687499998
2 0.475 0.13333333281249998 0.475 0.09012345625 0.475 0.0469135796875 0.447222221875 0.0469135796875 0.41944444374999995 0.0469135796875 0.41944444374999995 0.09012345625 0.41944444374999995 0.13333333281249998 0.447222221875 0.13333333281249998 0.475 0.13333333281249998
2 0.5763888890625 0.20987654375 0.5763888890625 0.1716049375 0.5763888890625 0.13333333281249998 0.5388888890625 0.13333333281249998 0.5013888890625 0.13333333281249998 0.5013888890625 0.1716049375 0.5013888890625 0.20987654375 0.5388888890625 0.20987654375 0.5763888890625 0.20987654375
2 0.522222221875 0.249382715625 0.522222221875 0.204938271875 0.522222221875 0.1604938265625 0.490277778125 0.1604938265625 0.4583333328125 0.1604938265625 0.4583333328125 0.204938271875 0.4583333328125 0.249382715625 0.490277778125 0.249382715625 0.522222221875 0.249382715625
0 0.815277778125 0.367901234375 0.815277778125 0.313580246875 0.815277778125 0.259259259375 0.784722221875 0.259259259375 0.7541666671875 0.259259259375 0.7541666671875 0.313580246875 0.7541666671875 0.367901234375 0.784722221875 0.367901234375 0.815277778125 0.367901234375
0 0.852777778125 0.44444444375 0.852777778125 0.377777778125 0.852777778125 0.3111111109375 0.8131944437499999 0.3111111109375 0.7736111109375 0.3111111109375 0.7736111109375 0.377777778125 0.7736111109375 0.44444444375 0.8131944437499999 0.44444444375 0.852777778125 0.44444444375
0 0.7402777781250001 0.3703703703125 0.7402777781250001 0.32592592656249997 0.7402777781250001 0.28148148125 0.7090277781250001 0.28148148125 0.6777777781250001 0.28148148125 0.6777777781250001 0.32592592656249997 0.6777777781250001 0.3703703703125 0.7090277781250001 0.3703703703125 0.7402777781250001 0.3703703703125
1 0.7666666671875 0.47407407343749997 0.7666666671875 0.396296296875 0.7666666671875 0.31851851875000003 0.7104166671875001 0.31851851875000003 0.6541666671875 0.31851851875000003 0.6541666671875 0.396296296875 0.6541666671875 0.47407407343749997 0.7104166671875001 0.47407407343749997 0.7666666671875 0.47407407343749997
1 0.7166666671875 0.5012345671875 0.7166666671875 0.42716049375000004 0.7166666671875 0.35308642031250004 0.6541666671875 0.35308642031250004 0.5916666671875 0.35308642031250004 0.5916666671875 0.42716049375000004 0.5916666671875 0.5012345671875 0.6541666671875 0.5012345671875 0.7166666671875 0.5012345671875
2 0.672222221875 0.3851851859375 0.672222221875 0.3456790125 0.672222221875 0.3061728390625 0.6347222218749999 0.3061728390625 0.597222221875 0.3061728390625 0.597222221875 0.3456790125 0.597222221875 0.3851851859375 0.6347222218749999 0.3851851859375 0.672222221875 0.3851851859375
0 0.640277778125 0.3432098765625 0.640277778125 0.2938271609375 0.640277778125 0.24444444375000002 0.60625 0.24444444375000002 0.5722222218749999 0.24444444375000002 0.5722222218749999 0.2938271609375 0.5722222218749999 0.3432098765625 0.60625 0.3432098765625 0.640277778125 0.3432098765625
0 0.5666666671875 0.3283950625 0.5666666671875 0.2790123453125 0.5666666671875 0.2296296296875 0.5375 0.2296296296875 0.5083333328124999 0.2296296296875 0.5083333328124999 0.2790123453125 0.5083333328124999 0.3283950625 0.5375 0.3283950625 0.5666666671875 0.3283950625
1 0.58055555625 0.4074074078125 0.58055555625 0.33703703749999997 0.58055555625 0.2666666671875 0.5604166671875 0.2666666671875 0.540277778125 0.2666666671875 0.540277778125 0.33703703749999997 0.540277778125 0.4074074078125 0.5604166671875 0.4074074078125 0.58055555625 0.4074074078125
1 0.5208333328125 0.35555555625 0.5208333328125 0.30123456718749997 0.5208333328125 0.2469135796875 0.497222221875 0.2469135796875 0.47361111093749997 0.2469135796875 0.47361111093749997 0.30123456718749997 0.47361111093749997 0.35555555625 0.497222221875 0.35555555625 0.5208333328125 0.35555555625
2 0.5041666671875 0.3975308640625 0.5041666671875 0.3456790125 0.5041666671875 0.2938271609375 0.46805555625000006 0.2938271609375 0.43194444374999996 0.2938271609375 0.43194444374999996 0.3456790125 0.43194444374999996 0.3975308640625 0.46805555625000006 0.3975308640625 0.5041666671875 0.3975308640625
1 0.47222222187499996 0.2543209875 0.47222222187499996 0.2123456796875 0.47222222187499996 0.1703703703125 0.4236111109375 0.1703703703125 0.375 0.1703703703125 0.375 0.2123456796875 0.375 0.2543209875 0.4236111109375 0.2543209875 0.47222222187499996 0.2543209875
1 0.40138888906250003 0.2987654328125 0.40138888906250003 0.24444444375000002 0.40138888906250003 0.19012345625 0.36805555624999997 0.19012345625 0.334722221875 0.19012345625 0.334722221875 0.24444444375000002 0.334722221875 0.2987654328125 0.36805555624999997 0.2987654328125 0.40138888906250003 0.2987654328125
2 0.33055555625 0.21728394999999998 0.33055555625 0.1753086421875 0.33055555625 0.13333333281249998 0.2986111109375 0.13333333281249998 0.2666666671875 0.13333333281249998 0.2666666671875 0.1753086421875 0.2666666671875 0.21728394999999998 0.2986111109375 0.21728394999999998 0.33055555625 0.21728394999999998
2 0.2666666671875 0.36296296250000004 0.2666666671875 0.31728395 0.2666666671875 0.2716049375 0.23472222187499997 0.2716049375 0.20277777812500003 0.2716049375 0.20277777812500003 0.31728395 0.20277777812500003 0.36296296250000004 0.23472222187499997 0.36296296250000004 0.2666666671875 0.36296296250000004
0 0.3708333328125 0.486419753125 0.3708333328125 0.430864196875 0.3708333328125 0.3753086421875 0.33541666718749996 0.3753086421875 0.3 0.3753086421875 0.3 0.430864196875 0.3 0.486419753125 0.33541666718749996 0.486419753125 0.3708333328125 0.486419753125
2 0.3375 0.40493827187500003 0.3375 0.3604938265625 0.3375 0.3160493828125 0.30069444375 0.3160493828125 0.2638888890625 0.3160493828125 0.2638888890625 0.3604938265625 0.2638888890625 0.40493827187500003 0.30069444375 0.40493827187500003 0.3375 0.40493827187500003
2 0.309722221875 0.5012345671875 0.309722221875 0.450617284375 0.309722221875 0.4 0.26597222187499997 0.4 0.222222221875 0.4 0.222222221875 0.450617284375 0.222222221875 0.5012345671875 0.26597222187499997 0.5012345671875 0.309722221875 0.5012345671875
2 0.51805555625 0.6197530859375 0.51805555625 0.5604938265625 0.51805555625 0.5012345671875 0.475 0.5012345671875 0.43194444374999996 0.5012345671875 0.43194444374999996 0.5604938265625 0.43194444374999996 0.6197530859375 0.475 0.6197530859375 0.51805555625 0.6197530859375
1 0.3708333328125 0.550617284375 0.3708333328125 0.50987654375 0.3708333328125 0.46913580312500003 0.33194444375 0.46913580312500003 0.29305555625 0.46913580312500003 0.29305555625 0.50987654375 0.29305555625 0.550617284375 0.33194444375 0.550617284375 0.3708333328125 0.550617284375
1 0.3138888890625 0.5654320984375001 0.3138888890625 0.508641975 0.3138888890625 0.45185185156249996 0.272222221875 0.45185185156249996 0.23055555625 0.45185185156249996 0.23055555625 0.508641975 0.23055555625 0.5654320984375001 0.272222221875 0.5654320984375001 0.3138888890625 0.5654320984375001
1 0.40416666718750005 0.5975308640625 0.40416666718750005 0.5049382718750001 0.40416666718750005 0.41234567968749997 0.37569444375 0.41234567968749997 0.34722222187499996 0.41234567968749997 0.34722222187499996 0.5049382718750001 0.34722222187499996 0.5975308640625 0.37569444375 0.5975308640625 0.40416666718750005 0.5975308640625
1 0.2916666671875 0.7259259265625 0.2916666671875 0.6432098765625 0.2916666671875 0.5604938265625 0.25 0.5604938265625 0.20833333281250002 0.5604938265625 0.20833333281250002 0.6432098765625 0.20833333281250002 0.7259259265625 0.25 0.7259259265625 0.2916666671875 0.7259259265625
1 0.34027777812500004 0.8839506171875 0.34027777812500004 0.7604938265625 0.34027777812500004 0.6370370375000001 0.29930555625 0.6370370375000001 0.25833333281250004 0.6370370375000001 0.25833333281250004 0.7604938265625 0.25833333281250004 0.8839506171875 0.29930555625 0.8839506171875 0.34027777812500004 0.8839506171875
0 0.7166666671875 0.604938271875 0.7166666671875 0.5345679015625 0.7166666671875 0.46419753124999996 0.67430555625 0.46419753124999996 0.6319444437499999 0.46419753124999996 0.6319444437499999 0.5345679015625 0.6319444437499999 0.604938271875 0.67430555625 0.604938271875 0.7166666671875 0.604938271875
3 0.9513888890625 0.4617283953125 0.9513888890625 0.3851851859375 0.9513888890625 0.308641975 0.90069444375 0.308641975 0.85 0.308641975 0.85 0.3851851859375 0.85 0.4617283953125 0.90069444375 0.4617283953125 0.9513888890625 0.4617283953125
0 1 0.2740740734375 0.959722221875 0.2740740734375 0.91944444375 0.2740740734375 0.91944444375 0.3395061734375 0.91944444375 0.40493827187500003 0.959722221875 0.40493827187500003 1 0.40493827187500003 1 0.3395061734375 1 0.2740740734375
0 0.99444444375 0.6740740734374999 0.99444444375 0.5950617281249999 0.99444444375 0.5160493828125 0.9451388890624999 0.5160493828125 0.8958333328125001 0.5160493828125 0.8958333328125001 0.5950617281249999 0.8958333328125001 0.6740740734374999 0.9451388890624999 0.6740740734374999 0.99444444375 0.6740740734374999
2 0.94305555625 0.6370370375000001 0.94305555625 0.5629629625 0.94305555625 0.4888888890625 0.9076388890624999 0.4888888890625 0.872222221875 0.4888888890625 0.872222221875 0.5629629625 0.872222221875 0.6370370375000001 0.9076388890624999 0.6370370375000001 0.94305555625 0.6370370375000001
2 0.672222221875 0.8740740734375001 0.672222221875 0.7839506171874999 0.672222221875 0.6938271609375 0.6152777781250001 0.6938271609375 0.5583333328125 0.6938271609375 0.5583333328125 0.7839506171874999 0.5583333328125 0.8740740734375001 0.6152777781250001 0.8740740734375001 0.672222221875 0.8740740734375001