1 0.3708333328125 0.81728395 0.3708333328125 0.70987654375 0.3708333328125 0.6024691359375 0.31319444375 0.6024691359375 0.25555555625 0.6024691359375 0.25555555625 0.70987654375 0.25555555625 0.81728395 0.31319444375 0.81728395 0.3708333328125 0.81728395
1 0.984722221875 1 0.984722221875 0.796296296875 0.984722221875 0.5925925921874999 0.76875 0.5925925921874999 0.5527777781250001 0.5925925921874999 0.5527777781250001 0.796296296875 0.5527777781250001 1 0.76875 1 0.984722221875 1
1 0.7888888890625 1 0.7888888890625 0.803703703125 0.7888888890625 0.6074074078125 0.5125 0.6074074078125 0.23611111093749998 0.6074074078125 0.23611111093749998 0.803703703125 0.23611111093749998 1 0.5125 1 0.7888888890625 1
0 1 0.432098765625 0.9583333328125001 0.432098765625 0.9166666671874999 0.432098765625 0.9166666671874999 0.576543209375 0.9166666671874999 0.7209876546875 0.9583333328125001 0.7209876546875 1 0.7209876546875 1 0.576543209375 1 0.432098765625
0 0.9166666671874999 0.7012345671875 0.9166666671874999 0.5629629625 0.9166666671874999 0.42469135781249995 0.80694444375 0.42469135781249995 0.6972222218749999 0.42469135781249995 0.6972222218749999 0.5629629625 0.6972222218749999 0.7012345671875 0.80694444375 0.7012345671875 0.9166666671874999 0.7012345671875
2 0.68194444375 0.696296296875 0.68194444375 0.576543209375 0.68194444375 0.45679012343750003 0.57430555625 0.45679012343750003 0.46666666718750005 0.45679012343750003 0.46666666718750005 0.576543209375 0.46666666718750005 0.696296296875 0.57430555625 0.696296296875 0.68194444375 0.696296296875
2 0.790277778125 0.31851851875000003 0.790277778125 0.2395061734375 0.790277778125 0.1604938265625 0.721527778125 0.1604938265625 0.652777778125 0.1604938265625 0.652777778125 0.2395061734375 0.652777778125 0.31851851875000003 0.721527778125 0.31851851875000003 0.790277778125 0.31851851875000003
2 0.9388888890624999 0.303703703125 0.9388888890624999 0.21358024687500002 0.9388888890624999 0.12345679062499999 0.8611111109375 0.12345679062499999 0.7833333328125 0.12345679062499999 0.7833333328125 0.21358024687500002 0.7833333328125 0.303703703125 0.8611111109375 0.303703703125 0.9388888890624999 0.303703703125
2 0.98055555625 0.2197530859375 0.98055555625 0.141975309375 0.98055555625 0.06419753125 0.9069444437499999 0.06419753125 0.8333333328125001 0.06419753125 0.8333333328125001 0.141975309375 0.8333333328125001 0.2197530859375 0.9069444437499999 0.2197530859375 0.98055555625 0.2197530859375
1 1 0.0024691359375 0.9361111109375001 0.0024691359375 0.872222221875 0.0024691359375 0.872222221875 0.054320987499999994 0.872222221875 0.1061728390625 0.9361111109375001 0.1061728390625 1 0.1061728390625 1 0.054320987499999994 1 0.0024691359375
2 0.8875 0.0888888890625 0.8875 0.0456790125 0.8875 0.0024691359375 0.8298611109375 0.0024691359375 0.772222221875 0.0024691359375 0.772222221875 0.0456790125 0.772222221875 0.0888888890625 0.8298611109375 0.0888888890625 0.8875 0.0888888890625
2 0.675 0.0790123453125 0.675 0.040740740625 0.675 0.0024691359375 0.625 0.0024691359375 0.575 0.0024691359375 0.575 0.040740740625 0.575 0.0790123453125 0.625 0.0790123453125 0.675 0.0790123453125
2 0.6388888890625 0.286419753125 0.6388888890625 0.21728394999999998 0.6388888890625 0.1481481484375 0.5763888890625 0.1481481484375 0.5138888890625 0.1481481484375 0.5138888890625 0.21728394999999998 0.5138888890625 0.286419753125 0.5763888890625 0.286419753125 0.6388888890625 0.286419753125
2 0.052777778124999994 1 0.052777778124999994 0.8851851859375 0.052777778124999994 0.7703703703125 0.0270833328125 0.7703703703125 0.0013888890625 0.7703703703125 0.0013888890625 0.8851851859375 0.0013888890625 1 0.0270833328125 1 0.052777778124999994 1
2 0.28472222187499996 0.4888888890625 0.28472222187499996 0.4012345671875 0.28472222187499996 0.313580246875 0.22291666718749997 0.313580246875 0.1611111109375 0.313580246875 0.1611111109375 0.4012345671875 0.1611111109375 0.4888888890625 0.22291666718749997 0.4888888890625 0.28472222187499996 0.4888888890625
1 0.475 0.47407407343749997 0.475 0.3567901234375 0.475 0.2395061734375 0.365972221875 0.2395061734375 0.25694444375000003 0.2395061734375 0.25694444375000003 0.3567901234375 0.25694444375000003 0.47407407343749997 0.365972221875 0.47407407343749997 0.475 0.47407407343749997
0 0.45 0.350617284375 0.45 0.2790123453125 0.45 0.20740740781250003 0.3854166671875 0.20740740781250003 0.32083333281250004 0.20740740781250003 0.32083333281250004 0.2790123453125 0.32083333281250004 0.350617284375 0.3854166671875 0.350617284375 0.45 0.350617284375
0 0.6180555562500001 0.4716049375 0.6180555562500001 0.367901234375 0.6180555562500001 0.26419753125 0.540277778125 0.26419753125 0.4625 0.26419753125 0.4625 0.367901234375 0.4625 0.4716049375 0.540277778125 0.4716049375 0.6180555562500001 0.4716049375
2 0.5458333328125 0.2 0.5458333328125 0.130864196875 0.5458333328125 0.061728395312499997 0.4888888890625 0.061728395312499997 0.43194444374999996 0.061728395312499997 0.43194444374999996 0.130864196875 0.43194444374999996 0.2 0.4888888890625 0.2 0.5458333328125 0.2
2 0.4361111109375 0.2296296296875 0.4361111109375 0.1716049375 0.4361111109375 0.11358024687499998 0.3763888890625 0.11358024687499998 0.3166666671875 0.11358024687499998 0.3166666671875 0.1716049375 0.3166666671875 0.2296296296875 0.3763888890625 0.2296296296875 0.4361111109375 0.2296296296875
2 0.44305555625000004 0.05679012343749999 0.44305555625000004 0.0296296296875 0.44305555625000004 0.0024691359375 0.39791666718749996 0.0024691359375 0.352777778125 0.0024691359375 0.352777778125 0.0296296296875 0.352777778125 0.05679012343749999 0.39791666718749996 0.05679012343749999 0.44305555625000004 0.05679012343749999
2 0.434722221875 0.12592592656249998 0.434722221875 0.0876543203125 0.434722221875 0.049382715625000004 0.3861111109375 0.049382715625000004 0.3375 0.049382715625000004 0.3375 0.0876543203125 0.3375 0.12592592656249998 0.3861111109375 0.12592592656249998 0.434722221875 0.12592592656249998
1 0.3416666671875 0.2123456796875 0.3416666671875 0.1481481484375 0.3416666671875 0.08395061718749999 0.2604166671875 0.08395061718749999 0.17916666718750002 0.08395061718749999 0.17916666718750002 0.1481481484375 0.17916666718750002 0.2123456796875 0.2604166671875 0.2123456796875 0.3416666671875 0.2123456796875
1 0.2666666671875 0.12098765468749999 0.2666666671875 0.076543209375 0.2666666671875 0.032098765625 0.2236111109375 0.032098765625 0.18055555625 0.032098765625 0.18055555625 0.076543209375 0.18055555625 0.12098765468749999 0.2236111109375 0.12098765468749999 0.2666666671875 0.12098765468749999
1 0.17361111093749998 0.29135802499999996 0.17361111093749998 0.1987654328125 0.17361111093749998 0.1061728390625 0.1298611109375 0.1061728390625 0.0861111109375 0.1061728390625 0.0861111109375 0.1987654328125 0.0861111109375 0.29135802499999996 0.1298611109375 0.29135802499999996 0.17361111093749998 0.29135802499999996
2 0.08333333281250001 0.2543209875 0.08333333281250001 0.195061728125 0.08333333281250001 0.13580246875 0.0423611109375 0.13580246875 0.0013888890625 0.13580246875 0.0013888890625 0.195061728125 0.0013888890625 0.2543209875 0.0423611109375 0.2543209875 0.08333333281250001 0.2543209875