1 0.9305555562500001 0.06913580312499999 0.9305555562500001 0.03580246875 0.9305555562500001 0.0024691359375 0.85555555625 0.0024691359375 0.7805555562500001 0.0024691359375 0.7805555562500001 0.03580246875 0.7805555562500001 0.06913580312499999 0.85555555625 0.06913580312499999 0.9305555562500001 0.06913580312499999
0 0.06944444375 0.21728394999999998 0.06944444375 0.1629629625 0.06944444375 0.10864197499999999 0.0361111109375 0.10864197499999999 0.002777778125 0.10864197499999999 0.002777778125 0.1629629625 0.002777778125 0.21728394999999998 0.0361111109375 0.21728394999999998 0.06944444375 0.21728394999999998
1 0.127777778125 0.158024690625 0.127777778125 0.08518518593749999 0.127777778125 0.0123456796875 0.0875 0.0123456796875 0.047222221875 0.0123456796875 0.047222221875 0.08518518593749999 0.047222221875 0.158024690625 0.0875 0.158024690625 0.127777778125 0.158024690625
0 0.20277777812500003 0.140740740625 0.20277777812500003 0.076543209375 0.20277777812500003 0.0123456796875 0.15 0.0123456796875 0.097222221875 0.0123456796875 0.097222221875 0.076543209375 0.097222221875 0.140740740625 0.15 0.140740740625 0.20277777812500003 0.140740740625
0 0.14444444375 0.29135802499999996 0.14444444375 0.223456790625 0.14444444375 0.15555555625 0.08333333281250001 0.15555555625 0.022222221875 0.15555555625 0.022222221875 0.223456790625 0.022222221875 0.29135802499999996 0.08333333281250001 0.29135802499999996 0.14444444375 0.29135802499999996
2 0.23194444375 0.1753086421875 0.23194444375 0.132098765625 0.23194444375 0.0888888890625 0.18055555625 0.0888888890625 0.1291666671875 0.0888888890625 0.1291666671875 0.132098765625 0.1291666671875 0.1753086421875 0.18055555625 0.1753086421875 0.23194444375 0.1753086421875
2 0.2208333328125 0.4395061734375 0.2208333328125 0.34444444375 0.2208333328125 0.249382715625 0.15277777812499999 0.249382715625 0.084722221875 0.249382715625 0.084722221875 0.34444444375 0.084722221875 0.4395061734375 0.15277777812499999 0.4395061734375 0.2208333328125 0.4395061734375
1 0.08194444375 0.5629629625 0.08194444375 0.42839506250000003 0.08194444375 0.2938271609375 0.04305555625 0.2938271609375 0.0041666671875 0.2938271609375 0.0041666671875 0.42839506250000003 0.0041666671875 0.5629629625 0.04305555625 0.5629629625 0.08194444375 0.5629629625
0 0.322222221875 0.158024690625 0.322222221875 0.0802469140625 0.322222221875 0.0024691359375 0.275 0.0024691359375 0.22777777812500002 0.0024691359375 0.22777777812500002 0.0802469140625 0.22777777812500002 0.158024690625 0.275 0.158024690625 0.322222221875 0.158024690625
2 0.41111111093749997 0.1382716046875 0.41111111093749997 0.08518518593749999 0.41111111093749997 0.032098765625 0.3604166671875 0.032098765625 0.309722221875 0.032098765625 0.309722221875 0.08518518593749999 0.309722221875 0.1382716046875 0.3604166671875 0.1382716046875 0.41111111093749997 0.1382716046875
0 0.5 0.2246913578125 0.5 0.12098765468749999 0.5 0.01728395 0.4388888890625 0.01728395 0.377777778125 0.01728395 0.377777778125 0.12098765468749999 0.377777778125 0.2246913578125 0.4388888890625 0.2246913578125 0.5 0.2246913578125
0 0.7888888890625 0.2469135796875 0.7888888890625 0.12592592656249998 0.7888888890625 0.004938271875 0.6979166671875 0.004938271875 0.60694444375 0.004938271875 0.60694444375 0.12592592656249998 0.60694444375 0.2469135796875 0.6979166671875 0.2469135796875 0.7888888890625 0.2469135796875
0 0.5763888890625 0.3604938265625 0.5763888890625 0.2543209875 0.5763888890625 0.1481481484375 0.5013888890625 0.1481481484375 0.4263888890625 0.1481481484375 0.4263888890625 0.2543209875 0.4263888890625 0.3604938265625 0.5013888890625 0.3604938265625 0.5763888890625 0.3604938265625
1 0.6388888890625 0.2370370375 0.6388888890625 0.12345679062499999 0.6388888890625 0.00987654375 0.5694444437499999 0.00987654375 0.5 0.00987654375 0.5 0.12345679062499999 0.5 0.2370370375 0.5694444437499999 0.2370370375 0.6388888890625 0.2370370375
1 0.73194444375 0.4716049375 0.73194444375 0.3432098765625 0.73194444375 0.2148148140625 0.61944444375 0.2148148140625 0.5069444437499999 0.2148148140625 0.5069444437499999 0.3432098765625 0.5069444437499999 0.4716049375 0.61944444375 0.4716049375 0.73194444375 0.4716049375
2 0.68194444375 0.60987654375 0.68194444375 0.459259259375 0.68194444375 0.308641975 0.5840277781250001 0.308641975 0.4861111109375 0.308641975 0.4861111109375 0.459259259375 0.4861111109375 0.60987654375 0.5840277781250001 0.60987654375 0.68194444375 0.60987654375
2 0.7708333328125 1 0.7708333328125 0.7975308640625001 0.7708333328125 0.5950617281249999 0.6298611109375 0.5950617281249999 0.4888888890625 0.5950617281249999 0.4888888890625 0.7975308640625001 0.4888888890625 1 0.6298611109375 1 0.7708333328125 1
1 0.93194444375 0.68148148125 0.93194444375 0.42222222187499997 0.93194444375 0.1629629625 0.8444444437499999 0.1629629625 0.7569444437499999 0.1629629625 0.7569444437499999 0.42222222187499997 0.7569444437499999 0.68148148125 0.8444444437499999 0.68148148125 0.93194444375 0.68148148125
1 0.9305555562500001 0.9901234562499999 0.9305555562500001 0.786419753125 0.9305555562500001 0.5827160499999999 0.821527778125 0.5827160499999999 0.7125 0.5827160499999999 0.7125 0.786419753125 0.7125 0.9901234562499999 0.821527778125 0.9901234562499999 0.9305555562500001 0.9901234562499999
0 1 0.16790123437499999 0.9166666671874999 0.16790123437499999 0.8333333328125001 0.16790123437499999 0.8333333328125001 0.36666666718749996 0.8333333328125001 0.5654320984375001 0.9166666671874999 0.5654320984375001 1 0.5654320984375001 1 0.36666666718749996 1 0.16790123437499999
0 0.9263888890624999 1 0.9263888890624999 0.9037037031249999 0.9263888890624999 0.8074074078125 0.765277778125 0.8074074078125 0.6041666671875 0.8074074078125 0.6041666671875 0.9037037031249999 0.6041666671875 1 0.765277778125 1 0.9263888890624999 1