1 0.527777778125 0.9580246906250001 0.527777778125 0.8740740734375001 0.527777778125 0.79012345625 0.49583333281249997 0.79012345625 0.46388888906250003 0.79012345625 0.46388888906250003 0.8740740734375001 0.46388888906250003 0.9580246906250001 0.49583333281249997 0.9580246906250001 0.527777778125 0.9580246906250001
2 0.5527777781250001 0.7925925921875 0.5527777781250001 0.7456790125 0.5527777781250001 0.6987654328125 0.5201388890625 0.6987654328125 0.4875 0.6987654328125 0.4875 0.7456790125 0.4875 0.7925925921875 0.5201388890625 0.7925925921875 0.5527777781250001 0.7925925921875
2 0.7861111109375 0.9135802468750001 0.7861111109375 0.8691358031249999 0.7861111109375 0.8246913578124999 0.765277778125 0.8246913578124999 0.74444444375 0.8246913578124999 0.74444444375 0.8691358031249999 0.74444444375 0.9135802468750001 0.765277778125 0.9135802468750001 0.7861111109375 0.9135802468750001
0 0.8263888890625 0.97283950625 0.8263888890625 0.9074074078125 0.8263888890625 0.841975309375 0.79305555625 0.841975309375 0.7597222218749999 0.841975309375 0.7597222218749999 0.9074074078125 0.7597222218749999 0.97283950625 0.79305555625 0.97283950625 0.8263888890625 0.97283950625
0 0.5958333328125 0.995061728125 0.5958333328125 0.92716049375 0.5958333328125 0.859259259375 0.55694444375 0.859259259375 0.51805555625 0.859259259375 0.51805555625 0.92716049375 0.51805555625 0.995061728125 0.55694444375 0.995061728125 0.5958333328125 0.995061728125
1 0.6347222218749999 0.8518518515625001 0.6347222218749999 0.769135803125 0.6347222218749999 0.686419753125 0.5923611109375 0.686419753125 0.55 0.686419753125 0.55 0.769135803125 0.55 0.8518518515625001 0.5923611109375 0.8518518515625001 0.6347222218749999 0.8518518515625001
2 0.997222221875 0.6938271609375 0.997222221875 0.62716049375 0.997222221875 0.5604938265625 0.9590277781250001 0.5604938265625 0.9208333328125 0.5604938265625 0.9208333328125 0.62716049375 0.9208333328125 0.6938271609375 0.9590277781250001 0.6938271609375 0.997222221875 0.6938271609375
0 0.9902777781250001 0.5950617281249999 0.9902777781250001 0.540740740625 0.9902777781250001 0.486419753125 0.95625 0.486419753125 0.922222221875 0.486419753125 0.922222221875 0.540740740625 0.922222221875 0.5950617281249999 0.95625 0.5950617281249999 0.9902777781250001 0.5950617281249999
2 0.9875 0.503703703125 0.9875 0.46666666718750005 0.9875 0.4296296296875 0.9604166671875 0.4296296296875 0.9333333328125001 0.4296296296875 0.9333333328125001 0.46666666718750005 0.9333333328125001 0.503703703125 0.9604166671875 0.503703703125 0.9875 0.503703703125
0 1 0.38765432031249997 0.972222221875 0.38765432031249997 0.9444444437499999 0.38765432031249997 0.9444444437499999 0.42222222187499997 0.9444444437499999 0.45679012343750003 0.972222221875 0.45679012343750003 1 0.45679012343750003 1 0.42222222187499997 1 0.38765432031249997
0 0.83055555625 0.691358025 0.83055555625 0.6345679015625 0.83055555625 0.577777778125 0.7958333328125 0.577777778125 0.7611111109375 0.577777778125 0.7611111109375 0.6345679015625 0.7611111109375 0.691358025 0.7958333328125 0.691358025 0.83055555625 0.691358025
3 0.7986111109375 0.7753086421875001 0.7986111109375 0.7012345671875 0.7986111109375 0.62716049375 0.7493055562500001 0.62716049375 0.7 0.62716049375 0.7 0.7012345671875 0.7 0.7753086421875001 0.7493055562500001 0.7753086421875001 0.7986111109375 0.7753086421875001
2 0.902777778125 0.6567901234375 0.902777778125 0.6086419750000001 0.902777778125 0.5604938265625 0.865972221875 0.5604938265625 0.8291666671875 0.5604938265625 0.8291666671875 0.6086419750000001 0.8291666671875 0.6567901234375 0.865972221875 0.6567901234375 0.902777778125 0.6567901234375
2 0.8652777781250001 0.5333333328125 0.8652777781250001 0.49629629687500004 0.8652777781250001 0.459259259375 0.8375 0.459259259375 0.809722221875 0.459259259375 0.809722221875 0.49629629687500004 0.809722221875 0.5333333328125 0.8375 0.5333333328125 0.8652777781250001 0.5333333328125
2 0.934722221875 0.4 0.934722221875 0.3740740734375 0.934722221875 0.3481481484375 0.90625 0.3481481484375 0.877777778125 0.3481481484375 0.877777778125 0.3740740734375 0.877777778125 0.4 0.90625 0.4 0.934722221875 0.4
2 0.9472222218749999 0.47901234531250003 0.9472222218749999 0.4395061734375 0.9472222218749999 0.4 0.922222221875 0.4 0.897222221875 0.4 0.897222221875 0.4395061734375 0.897222221875 0.47901234531250003 0.922222221875 0.47901234531250003 0.9472222218749999 0.47901234531250003
2 0.7861111109375 0.5135802468749999 0.7861111109375 0.4703703703125 0.7861111109375 0.42716049375000004 0.7604166671875 0.42716049375000004 0.734722221875 0.42716049375000004 0.734722221875 0.4703703703125 0.734722221875 0.5135802468749999 0.7604166671875 0.5135802468749999 0.7861111109375 0.5135802468749999
2 0.797222221875 0.46419753124999996 0.797222221875 0.42469135781249995 0.797222221875 0.3851851859375 0.7791666671875 0.3851851859375 0.7611111109375 0.3851851859375 0.7611111109375 0.42469135781249995 0.7611111109375 0.46419753124999996 0.7791666671875 0.46419753124999996 0.797222221875 0.46419753124999996
2 0.7458333328125 0.6888888890625 0.7458333328125 0.6370370375000001 0.7458333328125 0.5851851859375 0.7138888890625 0.5851851859375 0.68194444375 0.5851851859375 0.68194444375 0.6370370375000001 0.68194444375 0.6888888890625 0.7138888890625 0.6888888890625 0.7458333328125 0.6888888890625
2 0.725 0.6024691359375 0.725 0.550617284375 0.725 0.4987654328125 0.6944444437499999 0.4987654328125 0.6638888890625 0.4987654328125 0.6638888890625 0.550617284375 0.6638888890625 0.6024691359375 0.6944444437499999 0.6024691359375 0.725 0.6024691359375
2 0.5611111109375 0.6296296296875 0.5611111109375 0.5851851859375 0.5611111109375 0.540740740625 0.5319444437499999 0.540740740625 0.502777778125 0.540740740625 0.502777778125 0.5851851859375 0.502777778125 0.6296296296875 0.5319444437499999 0.6296296296875 0.5611111109375 0.6296296296875
2 0.6138888890625 0.6 0.6138888890625 0.54444444375 0.6138888890625 0.4888888890625 0.578472221875 0.4888888890625 0.54305555625 0.4888888890625 0.54305555625 0.54444444375 0.54305555625 0.6 0.578472221875 0.6 0.6138888890625 0.6
2 0.66944444375 0.53580246875 0.66944444375 0.4975308640625 0.66944444375 0.459259259375 0.6458333328125 0.459259259375 0.622222221875 0.459259259375 0.622222221875 0.4975308640625 0.622222221875 0.53580246875 0.6458333328125 0.53580246875 0.66944444375 0.53580246875
2 0.7 0.508641975 0.7 0.47654320937500005 0.7 0.44444444375 0.6770833328125 0.44444444375 0.6541666671875 0.44444444375 0.6541666671875 0.47654320937500005 0.6541666671875 0.508641975 0.6770833328125 0.508641975 0.7 0.508641975
2 0.7180555562500001 0.449382715625 0.7180555562500001 0.42716049375000004 0.7180555562500001 0.40493827187500003 0.690972221875 0.40493827187500003 0.6638888890625 0.40493827187500003 0.6638888890625 0.42716049375000004 0.6638888890625 0.449382715625 0.690972221875 0.449382715625 0.7180555562500001 0.449382715625
0 0.765277778125 0.4395061734375 0.765277778125 0.40493827187500003 0.765277778125 0.3703703703125 0.74444444375 0.3703703703125 0.7236111109375 0.3703703703125 0.7236111109375 0.40493827187500003 0.7236111109375 0.4395061734375 0.74444444375 0.4395061734375 0.765277778125 0.4395061734375
0 0.725 0.4197530859375 0.725 0.38271605000000003 0.725 0.3456790125 0.70069444375 0.3456790125 0.6763888890625 0.3456790125 0.6763888890625 0.38271605000000003 0.6763888890625 0.4197530859375 0.70069444375 0.4197530859375 0.725 0.4197530859375
0 0.847222221875 0.44197530937499996 0.847222221875 0.396296296875 0.847222221875 0.350617284375 0.8208333328125 0.350617284375 0.79444444375 0.350617284375 0.79444444375 0.396296296875 0.79444444375 0.44197530937499996 0.8208333328125 0.44197530937499996 0.847222221875 0.44197530937499996
0 0.840277778125 0.350617284375 0.840277778125 0.3160493828125 0.840277778125 0.28148148125 0.8166666671874999 0.28148148125 0.79305555625 0.28148148125 0.79305555625 0.3160493828125 0.79305555625 0.350617284375 0.8166666671874999 0.350617284375 0.840277778125 0.350617284375
0 0.8083333328125001 0.38765432031249997 0.8083333328125001 0.3456790125 0.8083333328125001 0.303703703125 0.7826388890625 0.303703703125 0.7569444437499999 0.303703703125 0.7569444437499999 0.3456790125 0.7569444437499999 0.38765432031249997 0.7826388890625 0.38765432031249997 0.8083333328125001 0.38765432031249997
0 0.775 0.3753086421875 0.775 0.3345679015625 0.775 0.2938271609375 0.7513888890625 0.2938271609375 0.727777778125 0.2938271609375 0.727777778125 0.3345679015625 0.727777778125 0.3753086421875 0.7513888890625 0.3753086421875 0.775 0.3753086421875
0 0.7166666671875 0.795061728125 0.7166666671875 0.7296296296875 0.7166666671875 0.6641975312499999 0.6798611109375 0.6641975312499999 0.64305555625 0.6641975312499999 0.64305555625 0.7296296296875 0.64305555625 0.795061728125 0.6798611109375 0.795061728125 0.7166666671875 0.795061728125
0 0.675 0.723456790625 0.675 0.6703703703125 0.675 0.61728395 0.64444444375 0.61728395 0.6138888890625 0.61728395 0.6138888890625 0.6703703703125 0.6138888890625 0.723456790625 0.64444444375 0.723456790625 0.675 0.723456790625
0 0.609722221875 0.7382716046875 0.609722221875 0.696296296875 0.609722221875 0.6543209875 0.5840277781250001 0.6543209875 0.5583333328125 0.6543209875 0.5583333328125 0.696296296875 0.5583333328125 0.7382716046875 0.5840277781250001 0.7382716046875 0.609722221875 0.7382716046875
0 0.5166666671875 0.7456790125 0.5166666671875 0.696296296875 0.5166666671875 0.6469135796875001 0.48680555625000005 0.6469135796875001 0.45694444375 0.6469135796875001 0.45694444375 0.696296296875 0.45694444375 0.7456790125 0.48680555625000005 0.7456790125 0.5166666671875 0.7456790125
0 0.4486111109375 0.75555555625 0.4486111109375 0.704938271875 0.4486111109375 0.6543209875 0.42083333281249996 0.6543209875 0.39305555625 0.6543209875 0.39305555625 0.704938271875 0.39305555625 0.75555555625 0.42083333281249996 0.75555555625 0.4486111109375 0.75555555625
1 0.46805555625000006 0.8271604937499999 0.46805555625000006 0.759259259375 0.46805555625000006 0.691358025 0.43055555625 0.691358025 0.39305555625 0.691358025 0.39305555625 0.759259259375 0.39305555625 0.8271604937499999 0.43055555625 0.8271604937499999 0.46805555625000006 0.8271604937499999
2 0.397222221875 0.8222222218749999 0.397222221875 0.7703703703125 0.397222221875 0.7185185187500001 0.3638888890625 0.7185185187500001 0.33055555625 0.7185185187500001 0.33055555625 0.7703703703125 0.33055555625 0.8222222218749999 0.3638888890625 0.8222222218749999 0.397222221875 0.8222222218749999
2 0.6513888890625 0.3209876546875 0.6513888890625 0.2888888890625 0.6513888890625 0.25679012343749996 0.6298611109375 0.25679012343749996 0.6083333328125 0.25679012343749996 0.6083333328125 0.2888888890625 0.6083333328125 0.3209876546875 0.6298611109375 0.3209876546875 0.6513888890625 0.3209876546875
2 0.6013888890625 0.3382716046875 0.6013888890625 0.3024691359375 0.6013888890625 0.2666666671875 0.58125 0.2666666671875 0.5611111109375 0.2666666671875 0.5611111109375 0.3024691359375 0.5611111109375 0.3382716046875 0.58125 0.3382716046875 0.6013888890625 0.3382716046875
2 0.5708333328124999 0.46419753124999996 0.5708333328124999 0.42592592656250006 0.5708333328124999 0.38765432031249997 0.547222221875 0.38765432031249997 0.5236111109375 0.38765432031249997 0.5236111109375 0.42592592656250006 0.5236111109375 0.46419753124999996 0.547222221875 0.46419753124999996 0.5708333328124999 0.46419753124999996
2 0.490277778125 0.508641975 0.490277778125 0.46913580312500003 0.490277778125 0.4296296296875 0.46319444374999996 0.4296296296875 0.4361111109375 0.4296296296875 0.4361111109375 0.46913580312500003 0.4361111109375 0.508641975 0.46319444374999996 0.508641975 0.490277778125 0.508641975
2 0.45694444375 0.6246913578125 0.45694444375 0.586419753125 0.45694444375 0.5481481484375 0.4263888890625 0.5481481484375 0.3958333328125 0.5481481484375 0.3958333328125 0.586419753125 0.3958333328125 0.6246913578125 0.4263888890625 0.6246913578125 0.45694444375 0.6246913578125
2 0.4138888890625 0.68148148125 0.4138888890625 0.6296296296875 0.4138888890625 0.577777778125 0.3826388890625 0.577777778125 0.3513888890625 0.577777778125 0.3513888890625 0.6296296296875 0.3513888890625 0.68148148125 0.3826388890625 0.68148148125 0.4138888890625 0.68148148125
2 0.3763888890625 0.577777778125 0.3763888890625 0.5271604937500001 0.3763888890625 0.47654320937500005 0.3451388890625 0.47654320937500005 0.3138888890625 0.47654320937500005 0.3138888890625 0.5271604937500001 0.3138888890625 0.577777778125 0.3451388890625 0.577777778125 0.3763888890625 0.577777778125
1 0.35972222187499997 0.7111111109375 0.35972222187499997 0.6543209875 0.35972222187499997 0.5975308640625 0.315277778125 0.5975308640625 0.2708333328125 0.5975308640625 0.2708333328125 0.6543209875 0.2708333328125 0.7111111109375 0.315277778125 0.7111111109375 0.35972222187499997 0.7111111109375
1 0.275 0.8024691359375 0.275 0.732098765625 0.275 0.6617283953124999 0.2541666671875 0.6617283953124999 0.23333333281250002 0.6617283953124999 0.23333333281250002 0.732098765625 0.23333333281250002 0.8024691359375 0.2541666671875 0.8024691359375 0.275 0.8024691359375
1 0.24444444375000002 1 0.24444444375000002 0.9654320984375 0.24444444375000002 0.9308641968750001 0.20555555625 0.9308641968750001 0.1666666671875 0.9308641968750001 0.1666666671875 0.9654320984375 0.1666666671875 1 0.20555555625 1 0.24444444375000002 1
0 0.2833333328125 0.9654320984375 0.2833333328125 0.9086419749999999 0.2833333328125 0.8518518515625001 0.24097222187499998 0.8518518515625001 0.1986111109375 0.8518518515625001 0.1986111109375 0.9086419749999999 0.1986111109375 0.9654320984375 0.24097222187499998 0.9654320984375 0.2833333328125 0.9654320984375
2 0.2236111109375 0.8197530859375 0.2236111109375 0.7851851859375001 0.2236111109375 0.750617284375 0.1888888890625 0.750617284375 0.1541666671875 0.750617284375 0.1541666671875 0.7851851859375001 0.1541666671875 0.8197530859375 0.1888888890625 0.8197530859375 0.2236111109375 0.8197530859375
2 0.25 0.9037037031249999 0.25 0.8530864203125 0.25 0.8024691359375 0.2104166671875 0.8024691359375 0.1708333328125 0.8024691359375 0.1708333328125 0.8530864203125 0.1708333328125 0.9037037031249999 0.2104166671875 0.9037037031249999 0.25 0.9037037031249999