1 0.6986111109375 0.269135803125 0.6986111109375 0.2123456796875 0.6986111109375 0.15555555625 0.6729166671875 0.15555555625 0.647222221875 0.15555555625 0.647222221875 0.2123456796875 0.647222221875 0.269135803125 0.6729166671875 0.269135803125 0.6986111109375 0.269135803125
1 0.7138888890625 0.330864196875 0.7138888890625 0.29135802499999996 0.7138888890625 0.2518518515625 0.6673611109375 0.2518518515625 0.6208333328125 0.2518518515625 0.6208333328125 0.29135802499999996 0.6208333328125 0.330864196875 0.6673611109375 0.330864196875 0.7138888890625 0.330864196875
1 0.66944444375 0.1629629625 0.66944444375 0.1123456796875 0.66944444375 0.061728395312499997 0.6354166671875 0.061728395312499997 0.6013888890625 0.061728395312499997 0.6013888890625 0.1123456796875 0.6013888890625 0.1629629625 0.6354166671875 0.1629629625 0.66944444375 0.1629629625
1 0.3763888890625 1 0.3763888890625 0.9037037031249999 0.3763888890625 0.8074074078125 0.32847222187499997 0.8074074078125 0.28055555625 0.8074074078125 0.28055555625 0.9037037031249999 0.28055555625 1 0.32847222187499997 1 0.3763888890625 1
1 0.3513888890625 0.8518518515625001 0.3513888890625 0.6975308640625 0.3513888890625 0.5432098765625 0.24722222187499998 0.5432098765625 0.14305555625 0.5432098765625 0.14305555625 0.6975308640625 0.14305555625 0.8518518515625001 0.24722222187499998 0.8518518515625001 0.3513888890625 0.8518518515625001
1 0.272222221875 0.7382716046875 0.272222221875 0.64444444375 0.272222221875 0.550617284375 0.175 0.550617284375 0.077777778125 0.550617284375 0.077777778125 0.64444444375 0.077777778125 0.7382716046875 0.175 0.7382716046875 0.272222221875 0.7382716046875
1 1 0.6197530859375 0.8875 0.6197530859375 0.775 0.6197530859375 0.775 0.7790123453125 0.775 0.9382716046875 0.8875 0.9382716046875 1 0.9382716046875 1 0.7790123453125 1 0.6197530859375
1 1 0.508641975 0.9020833328125001 0.508641975 0.8041666671875 0.508641975 0.8041666671875 0.6370370375000001 0.8041666671875 0.7654320984375 0.9020833328125001 0.7654320984375 1 0.7654320984375 1 0.6370370375000001 1 0.508641975
1 1 0.459259259375 0.88680555625 0.459259259375 0.7736111109375 0.459259259375 0.7736111109375 0.5555555562500001 0.7736111109375 0.6518518515625 0.88680555625 0.6518518515625 1 0.6518518515625 1 0.5555555562500001 1 0.459259259375
1 0.7430555562500001 0.44444444375 0.7430555562500001 0.3703703703125 0.7430555562500001 0.296296296875 0.6548611109375 0.296296296875 0.5666666671875 0.296296296875 0.5666666671875 0.3703703703125 0.5666666671875 0.44444444375 0.6548611109375 0.44444444375 0.7430555562500001 0.44444444375
1 1 0.3703703703125 0.877777778125 0.3703703703125 0.75555555625 0.3703703703125 0.75555555625 0.440740740625 0.75555555625 0.5111111109375 0.877777778125 0.5111111109375 1 0.5111111109375 1 0.440740740625 1 0.3703703703125
1 0.76944444375 0.795061728125 0.76944444375 0.61728395 0.76944444375 0.4395061734375 0.7083333328125 0.4395061734375 0.647222221875 0.4395061734375 0.647222221875 0.61728395 0.647222221875 0.795061728125 0.7083333328125 0.795061728125 0.76944444375 0.795061728125
1 0.6763888890625 0.6938271609375 0.6763888890625 0.5679012343750001 0.6763888890625 0.44197530937499996 0.6243055562500001 0.44197530937499996 0.5722222218749999 0.44197530937499996 0.5722222218749999 0.5679012343750001 0.5722222218749999 0.6938271609375 0.6243055562500001 0.6938271609375 0.6763888890625 0.6938271609375
1 0.6180555562500001 0.7160493828125001 0.6180555562500001 0.5950617281249999 0.6180555562500001 0.47407407343749997 0.51805555625 0.47407407343749997 0.41805555625 0.47407407343749997 0.41805555625 0.5950617281249999 0.41805555625 0.7160493828125001 0.51805555625 0.7160493828125001 0.6180555562500001 0.7160493828125001
1 1 0.1703703703125 0.9361111109375001 0.1703703703125 0.872222221875 0.1703703703125 0.872222221875 0.2370370375 0.872222221875 0.303703703125 0.9361111109375001 0.303703703125 1 0.303703703125 1 0.2370370375 1 0.1703703703125
1 0.9861111109375 0.20246913593750002 0.9861111109375 0.1197530859375 0.9861111109375 0.037037037499999995 0.91805555625 0.037037037499999995 0.85 0.037037037499999995 0.85 0.1197530859375 0.85 0.20246913593750002 0.91805555625 0.20246913593750002 0.9861111109375 0.20246913593750002
1 0.6166666671875001 0.249382715625 0.6166666671875001 0.2160493828125 0.6166666671875001 0.18271605 0.577777778125 0.18271605 0.5388888890625 0.18271605 0.5388888890625 0.2160493828125 0.5388888890625 0.249382715625 0.577777778125 0.249382715625 0.6166666671875001 0.249382715625
1 0.6111111109375 0.20740740781250003 0.6111111109375 0.18024691406249999 0.6111111109375 0.1530864203125 0.56805555625 0.1530864203125 0.525 0.1530864203125 0.525 0.18024691406249999 0.525 0.20740740781250003 0.56805555625 0.20740740781250003 0.6111111109375 0.20740740781250003
1 0.5722222218749999 0.503703703125 0.5722222218749999 0.386419753125 0.5722222218749999 0.269135803125 0.51180555625 0.269135803125 0.4513888890625 0.269135803125 0.4513888890625 0.386419753125 0.4513888890625 0.503703703125 0.51180555625 0.503703703125 0.5722222218749999 0.503703703125
1 0.497222221875 0.5333333328125 0.497222221875 0.42716049375000004 0.497222221875 0.3209876546875 0.41875 0.3209876546875 0.34027777812500004 0.3209876546875 0.34027777812500004 0.42716049375000004 0.34027777812500004 0.5333333328125 0.41875 0.5333333328125 0.497222221875 0.5333333328125
1 0.497222221875 0.350617284375 0.497222221875 0.2703703703125 0.497222221875 0.19012345625 0.42569444375 0.19012345625 0.3541666671875 0.19012345625 0.3541666671875 0.2703703703125 0.3541666671875 0.350617284375 0.42569444375 0.350617284375 0.497222221875 0.350617284375
0 0.45555555625000005 0.6543209875 0.45555555625000005 0.5283950625 0.45555555625000005 0.4024691359375 0.38819444375 0.4024691359375 0.32083333281250004 0.4024691359375 0.32083333281250004 0.5283950625 0.32083333281250004 0.6543209875 0.38819444375 0.6543209875 0.45555555625000005 0.6543209875
0 0.377777778125 0.4024691359375 0.377777778125 0.322222221875 0.377777778125 0.24197530937499998 0.334722221875 0.24197530937499998 0.2916666671875 0.24197530937499998 0.2916666671875 0.322222221875 0.2916666671875 0.4024691359375 0.334722221875 0.4024691359375 0.377777778125 0.4024691359375
1 0.31944444375000003 0.4888888890625 0.31944444375000003 0.3839506171875 0.31944444375000003 0.2790123453125 0.272222221875 0.2790123453125 0.225 0.2790123453125 0.225 0.3839506171875 0.225 0.4888888890625 0.272222221875 0.4888888890625 0.31944444375000003 0.4888888890625
1 0.3 0.3654320984375 0.3 0.3024691359375 0.3 0.2395061734375 0.2375 0.2395061734375 0.175 0.2395061734375 0.175 0.3024691359375 0.175 0.3654320984375 0.2375 0.3654320984375 0.3 0.3654320984375
1 0.252777778125 0.330864196875 0.252777778125 0.2061728390625 0.252777778125 0.08148148125 0.1875 0.08148148125 0.12222222187500001 0.08148148125 0.12222222187500001 0.2061728390625 0.12222222187500001 0.330864196875 0.1875 0.330864196875 0.252777778125 0.330864196875
1 0.5138888890625 0.1530864203125 0.5138888890625 0.104938271875 0.5138888890625 0.05679012343749999 0.440277778125 0.05679012343749999 0.36666666718749996 0.05679012343749999 0.36666666718749996 0.104938271875 0.36666666718749996 0.1530864203125 0.440277778125 0.1530864203125 0.5138888890625 0.1530864203125
0 0.29722222187499997 0.25679012343749996 0.29722222187499997 0.19135802500000001 0.29722222187499997 0.12592592656249998 0.25694444375000003 0.12592592656249998 0.2166666671875 0.12592592656249998 0.2166666671875 0.19135802500000001 0.2166666671875 0.25679012343749996 0.25694444375000003 0.25679012343749996 0.29722222187499997 0.25679012343749996
0 0.24583333281250003 0.140740740625 0.24583333281250003 0.0987654328125 0.24583333281250003 0.05679012343749999 0.21458333281250003 0.05679012343749999 0.1833333328125 0.05679012343749999 0.1833333328125 0.0987654328125 0.1833333328125 0.140740740625 0.21458333281250003 0.140740740625 0.24583333281250003 0.140740740625
0 0.35972222187499997 0.2148148140625 0.35972222187499997 0.1567901234375 0.35972222187499997 0.0987654328125 0.32430555625 0.0987654328125 0.2888888890625 0.0987654328125 0.2888888890625 0.1567901234375 0.2888888890625 0.2148148140625 0.32430555625 0.2148148140625 0.35972222187499997 0.2148148140625
0 0.40694444374999994 0.12098765468749999 0.40694444374999994 0.0703703703125 0.40694444374999994 0.0197530859375 0.375 0.0197530859375 0.34305555625 0.0197530859375 0.34305555625 0.0703703703125 0.34305555625 0.12098765468749999 0.375 0.12098765468749999 0.40694444374999994 0.12098765468749999
0 0.40555555625000006 0.2296296296875 0.40555555625000006 0.1716049375 0.40555555625000006 0.11358024687499998 0.3736111109375 0.11358024687499998 0.3416666671875 0.11358024687499998 0.3416666671875 0.1716049375 0.3416666671875 0.2296296296875 0.3736111109375 0.2296296296875 0.40555555625000006 0.2296296296875
1 0.5875 0.12098765468749999 0.5875 0.061728395312499997 0.5875 0.0024691359375 0.55625 0.0024691359375 0.525 0.0024691359375 0.525 0.061728395312499997 0.525 0.12098765468749999 0.55625 0.12098765468749999 0.5875 0.12098765468749999
1 0.7819444437499999 0.20987654375 0.7819444437499999 0.1246913578125 0.7819444437499999 0.0395061734375 0.7333333328125 0.0395061734375 0.684722221875 0.0395061734375 0.684722221875 0.1246913578125 0.684722221875 0.20987654375 0.7333333328125 0.20987654375 0.7819444437499999 0.20987654375
1 0.9125 0.10864197499999999 0.9125 0.055555556250000006 0.9125 0.0024691359375 0.8395833328125001 0.0024691359375 0.7666666671875 0.0024691359375 0.7666666671875 0.055555556250000006 0.7666666671875 0.10864197499999999 0.8395833328125001 0.10864197499999999 0.9125 0.10864197499999999
1 0.872222221875 0.2123456796875 0.872222221875 0.158024690625 0.872222221875 0.10370370312499999 0.8298611109375 0.10370370312499999 0.7875 0.10370370312499999 0.7875 0.158024690625 0.7875 0.2123456796875 0.8298611109375 0.2123456796875 0.872222221875 0.2123456796875
1 0.08194444375 0.6617283953124999 0.08194444375 0.57283950625 0.08194444375 0.4839506171875 0.0416666671875 0.4839506171875 0.0013888890625 0.4839506171875 0.0013888890625 0.57283950625 0.0013888890625 0.6617283953124999 0.0416666671875 0.6617283953124999 0.08194444375 0.6617283953124999
2 0.1763888890625 0.5259259265625 0.1763888890625 0.458024690625 0.1763888890625 0.39012345625 0.11180555625 0.39012345625 0.047222221875 0.39012345625 0.047222221875 0.458024690625 0.047222221875 0.5259259265625 0.11180555625 0.5259259265625 0.1763888890625 0.5259259265625