2 0.10555555624999999 0.12098765468749999 0.10555555624999999 0.06913580312499999 0.10555555624999999 0.01728395 0.05625 0.01728395 0.006944443749999999 0.01728395 0.006944443749999999 0.06913580312499999 0.006944443749999999 0.12098765468749999 0.05625 0.12098765468749999 0.10555555624999999 0.12098765468749999
2 0.190277778125 0.0938271609375 0.190277778125 0.048148148437499996 0.190277778125 0.0024691359375 0.1520833328125 0.0024691359375 0.11388888906250001 0.0024691359375 0.11388888906250001 0.048148148437499996 0.11388888906250001 0.0938271609375 0.1520833328125 0.0938271609375 0.190277778125 0.0938271609375
0 0.48472222187499997 0.1382716046875 0.48472222187499997 0.0716049375 0.48472222187499997 0.004938271875 0.44166666718750003 0.004938271875 0.3986111109375 0.004938271875 0.3986111109375 0.0716049375 0.3986111109375 0.1382716046875 0.44166666718750003 0.1382716046875 0.48472222187499997 0.1382716046875
0 0.35 0.1530864203125 0.35 0.08518518593749999 0.35 0.01728395 0.30694444375 0.01728395 0.2638888890625 0.01728395 0.2638888890625 0.08518518593749999 0.2638888890625 0.1530864203125 0.30694444375 0.1530864203125 0.35 0.1530864203125
0 0.4291666671875 0.26419753125 0.4291666671875 0.17283950625 0.4291666671875 0.08148148125 0.37152777812500004 0.08148148125 0.3138888890625 0.08148148125 0.3138888890625 0.17283950625 0.3138888890625 0.26419753125 0.37152777812500004 0.26419753125 0.4291666671875 0.26419753125
2 0.4166666671875 0.4888888890625 0.4166666671875 0.41111111093749997 0.4166666671875 0.3333333328125 0.35972222187499997 0.3333333328125 0.302777778125 0.3333333328125 0.302777778125 0.41111111093749997 0.302777778125 0.4888888890625 0.35972222187499997 0.4888888890625 0.4166666671875 0.4888888890625
2 0.32777777812500003 0.6395061734375 0.32777777812500003 0.5481481484375 0.32777777812500003 0.45679012343750003 0.26527777812500003 0.45679012343750003 0.20277777812500003 0.45679012343750003 0.20277777812500003 0.5481481484375 0.20277777812500003 0.6395061734375 0.26527777812500003 0.6395061734375 0.32777777812500003 0.6395061734375
0 0.21805555625 0.2666666671875 0.21805555625 0.19135802500000001 0.21805555625 0.11604938281249999 0.16319444375 0.11604938281249999 0.10833333281249999 0.11604938281249999 0.10833333281249999 0.19135802500000001 0.10833333281249999 0.2666666671875 0.16319444375 0.2666666671875 0.21805555625 0.2666666671875
0 0.2625 0.286419753125 0.2625 0.23086419687499998 0.2625 0.1753086421875 0.2208333328125 0.1753086421875 0.17916666718750002 0.1753086421875 0.17916666718750002 0.23086419687499998 0.17916666718750002 0.286419753125 0.2208333328125 0.286419753125 0.2625 0.286419753125
2 0.3416666671875 0.323456790625 0.3416666671875 0.2617283953125 0.3416666671875 0.2 0.28958333281250004 0.2 0.2375 0.2 0.2375 0.2617283953125 0.2375 0.323456790625 0.28958333281250004 0.323456790625 0.3416666671875 0.323456790625
2 0.26805555625 0.4395061734375 0.26805555625 0.349382715625 0.26805555625 0.259259259375 0.222222221875 0.259259259375 0.1763888890625 0.259259259375 0.1763888890625 0.349382715625 0.1763888890625 0.4395061734375 0.222222221875 0.4395061734375 0.26805555625 0.4395061734375
2 0.19305555624999998 0.3604938265625 0.19305555624999998 0.304938271875 0.19305555624999998 0.249382715625 0.13194444375 0.249382715625 0.07083333281250001 0.249382715625 0.07083333281250001 0.304938271875 0.07083333281250001 0.3604938265625 0.13194444375 0.3604938265625 0.19305555624999998 0.3604938265625
2 0.09444444375 0.340740740625 0.09444444375 0.2925925921875 0.09444444375 0.24444444375000002 0.0479166671875 0.24444444375000002 0.0013888890625 0.24444444375000002 0.0013888890625 0.2925925921875 0.0013888890625 0.340740740625 0.0479166671875 0.340740740625 0.09444444375 0.340740740625
2 0.0958333328125 0.49629629687500004 0.0958333328125 0.4074074078125 0.0958333328125 0.31851851875000003 0.0486111109375 0.31851851875000003 0.0013888890625 0.31851851875000003 0.0013888890625 0.4074074078125 0.0013888890625 0.49629629687500004 0.0486111109375 0.49629629687500004 0.0958333328125 0.49629629687500004
2 0.059722221875 0.6148148140624999 0.059722221875 0.549382715625 0.059722221875 0.4839506171875 0.030555556249999997 0.4839506171875 0.0013888890625 0.4839506171875 0.0013888890625 0.549382715625 0.0013888890625 0.6148148140624999 0.030555556249999997 0.6148148140624999 0.059722221875 0.6148148140624999
2 0.097222221875 0.8518518515625001 0.097222221875 0.708641975 0.097222221875 0.5654320984375001 0.04930555625 0.5654320984375001 0.0013888890625 0.5654320984375001 0.0013888890625 0.708641975 0.0013888890625 0.8518518515625001 0.04930555625 0.8518518515625001 0.097222221875 0.8518518515625001
2 0.36944444375 0.8790123453125 0.36944444375 0.7432098765624999 0.36944444375 0.6074074078125 0.28819444375000003 0.6074074078125 0.20694444375 0.6074074078125 0.20694444375 0.7432098765624999 0.20694444375 0.8790123453125 0.28819444375000003 0.8790123453125 0.36944444375 0.8790123453125
2 0.54305555625 0.38765432031249997 0.54305555625 0.3111111109375 0.54305555625 0.23456790156250001 0.4923611109375 0.23456790156250001 0.44166666718750003 0.23456790156250001 0.44166666718750003 0.3111111109375 0.44166666718750003 0.38765432031249997 0.4923611109375 0.38765432031249997 0.54305555625 0.38765432031249997
2 0.6111111109375 0.1876543203125 0.6111111109375 0.140740740625 0.6111111109375 0.0938271609375 0.5513888890625 0.0938271609375 0.4916666671875 0.0938271609375 0.4916666671875 0.140740740625 0.4916666671875 0.1876543203125 0.5513888890625 0.1876543203125 0.6111111109375 0.1876543203125
2 0.61944444375 0.323456790625 0.61944444375 0.24444444375000002 0.61944444375 0.1654320984375 0.56805555625 0.1654320984375 0.5166666671875 0.1654320984375 0.5166666671875 0.24444444375000002 0.5166666671875 0.323456790625 0.56805555625 0.323456790625 0.61944444375 0.323456790625
2 0.66805555625 0.3925925921875 0.66805555625 0.3197530859375 0.66805555625 0.2469135796875 0.6229166671875 0.2469135796875 0.577777778125 0.2469135796875 0.577777778125 0.3197530859375 0.577777778125 0.3925925921875 0.6229166671875 0.3925925921875 0.66805555625 0.3925925921875
0 0.7361111109375 0.2938271609375 0.7361111109375 0.20740740781250003 0.7361111109375 0.12098765468749999 0.6777777781250001 0.12098765468749999 0.61944444375 0.12098765468749999 0.61944444375 0.20740740781250003 0.61944444375 0.2938271609375 0.6777777781250001 0.2938271609375 0.7361111109375 0.2938271609375
0 0.6513888890625 0.5925925921874999 0.6513888890625 0.458024690625 0.6513888890625 0.323456790625 0.5951388890625 0.323456790625 0.5388888890625 0.323456790625 0.5388888890625 0.458024690625 0.5388888890625 0.5925925921874999 0.5951388890625 0.5925925921874999 0.6513888890625 0.5925925921874999
0 0.6291666671875 0.68148148125 0.6291666671875 0.5839506171875 0.6291666671875 0.486419753125 0.54305555625 0.486419753125 0.45694444375 0.486419753125 0.45694444375 0.5839506171875 0.45694444375 0.68148148125 0.54305555625 0.68148148125 0.6291666671875 0.68148148125
0 0.7958333328125 0.659259259375 0.7958333328125 0.5395061734375 0.7958333328125 0.4197530859375 0.7208333328125 0.4197530859375 0.6458333328125 0.4197530859375 0.6458333328125 0.5395061734375 0.6458333328125 0.659259259375 0.7208333328125 0.659259259375 0.7958333328125 0.659259259375
1 0.4888888890625 0.97283950625 0.4888888890625 0.7629629625 0.4888888890625 0.5530864203125 0.4263888890625 0.5530864203125 0.3638888890625 0.5530864203125 0.3638888890625 0.7629629625 0.3638888890625 0.97283950625 0.4263888890625 0.97283950625 0.4888888890625 0.97283950625
2 0.6486111109375 0.9580246906250001 0.6486111109375 0.7802469140625 0.6486111109375 0.6024691359375 0.5527777781250001 0.6024691359375 0.45694444375 0.6024691359375 0.45694444375 0.7802469140625 0.45694444375 0.9580246906250001 0.5527777781250001 0.9580246906250001 0.6486111109375 0.9580246906250001
2 0.8055555562500001 0.29135802499999996 0.8055555562500001 0.222222221875 0.8055555562500001 0.1530864203125 0.7583333328124999 0.1530864203125 0.7111111109375 0.1530864203125 0.7111111109375 0.222222221875 0.7111111109375 0.29135802499999996 0.7583333328124999 0.29135802499999996 0.8055555562500001 0.29135802499999996
1 0.8055555562500001 0.4716049375 0.8055555562500001 0.3654320984375 0.8055555562500001 0.259259259375 0.7229166671875 0.259259259375 0.640277778125 0.259259259375 0.640277778125 0.3654320984375 0.640277778125 0.4716049375 0.7229166671875 0.4716049375 0.8055555562500001 0.4716049375
2 0.959722221875 0.6740740734374999 0.959722221875 0.54444444375 0.959722221875 0.4148148140625 0.8673611109375001 0.4148148140625 0.775 0.4148148140625 0.775 0.54444444375 0.775 0.6740740734374999 0.8673611109375001 0.6740740734374999 0.959722221875 0.6740740734374999
0 0.98055555625 0.140740740625 0.98055555625 0.0716049375 0.98055555625 0.0024691359375 0.9208333328125 0.0024691359375 0.8611111109375 0.0024691359375 0.8611111109375 0.0716049375 0.8611111109375 0.140740740625 0.9208333328125 0.140740740625 0.98055555625 0.140740740625
2 0.8708333328125001 0.11358024687499998 0.8708333328125001 0.0666666671875 0.8708333328125001 0.0197530859375 0.8229166671874999 0.0197530859375 0.775 0.0197530859375 0.775 0.0666666671875 0.775 0.11358024687499998 0.8229166671874999 0.11358024687499998 0.8708333328125001 0.11358024687499998
2 1 0.08395061718749999 0.9541666671875 0.08395061718749999 0.9083333328125001 0.08395061718749999 0.9083333328125001 0.1629629625 0.9083333328125001 0.24197530937499998 0.9541666671875 0.24197530937499998 1 0.24197530937499998 1 0.1629629625 1 0.08395061718749999