0 0.69795221875 0.85 0.69795221875 0.81875 0.69795221875 0.7875 0.673208190625 0.7875 0.6484641640625 0.7875 0.6484641640625 0.81875 0.6484641640625 0.85 0.673208190625 0.85 0.69795221875 0.85
0 0.7508532421874999 0.8416666671874999 0.7508532421874999 0.809375 0.7508532421874999 0.7770833328125 0.7226962453125 0.7770833328125 0.6945392484374999 0.7770833328125 0.6945392484374999 0.809375 0.6945392484374999 0.8416666671874999 0.7226962453125 0.8416666671874999 0.7508532421874999 0.8416666671874999
0 0.9505119453124999 0.6479166671875001 0.9505119453124999 0.6114583328125 0.9505119453124999 0.575 0.9266211609375 0.575 0.902730375 0.575 0.902730375 0.6114583328125 0.902730375 0.6479166671875001 0.9266211609375 0.6479166671875001 0.9505119453124999 0.6479166671875001
0 0.9948805453125 0.47291666718750003 0.9948805453125 0.43333333281249997 0.9948805453125 0.39375 0.9709897609375 0.39375 0.9470989765625 0.39375 0.9470989765625 0.43333333281249997 0.9470989765625 0.47291666718750003 0.9709897609375 0.47291666718750003 0.9948805453125 0.47291666718750003
0 0.8430034125000001 0.46875 0.8430034125000001 0.446875 0.8430034125000001 0.425 0.8233788390625 0.425 0.8037542656250001 0.425 0.8037542656250001 0.446875 0.8037542656250001 0.46875 0.8233788390625 0.46875 0.8430034125000001 0.46875
0 0.8071672359375001 0.5166666671875 0.8071672359375001 0.4916666671875 0.8071672359375001 0.46666666718750005 0.7866894203125 0.46666666718750005 0.7662116046875 0.46666666718750005 0.7662116046875 0.4916666671875 0.7662116046875 0.5166666671875 0.7866894203125 0.5166666671875 0.8071672359375001 0.5166666671875
0 0.7713310578125 0.55625 0.7713310578125 0.53125 0.7713310578125 0.50625 0.7525597265624999 0.50625 0.7337883953125 0.50625 0.7337883953125 0.53125 0.7337883953125 0.55625 0.7525597265624999 0.55625 0.7713310578125 0.55625
0 0.78327645 0.5729166671875 0.78327645 0.5489583328125 0.78327645 0.525 0.76450511875 0.525 0.7457337890625 0.525 0.7457337890625 0.5489583328125 0.7457337890625 0.5729166671875 0.76450511875 0.5729166671875 0.78327645 0.5729166671875
0 0.73890785 0.5875 0.73890785 0.565625 0.73890785 0.54375 0.715017065625 0.54375 0.6911262796875 0.54375 0.6911262796875 0.565625 0.6911262796875 0.5875 0.715017065625 0.5875 0.73890785 0.5875
0 0.6672354953124999 0.6604166671875 0.6672354953124999 0.6354166671875 0.6672354953124999 0.6104166671875 0.643344709375 0.6104166671875 0.619453925 0.6104166671875 0.619453925 0.6354166671875 0.619453925 0.6604166671875 0.643344709375 0.6604166671875 0.6672354953124999 0.6604166671875
0 0.6296928328125 0.6895833328125 0.6296928328125 0.6677083328125 0.6296928328125 0.6458333328125 0.6092150171874999 0.6458333328125 0.5887372015625 0.6458333328125 0.5887372015625 0.6677083328125 0.5887372015625 0.6895833328125 0.6092150171874999 0.6895833328125 0.6296928328125 0.6895833328125
0 0.6092150171874999 0.76875 0.6092150171874999 0.7322916671875 0.6092150171874999 0.6958333328124999 0.5810580203125 0.6958333328124999 0.5529010234375 0.6958333328124999 0.5529010234375 0.7322916671875 0.5529010234375 0.76875 0.5810580203125 0.76875 0.6092150171874999 0.76875
3 0.558020478125 0.8729166671874999 0.558020478125 0.8333333328125001 0.558020478125 0.79375 0.5298634812499999 0.79375 0.501706484375 0.79375 0.501706484375 0.8333333328125001 0.501706484375 0.8729166671874999 0.5298634812499999 0.8729166671874999 0.558020478125 0.8729166671874999
3 0.6331058015625 0.6 0.6331058015625 0.55625 0.6331058015625 0.5125 0.595563140625 0.5125 0.558020478125 0.5125 0.558020478125 0.55625 0.558020478125 0.6 0.595563140625 0.6 0.6331058015625 0.6