2 0.19444444375 0.5975308640625 0.19444444375 0.5938271609375 0.19444444375 0.59012345625 0.1875 0.59012345625 0.18055555625 0.59012345625 0.18055555625 0.5938271609375 0.18055555625 0.5975308640625 0.1875 0.5975308640625 0.19444444375 0.5975308640625
2 0.12222222187500001 0.195061728125 0.12222222187500001 0.1567901234375 0.12222222187500001 0.11851851875 0.0770833328125 0.11851851875 0.03194444375 0.11851851875 0.03194444375 0.1567901234375 0.03194444375 0.195061728125 0.0770833328125 0.195061728125 0.12222222187500001 0.195061728125
0 0.127777778125 0.47654320937500005 0.127777778125 0.304938271875 0.127777778125 0.13333333281249998 0.0645833328125 0.13333333281249998 0.0013888890625 0.13333333281249998 0.0013888890625 0.304938271875 0.0013888890625 0.47654320937500005 0.0645833328125 0.47654320937500005 0.127777778125 0.47654320937500005
0 0.7833333328125 0.4716049375 0.7833333328125 0.3209876546875 0.7833333328125 0.1703703703125 0.6701388890625 0.1703703703125 0.55694444375 0.1703703703125 0.55694444375 0.3209876546875 0.55694444375 0.4716049375 0.6701388890625 0.4716049375 0.7833333328125 0.4716049375
2 0.29444444375 0.16790123437499999 0.29444444375 0.10987654375 0.29444444375 0.051851851562499995 0.21944444375 0.051851851562499995 0.14444444375 0.051851851562499995 0.14444444375 0.10987654375 0.14444444375 0.16790123437499999 0.21944444375 0.16790123437499999 0.29444444375 0.16790123437499999
2 0.3236111109375 0.45185185156249996 0.3236111109375 0.341975309375 0.3236111109375 0.23209876562499998 0.22777777812500002 0.23209876562499998 0.13194444375 0.23209876562499998 0.13194444375 0.341975309375 0.13194444375 0.45185185156249996 0.22777777812500002 0.45185185156249996 0.3236111109375 0.45185185156249996
2 0.6958333328124999 0.31851851875000003 0.6958333328124999 0.21111111093749999 0.6958333328124999 0.10370370312499999 0.6166666671875001 0.10370370312499999 0.5375 0.10370370312499999 0.5375 0.21111111093749999 0.5375 0.31851851875000003 0.6166666671875001 0.31851851875000003 0.6958333328124999 0.31851851875000003
2 0.9486111109375001 0.2370370375 0.9486111109375001 0.14444444375 0.9486111109375001 0.051851851562499995 0.8416666671874999 0.051851851562499995 0.734722221875 0.051851851562499995 0.734722221875 0.14444444375 0.734722221875 0.2370370375 0.8416666671874999 0.2370370375 0.9486111109375001 0.2370370375
2 1 0.20987654375 0.89305555625 0.20987654375 0.7861111109375 0.20987654375 0.7861111109375 0.3469135796875 0.7861111109375 0.4839506171875 0.89305555625 0.4839506171875 1 0.4839506171875 1 0.3469135796875 1 0.20987654375
2 0.659722221875 0.8987654328125 0.659722221875 0.6740740734374999 0.659722221875 0.449382715625 0.5166666671875 0.449382715625 0.3736111109375 0.449382715625 0.3736111109375 0.6740740734374999 0.3736111109375 0.8987654328125 0.5166666671875 0.8987654328125 0.659722221875 0.8987654328125
2 0.8888888890625 0.7753086421875001 0.8888888890625 0.6074074078125 0.8888888890625 0.4395061734375 0.765972221875 0.4395061734375 0.64305555625 0.4395061734375 0.64305555625 0.6074074078125 0.64305555625 0.7753086421875001 0.765972221875 0.7753086421875001 0.8888888890625 0.7753086421875001
0 1 0.5753086421875 0.7111111109375 0.5753086421875 0.42222222187499997 0.5753086421875 0.42222222187499997 0.7876543203125 0.42222222187499997 1 0.7111111109375 1 1 1 1 0.7876543203125 1 0.5753086421875