0 0.45694444375 1 0.45694444375 0.730864196875 0.45694444375 0.4617283953125 0.3013888890625 0.4617283953125 0.1458333328125 0.4617283953125 0.1458333328125 0.730864196875 0.1458333328125 1 0.3013888890625 1 0.45694444375 1
0 0.8125 1 0.8125 0.68271605 0.8125 0.3654320984375 0.6104166671875 0.3654320984375 0.40833333281249995 0.3654320984375 0.40833333281249995 0.68271605 0.40833333281249995 1 0.6104166671875 1 0.8125 1
1 1 0.44197530937499996 0.9416666671874999 0.44197530937499996 0.8833333328125 0.44197530937499996 0.8833333328125 0.5555555562500001 0.8833333328125 0.669135803125 0.9416666671874999 0.669135803125 1 0.669135803125 1 0.5555555562500001 1 0.44197530937499996
1 0.8361111109375001 0.395061728125 0.8361111109375001 0.2197530859375 0.8361111109375001 0.04444444375 0.7638888890625 0.04444444375 0.6916666671875 0.04444444375 0.6916666671875 0.2197530859375 0.6916666671875 0.395061728125 0.7638888890625 0.395061728125 0.8361111109375001 0.395061728125
0 1 0.06913580312499999 0.9541666671875 0.06913580312499999 0.9083333328125001 0.06913580312499999 0.9083333328125001 0.2543209875 0.9083333328125001 0.4395061734375 0.9541666671875 0.4395061734375 1 0.4395061734375 1 0.2543209875 1 0.06913580312499999
0 1 0.0024691359375 0.8826388890624999 0.0024691359375 0.765277778125 0.0024691359375 0.765277778125 0.169135803125 0.765277778125 0.33580246874999997 0.8826388890624999 0.33580246874999997 1 0.33580246874999997 1 0.169135803125 1 0.0024691359375
1 1 0.3061728390625 0.8111111109375001 0.3061728390625 0.622222221875 0.3061728390625 0.622222221875 0.6530864203125 0.622222221875 1 0.8111111109375001 1 1 1 1 0.6530864203125 1 0.3061728390625
2 0.6319444437499999 0.47654320937500005 0.6319444437499999 0.37654320937499997 0.6319444437499999 0.276543209375 0.5298611109375 0.276543209375 0.427777778125 0.276543209375 0.427777778125 0.37654320937499997 0.427777778125 0.47654320937500005 0.5298611109375 0.47654320937500005 0.6319444437499999 0.47654320937500005
2 0.6166666671875001 0.296296296875 0.6166666671875001 0.1839506171875 0.6166666671875001 0.0716049375 0.52569444375 0.0716049375 0.434722221875 0.0716049375 0.434722221875 0.1839506171875 0.434722221875 0.296296296875 0.52569444375 0.296296296875 0.6166666671875001 0.296296296875
1 0.675 0.2123456796875 0.675 0.1074074078125 0.675 0.0024691359375 0.5854166671875001 0.0024691359375 0.49583333281249997 0.0024691359375 0.49583333281249997 0.1074074078125 0.49583333281249997 0.2123456796875 0.5854166671875001 0.2123456796875 0.675 0.2123456796875
2 0.22777777812500002 0.15555555625 0.22777777812500002 0.086419753125 0.22777777812500002 0.01728395 0.16458333281249998 0.01728395 0.10138888906250001 0.01728395 0.10138888906250001 0.086419753125 0.10138888906250001 0.15555555625 0.16458333281249998 0.15555555625 0.22777777812500002 0.15555555625
1 0.12361111093749999 0.23456790156250001 0.12361111093749999 0.11851851875 0.12361111093749999 0.0024691359375 0.0625 0.0024691359375 0.0013888890625 0.0024691359375 0.0013888890625 0.11851851875 0.0013888890625 0.23456790156250001 0.0625 0.23456790156250001 0.12361111093749999 0.23456790156250001
0 0.5458333328125 0.11604938281249999 0.5458333328125 0.059259259375 0.5458333328125 0.0024691359375 0.4770833328125 0.0024691359375 0.40833333281249995 0.0024691359375 0.40833333281249995 0.059259259375 0.40833333281249995 0.11604938281249999 0.4770833328125 0.11604938281249999 0.5458333328125 0.11604938281249999