0 0.15972222187500001 0.6148148140624999 0.15972222187500001 0.5395061734375 0.15972222187500001 0.46419753124999996 0.10555555624999999 0.46419753124999996 0.0513888890625 0.46419753124999996 0.0513888890625 0.5395061734375 0.0513888890625 0.6148148140624999 0.10555555624999999 0.6148148140624999 0.15972222187500001 0.6148148140624999
2 0.525 0.28148148125 0.525 0.23086419687499998 0.525 0.18024691406249999 0.48541666718750004 0.18024691406249999 0.4458333328125 0.18024691406249999 0.4458333328125 0.23086419687499998 0.4458333328125 0.28148148125 0.48541666718750004 0.28148148125 0.525 0.28148148125
2 0.525 0.47654320937500005 0.525 0.41111111093749997 0.525 0.3456790125 0.47222222187499996 0.3456790125 0.41944444374999995 0.3456790125 0.41944444374999995 0.41111111093749997 0.41944444374999995 0.47654320937500005 0.47222222187499996 0.47654320937500005 0.525 0.47654320937500005
2 0.4236111109375 0.4617283953125 0.4236111109375 0.4061728390625 0.4236111109375 0.350617284375 0.38194444375000003 0.350617284375 0.34027777812500004 0.350617284375 0.34027777812500004 0.4061728390625 0.34027777812500004 0.4617283953125 0.38194444375000003 0.4617283953125 0.4236111109375 0.4617283953125
1 0.3791666671875 0.4197530859375 0.3791666671875 0.3654320984375 0.3791666671875 0.3111111109375 0.33055555625 0.3111111109375 0.28194444375 0.3111111109375 0.28194444375 0.3654320984375 0.28194444375 0.4197530859375 0.33055555625 0.4197530859375 0.3791666671875 0.4197530859375
0 0.377777778125 0.604938271875 0.377777778125 0.5419753093749999 0.377777778125 0.47901234531250003 0.31319444375 0.47901234531250003 0.2486111109375 0.47901234531250003 0.2486111109375 0.5419753093749999 0.2486111109375 0.604938271875 0.31319444375 0.604938271875 0.377777778125 0.604938271875
0 0.4138888890625 0.8222222218749999 0.4138888890625 0.723456790625 0.4138888890625 0.6246913578125 0.35972222187499997 0.6246913578125 0.30555555624999997 0.6246913578125 0.30555555624999997 0.723456790625 0.30555555624999997 0.8222222218749999 0.35972222187499997 0.8222222218749999 0.4138888890625 0.8222222218749999
1 0.0666666671875 0.632098765625 0.0666666671875 0.5617283953125 0.0666666671875 0.491358025 0.034027778125000005 0.491358025 0.0013888890625 0.491358025 0.0013888890625 0.5617283953125 0.0013888890625 0.632098765625 0.034027778125000005 0.632098765625 0.0666666671875 0.632098765625
2 0.0416666671875 0.9259259265625 0.0416666671875 0.8506172843750001 0.0416666671875 0.7753086421875001 0.022222221875 0.7753086421875001 0.002777778125 0.7753086421875001 0.002777778125 0.8506172843750001 0.002777778125 0.9259259265625 0.022222221875 0.9259259265625 0.0416666671875 0.9259259265625
2 0.38333333281250004 1 0.38333333281250004 0.8888888890625 0.38333333281250004 0.777777778125 0.2979166671875 0.777777778125 0.2125 0.777777778125 0.2125 0.8888888890625 0.2125 1 0.2979166671875 1 0.38333333281250004 1
2 0.275 0.6641975312499999 0.275 0.5839506171875 0.275 0.503703703125 0.22638888906250001 0.503703703125 0.177777778125 0.503703703125 0.177777778125 0.5839506171875 0.177777778125 0.6641975312499999 0.22638888906250001 0.6641975312499999 0.275 0.6641975312499999
1 0.377777778125 0.691358025 0.377777778125 0.61851851875 0.377777778125 0.5456790125000001 0.29722222187499997 0.5456790125000001 0.2166666671875 0.5456790125000001 0.2166666671875 0.61851851875 0.2166666671875 0.691358025 0.29722222187499997 0.691358025 0.377777778125 0.691358025
2 0.522222221875 0.6518518515625 0.522222221875 0.5654320984375001 0.522222221875 0.47901234531250003 0.46666666718750005 0.47901234531250003 0.41111111093749997 0.47901234531250003 0.41111111093749997 0.5654320984375001 0.41111111093749997 0.6518518515625 0.46666666718750005 0.6518518515625 0.522222221875 0.6518518515625
2 0.622222221875 0.7604938265625 0.622222221875 0.6617283953124999 0.622222221875 0.5629629625 0.5618055562500001 0.5629629625 0.5013888890625 0.5629629625 0.5013888890625 0.6617283953124999 0.5013888890625 0.7604938265625 0.5618055562500001 0.7604938265625 0.622222221875 0.7604938265625
2 0.7833333328125 0.8370370375 0.7833333328125 0.713580246875 0.7833333328125 0.59012345625 0.7020833328125 0.59012345625 0.6208333328125 0.59012345625 0.6208333328125 0.713580246875 0.6208333328125 0.8370370375 0.7020833328125 0.8370370375 0.7833333328125 0.8370370375
2 0.922222221875 0.750617284375 0.922222221875 0.6296296296875 0.922222221875 0.508641975 0.83819444375 0.508641975 0.7541666671875 0.508641975 0.7541666671875 0.6296296296875 0.7541666671875 0.750617284375 0.83819444375 0.750617284375 0.922222221875 0.750617284375
2 1 0.7283950625 0.915277778125 0.7283950625 0.83055555625 0.7283950625 0.83055555625 0.86419753125 0.83055555625 1 0.915277778125 1 1 1 1 0.86419753125 1 0.7283950625
2 0.9361111109375001 0.4839506171875 0.9361111109375001 0.403703703125 0.9361111109375001 0.323456790625 0.859027778125 0.323456790625 0.7819444437499999 0.323456790625 0.7819444437499999 0.403703703125 0.7819444437499999 0.4839506171875 0.859027778125 0.4839506171875 0.9361111109375001 0.4839506171875
2 0.702777778125 0.38765432031249997 0.702777778125 0.3111111109375 0.702777778125 0.23456790156250001 0.6493055562500001 0.23456790156250001 0.5958333328125 0.23456790156250001 0.5958333328125 0.3111111109375 0.5958333328125 0.38765432031249997 0.6493055562500001 0.38765432031249997 0.702777778125 0.38765432031249997
1 1 0.49382716093749995 0.9666666671874999 0.49382716093749995 0.9333333328125001 0.49382716093749995 0.9333333328125001 0.6382716046875 0.9333333328125001 0.78271605 0.9666666671874999 0.78271605 1 0.78271605 1 0.6382716046875 1 0.49382716093749995
1 0.984722221875 0.6543209875 0.984722221875 0.5160493828125 0.984722221875 0.377777778125 0.9131944437499999 0.377777778125 0.8416666671874999 0.377777778125 0.8416666671874999 0.5160493828125 0.8416666671874999 0.6543209875 0.9131944437499999 0.6543209875 0.984722221875 0.6543209875
1 0.8388888890624999 0.286419753125 0.8388888890624999 0.23580246875 0.8388888890624999 0.1851851859375 0.772222221875 0.1851851859375 0.70555555625 0.1851851859375 0.70555555625 0.23580246875 0.70555555625 0.286419753125 0.772222221875 0.286419753125 0.8388888890624999 0.286419753125
2 0.9263888890624999 0.2246913578125 0.9263888890624999 0.1629629625 0.9263888890624999 0.10123456718749999 0.8736111109375001 0.10123456718749999 0.8208333328125 0.10123456718749999 0.8208333328125 0.1629629625 0.8208333328125 0.2246913578125 0.8736111109375001 0.2246913578125 0.9263888890624999 0.2246913578125
2 0.7402777781250001 0.140740740625 0.7402777781250001 0.0876543203125 0.7402777781250001 0.034567901562499996 0.7041666671875 0.034567901562499996 0.66805555625 0.034567901562499996 0.66805555625 0.0876543203125 0.66805555625 0.140740740625 0.7041666671875 0.140740740625 0.7402777781250001 0.140740740625