2 1 0.0024691359375 0.9305555562500001 0.0024691359375 0.8611111109375 0.0024691359375 0.8611111109375 0.0333333328125 0.8611111109375 0.06419753125 0.9305555562500001 0.06419753125 1 0.06419753125 1 0.0333333328125 1 0.0024691359375
0 0.42083333281249996 0.10864197499999999 0.42083333281249996 0.061728395312499997 0.42083333281249996 0.0148148140625 0.38125 0.0148148140625 0.3416666671875 0.0148148140625 0.3416666671875 0.061728395312499997 0.3416666671875 0.10864197499999999 0.38125 0.10864197499999999 0.42083333281249996 0.10864197499999999
0 0.40138888906250003 0.31851851875000003 0.40138888906250003 0.23456790156250001 0.40138888906250003 0.150617284375 0.352777778125 0.150617284375 0.30416666718749996 0.150617284375 0.30416666718749996 0.23456790156250001 0.30416666718749996 0.31851851875000003 0.352777778125 0.31851851875000003 0.40138888906250003 0.31851851875000003
2 0.502777778125 0.11851851875 0.502777778125 0.0802469140625 0.502777778125 0.041975309375 0.4548611109375 0.041975309375 0.40694444374999994 0.041975309375 0.40694444374999994 0.0802469140625 0.40694444374999994 0.11851851875 0.4548611109375 0.11851851875 0.502777778125 0.11851851875
2 0.3986111109375 0.18271605 0.3986111109375 0.13580246875 0.3986111109375 0.0888888890625 0.3604166671875 0.0888888890625 0.322222221875 0.0888888890625 0.322222221875 0.13580246875 0.322222221875 0.18271605 0.3604166671875 0.18271605 0.3986111109375 0.18271605
0 0.3166666671875 0.2543209875 0.3166666671875 0.1839506171875 0.3166666671875 0.11358024687499998 0.2736111109375 0.11358024687499998 0.23055555625 0.11358024687499998 0.23055555625 0.1839506171875 0.23055555625 0.2543209875 0.2736111109375 0.2543209875 0.3166666671875 0.2543209875
2 0.3138888890625 0.330864196875 0.3138888890625 0.26419753125 0.3138888890625 0.1975308640625 0.27291666718749996 0.1975308640625 0.23194444375 0.1975308640625 0.23194444375 0.26419753125 0.23194444375 0.330864196875 0.27291666718749996 0.330864196875 0.3138888890625 0.330864196875
0 0.625 0.29135802499999996 0.625 0.14691357968750002 0.625 0.0024691359375 0.5701388890625 0.0024691359375 0.515277778125 0.0024691359375 0.515277778125 0.14691357968750002 0.515277778125 0.29135802499999996 0.5701388890625 0.29135802499999996 0.625 0.29135802499999996
0 0.7402777781250001 0.2666666671875 0.7402777781250001 0.1617283953125 0.7402777781250001 0.05679012343749999 0.6770833328125 0.05679012343749999 0.6138888890625 0.05679012343749999 0.6138888890625 0.1617283953125 0.6138888890625 0.2666666671875 0.6770833328125 0.2666666671875 0.7402777781250001 0.2666666671875
1 0.81805555625 0.449382715625 0.81805555625 0.3296296296875 0.81805555625 0.20987654375 0.703472221875 0.20987654375 0.5888888890625 0.20987654375 0.5888888890625 0.3296296296875 0.5888888890625 0.449382715625 0.703472221875 0.449382715625 0.81805555625 0.449382715625
1 1 0.32592592656249997 0.89444444375 0.32592592656249997 0.7888888890625 0.32592592656249997 0.7888888890625 0.6629629625 0.7888888890625 1 0.89444444375 1 1 1 1 0.6629629625 1 0.32592592656249997
1 1 0.2740740734375 0.9236111109375 0.2740740734375 0.847222221875 0.2740740734375 0.847222221875 0.41111111093749997 0.847222221875 0.5481481484375 0.9236111109375 0.5481481484375 1 0.5481481484375 1 0.41111111093749997 1 0.2740740734375
0 1 0.049382715625000004 0.952777778125 0.049382715625000004 0.9055555562500001 0.049382715625000004 0.9055555562500001 0.18024691406249999 0.9055555562500001 0.3111111109375 0.952777778125 0.3111111109375 1 0.3111111109375 1 0.18024691406249999 1 0.049382715625000004
2 0.6541666671875 0.767901234375 0.6541666671875 0.6197530859375 0.6541666671875 0.4716049375 0.5513888890625 0.4716049375 0.4486111109375 0.4716049375 0.4486111109375 0.6197530859375 0.4486111109375 0.767901234375 0.5513888890625 0.767901234375 0.6541666671875 0.767901234375
2 0.6944444437499999 1 0.6944444437499999 0.8654320984374999 0.6944444437499999 0.730864196875 0.55694444375 0.730864196875 0.41944444374999995 0.730864196875 0.41944444374999995 0.8654320984374999 0.41944444374999995 1 0.55694444375 1 0.6944444437499999 1