1 0.427777778125 0.3753086421875 0.427777778125 0.33209876562499996 0.427777778125 0.2888888890625 0.3736111109375 0.2888888890625 0.31944444375000003 0.2888888890625 0.31944444375000003 0.33209876562499996 0.31944444375000003 0.3753086421875 0.3736111109375 0.3753086421875 0.427777778125 0.3753086421875
2 0.46944444374999994 0.5160493828125 0.46944444374999994 0.4456790125 0.46944444374999994 0.3753086421875 0.40555555625000006 0.3753086421875 0.3416666671875 0.3753086421875 0.3416666671875 0.4456790125 0.3416666671875 0.5160493828125 0.40555555625000006 0.5160493828125 0.46944444374999994 0.5160493828125
1 0.4138888890625 0.6790123453125 0.4138888890625 0.5876543203125 0.4138888890625 0.49629629687500004 0.384027778125 0.49629629687500004 0.3541666671875 0.49629629687500004 0.3541666671875 0.5876543203125 0.3541666671875 0.6790123453125 0.384027778125 0.6790123453125 0.4138888890625 0.6790123453125
1 0.48333333281249996 0.723456790625 0.48333333281249996 0.5962962968750001 0.48333333281249996 0.46913580312500003 0.4479166671875 0.46913580312500003 0.4125 0.46913580312500003 0.4125 0.5962962968750001 0.4125 0.723456790625 0.4479166671875 0.723456790625 0.48333333281249996 0.723456790625
2 0.40972222187499996 0.7654320984375 0.40972222187499996 0.6629629625 0.40972222187499996 0.5604938265625 0.35208333281250004 0.5604938265625 0.29444444375 0.5604938265625 0.29444444375 0.6629629625 0.29444444375 0.7654320984375 0.35208333281250004 0.7654320984375 0.40972222187499996 0.7654320984375
2 0.2986111109375 0.9209876546875 0.2986111109375 0.7975308640625001 0.2986111109375 0.6740740734374999 0.23402777812500003 0.6740740734374999 0.16944444375 0.6740740734374999 0.16944444375 0.7975308640625001 0.16944444375 0.9209876546875 0.23402777812500003 0.9209876546875 0.2986111109375 0.9209876546875
2 0.17916666718750002 0.9283950624999999 0.17916666718750002 0.8012345671875 0.17916666718750002 0.6740740734374999 0.11875 0.6740740734374999 0.058333332812500006 0.6740740734374999 0.058333332812500006 0.8012345671875 0.058333332812500006 0.9283950624999999 0.11875 0.9283950624999999 0.17916666718750002 0.9283950624999999
2 0.45694444375 0.950617284375 0.45694444375 0.8382716046875001 0.45694444375 0.7259259265625 0.396527778125 0.7259259265625 0.3361111109375 0.7259259265625 0.3361111109375 0.8382716046875001 0.3361111109375 0.950617284375 0.396527778125 0.950617284375 0.45694444375 0.950617284375
2 0.5722222218749999 1 0.5722222218749999 0.88148148125 0.5722222218749999 0.7629629625 0.49444444374999996 0.7629629625 0.4166666671875 0.7629629625 0.4166666671875 0.88148148125 0.4166666671875 1 0.49444444374999996 1 0.5722222218749999 1
2 0.609722221875 0.77283950625 0.609722221875 0.6740740734374999 0.609722221875 0.5753086421875 0.5423611109375 0.5753086421875 0.475 0.5753086421875 0.475 0.6740740734374999 0.475 0.77283950625 0.5423611109375 0.77283950625 0.609722221875 0.77283950625
0 0.5986111109375 0.6123456796875 0.5986111109375 0.523456790625 0.5986111109375 0.43456790156249997 0.5375 0.43456790156249997 0.4763888890625 0.43456790156249997 0.4763888890625 0.523456790625 0.4763888890625 0.6123456796875 0.5375 0.6123456796875 0.5986111109375 0.6123456796875
3 0.690277778125 0.43456790156249997 0.690277778125 0.35555555625 0.690277778125 0.276543209375 0.609027778125 0.276543209375 0.527777778125 0.276543209375 0.527777778125 0.35555555625 0.527777778125 0.43456790156249997 0.609027778125 0.43456790156249997 0.690277778125 0.43456790156249997
3 0.9625 0.37283950625 0.9625 0.2888888890625 0.9625 0.204938271875 0.8763888890624999 0.204938271875 0.790277778125 0.204938271875 0.790277778125 0.2888888890625 0.790277778125 0.37283950625 0.8763888890624999 0.37283950625 0.9625 0.37283950625
2 0.6861111109375 0.2938271609375 0.6861111109375 0.2296296296875 0.6861111109375 0.1654320984375 0.6375 0.1654320984375 0.5888888890625 0.1654320984375 0.5888888890625 0.2296296296875 0.5888888890625 0.2938271609375 0.6375 0.2938271609375 0.6861111109375 0.2938271609375
2 0.797222221875 0.2987654328125 0.797222221875 0.22839506250000002 0.797222221875 0.158024690625 0.7430555562500001 0.158024690625 0.6888888890625 0.158024690625 0.6888888890625 0.22839506250000002 0.6888888890625 0.2987654328125 0.7430555562500001 0.2987654328125 0.797222221875 0.2987654328125
2 0.7486111109375 0.8987654328125 0.7486111109375 0.7666666671875 0.7486111109375 0.6345679015625 0.6659722218749999 0.6345679015625 0.5833333328125 0.6345679015625 0.5833333328125 0.7666666671875 0.5833333328125 0.8987654328125 0.6659722218749999 0.8987654328125 0.7486111109375 0.8987654328125
0 0.8388888890624999 0.78271605 0.8388888890624999 0.6432098765625 0.8388888890624999 0.503703703125 0.7486111109375 0.503703703125 0.6583333328125 0.503703703125 0.6583333328125 0.6432098765625 0.6583333328125 0.78271605 0.7486111109375 0.78271605 0.8388888890624999 0.78271605
0 0.9388888890624999 1 0.9388888890624999 0.8629629624999999 0.9388888890624999 0.7259259265625 0.8222222218749999 0.7259259265625 0.70555555625 0.7259259265625 0.70555555625 0.8629629624999999 0.70555555625 1 0.8222222218749999 1 0.9388888890624999 1
1 1 0.6246913578125 0.8819444437499999 0.6246913578125 0.7638888890625 0.6246913578125 0.7638888890625 0.7259259265625 0.7638888890625 0.8271604937499999 0.8819444437499999 0.8271604937499999 1 0.8271604937499999 1 0.7259259265625 1 0.6246913578125
0 1 0.38765432031249997 0.9666666671874999 0.38765432031249997 0.9333333328125001 0.38765432031249997 0.9333333328125001 0.5148148140625 0.9333333328125001 0.641975309375 0.9666666671874999 0.641975309375 1 0.641975309375 1 0.5148148140625 1 0.38765432031249997