0 0.272222221875 0.42716049375000004 0.272222221875 0.386419753125 0.272222221875 0.3456790125 0.23819444375 0.3456790125 0.20416666718749998 0.3456790125 0.20416666718749998 0.386419753125 0.20416666718749998 0.42716049375000004 0.23819444375 0.42716049375000004 0.272222221875 0.42716049375000004
0 0.1875 0.4074074078125 0.1875 0.3716049375 0.1875 0.33580246874999997 0.1611111109375 0.33580246874999997 0.134722221875 0.33580246874999997 0.134722221875 0.3716049375 0.134722221875 0.4074074078125 0.1611111109375 0.4074074078125 0.1875 0.4074074078125
0 0.2166666671875 0.449382715625 0.2166666671875 0.4148148140625 0.2166666671875 0.3802469140625 0.18680555625 0.3802469140625 0.15694444375 0.3802469140625 0.15694444375 0.4148148140625 0.15694444375 0.449382715625 0.18680555625 0.449382715625 0.2166666671875 0.449382715625
0 0.3375 0.491358025 0.3375 0.44197530937499996 0.3375 0.3925925921875 0.28680555625 0.3925925921875 0.23611111093749998 0.3925925921875 0.23611111093749998 0.44197530937499996 0.23611111093749998 0.491358025 0.28680555625 0.491358025 0.3375 0.491358025
0 0.23472222187499997 0.5382716046875 0.23472222187499997 0.49382716093749995 0.23472222187499997 0.449382715625 0.20555555625 0.449382715625 0.1763888890625 0.449382715625 0.1763888890625 0.49382716093749995 0.1763888890625 0.5382716046875 0.20555555625 0.5382716046875 0.23472222187499997 0.5382716046875
0 0.19305555624999998 0.5333333328125 0.19305555624999998 0.49012345625 0.19305555624999998 0.4469135796875 0.159027778125 0.4469135796875 0.125 0.4469135796875 0.125 0.49012345625 0.125 0.5333333328125 0.159027778125 0.5333333328125 0.19305555624999998 0.5333333328125
0 0.15555555625 0.5950617281249999 0.15555555625 0.5481481484375 0.15555555625 0.5012345671875 0.12291666718750001 0.5012345671875 0.090277778125 0.5012345671875 0.090277778125 0.5481481484375 0.090277778125 0.5950617281249999 0.12291666718750001 0.5950617281249999 0.15555555625 0.5950617281249999
0 0.5097222218749999 0.313580246875 0.5097222218749999 0.28271605 0.5097222218749999 0.2518518515625 0.4798611109375 0.2518518515625 0.45 0.2518518515625 0.45 0.28271605 0.45 0.313580246875 0.4798611109375 0.313580246875 0.5097222218749999 0.313580246875
2 0.5125 0.35308642031250004 0.5125 0.32592592656249997 0.5125 0.2987654328125 0.48333333281249996 0.2987654328125 0.45416666718750004 0.2987654328125 0.45416666718750004 0.32592592656249997 0.45416666718750004 0.35308642031250004 0.48333333281249996 0.35308642031250004 0.5125 0.35308642031250004
1 0.477777778125 0.5432098765625 0.477777778125 0.477777778125 0.477777778125 0.41234567968749997 0.43819444374999994 0.41234567968749997 0.3986111109375 0.41234567968749997 0.3986111109375 0.477777778125 0.3986111109375 0.5432098765625 0.43819444374999994 0.5432098765625 0.477777778125 0.5432098765625
1 0.522222221875 0.44197530937499996 0.522222221875 0.3975308640625 0.522222221875 0.35308642031250004 0.49305555625 0.35308642031250004 0.46388888906250003 0.35308642031250004 0.46388888906250003 0.3975308640625 0.46388888906250003 0.44197530937499996 0.49305555625 0.44197530937499996 0.522222221875 0.44197530937499996
1 0.58055555625 0.3802469140625 0.58055555625 0.33703703749999997 0.58055555625 0.2938271609375 0.553472221875 0.2938271609375 0.5263888890625 0.2938271609375 0.5263888890625 0.33703703749999997 0.5263888890625 0.3802469140625 0.553472221875 0.3802469140625 0.58055555625 0.3802469140625
1 0.6013888890625 0.4395061734375 0.6013888890625 0.3888888890625 0.6013888890625 0.3382716046875 0.5736111109375 0.3382716046875 0.5458333328125 0.3382716046875 0.5458333328125 0.3888888890625 0.5458333328125 0.4395061734375 0.5736111109375 0.4395061734375 0.6013888890625 0.4395061734375
1 0.5611111109375 0.49382716093749995 0.5611111109375 0.4456790125 0.5611111109375 0.3975308640625 0.5291666671875 0.3975308640625 0.497222221875 0.3975308640625 0.497222221875 0.4456790125 0.497222221875 0.49382716093749995 0.5291666671875 0.49382716093749995 0.5611111109375 0.49382716093749995
1 0.5166666671875 0.5604938265625 0.5166666671875 0.5111111109375 0.5166666671875 0.4617283953125 0.4826388890625 0.4617283953125 0.4486111109375 0.4617283953125 0.4486111109375 0.5111111109375 0.4486111109375 0.5604938265625 0.4826388890625 0.5604938265625 0.5166666671875 0.5604938265625
1 0.5916666671875 0.5950617281249999 0.5916666671875 0.5395061734375 0.5916666671875 0.4839506171875 0.55625 0.4839506171875 0.5208333328125 0.4839506171875 0.5208333328125 0.5395061734375 0.5208333328125 0.5950617281249999 0.55625 0.5950617281249999 0.5916666671875 0.5950617281249999
1 0.540277778125 0.6469135796875001 0.540277778125 0.5790123453125 0.540277778125 0.5111111109375 0.5006944437499999 0.5111111109375 0.4611111109375 0.5111111109375 0.4611111109375 0.5790123453125 0.4611111109375 0.6469135796875001 0.5006944437499999 0.6469135796875001 0.540277778125 0.6469135796875001
1 0.8430555562500001 0.286419753125 0.8430555562500001 0.249382715625 0.8430555562500001 0.2123456796875 0.8055555562500001 0.2123456796875 0.76805555625 0.2123456796875 0.76805555625 0.249382715625 0.76805555625 0.286419753125 0.8055555562500001 0.286419753125 0.8430555562500001 0.286419753125
0 0.7861111109375 0.330864196875 0.7861111109375 0.2716049375 0.7861111109375 0.2123456796875 0.753472221875 0.2123456796875 0.7208333328125 0.2123456796875 0.7208333328125 0.2716049375 0.7208333328125 0.330864196875 0.753472221875 0.330864196875 0.7861111109375 0.330864196875
0 0.69305555625 0.42716049375000004 0.69305555625 0.3802469140625 0.69305555625 0.3333333328125 0.6576388890625 0.3333333328125 0.622222221875 0.3333333328125 0.622222221875 0.3802469140625 0.622222221875 0.42716049375000004 0.6576388890625 0.42716049375000004 0.69305555625 0.42716049375000004
0 0.7986111109375 0.4987654328125 0.7986111109375 0.43827160468750004 0.7986111109375 0.377777778125 0.752777778125 0.377777778125 0.70694444375 0.377777778125 0.70694444375 0.43827160468750004 0.70694444375 0.4987654328125 0.752777778125 0.4987654328125 0.7986111109375 0.4987654328125
0 0.7125 0.49629629687500004 0.7125 0.4370370375 0.7125 0.377777778125 0.675 0.377777778125 0.6375 0.377777778125 0.6375 0.4370370375 0.6375 0.49629629687500004 0.675 0.49629629687500004 0.7125 0.49629629687500004
0 0.7875 0.6197530859375 0.7875 0.54444444375 0.7875 0.46913580312500003 0.7479166671875 0.46913580312500003 0.7083333328125 0.46913580312500003 0.7083333328125 0.54444444375 0.7083333328125 0.6197530859375 0.7479166671875 0.6197530859375 0.7875 0.6197530859375
0 0.8361111109375001 0.5629629625 0.8361111109375001 0.4987654328125 0.8361111109375001 0.43456790156249997 0.8020833328125001 0.43456790156249997 0.76805555625 0.43456790156249997 0.76805555625 0.4987654328125 0.76805555625 0.5629629625 0.8020833328125001 0.5629629625 0.8361111109375001 0.5629629625
0 0.8847222218749999 0.46913580312500003 0.8847222218749999 0.40493827187500003 0.8847222218749999 0.340740740625 0.846527778125 0.340740740625 0.8083333328125001 0.340740740625 0.8083333328125001 0.40493827187500003 0.8083333328125001 0.46913580312500003 0.846527778125 0.46913580312500003 0.8847222218749999 0.46913580312500003
0 0.972222221875 0.4617283953125 0.972222221875 0.3975308640625 0.972222221875 0.3333333328125 0.9354166671874999 0.3333333328125 0.8986111109375001 0.3333333328125 0.8986111109375001 0.3975308640625 0.8986111109375001 0.4617283953125 0.9354166671874999 0.4617283953125 0.972222221875 0.4617283953125
0 1 0.2370370375 0.98680555625 0.2370370375 0.9736111109375001 0.2370370375 0.9736111109375001 0.29135802499999996 0.9736111109375001 0.3456790125 0.98680555625 0.3456790125 1 0.3456790125 1 0.29135802499999996 1 0.2370370375
0 0.70694444375 0.659259259375 0.70694444375 0.5851851859375 0.70694444375 0.5111111109375 0.6645833328124999 0.5111111109375 0.622222221875 0.5111111109375 0.622222221875 0.5851851859375 0.622222221875 0.659259259375 0.6645833328124999 0.659259259375 0.70694444375 0.659259259375
0 0.8680555562500001 0.691358025 0.8680555562500001 0.6024691359375 0.8680555562500001 0.5135802468749999 0.81875 0.5135802468749999 0.76944444375 0.5135802468749999 0.76944444375 0.6024691359375 0.76944444375 0.691358025 0.81875 0.691358025 0.8680555562500001 0.691358025
0 0.9694444437499999 0.6543209875 0.9694444437499999 0.569135803125 0.9694444437499999 0.4839506171875 0.9201388890625 0.4839506171875 0.8708333328125001 0.4839506171875 0.8708333328125001 0.569135803125 0.8708333328125001 0.6543209875 0.9201388890625 0.6543209875 0.9694444437499999 0.6543209875
0 0.9513888890625 0.7654320984375 0.9513888890625 0.669135803125 0.9513888890625 0.57283950625 0.9 0.57283950625 0.8486111109375001 0.57283950625 0.8486111109375001 0.669135803125 0.8486111109375001 0.7654320984375 0.9 0.7654320984375 0.9513888890625 0.7654320984375
0 1 0.5012345671875 0.98194444375 0.5012345671875 0.9638888890624999 0.5012345671875 0.9638888890624999 0.5962962968750001 0.9638888890624999 0.691358025 0.98194444375 0.691358025 1 0.691358025 1 0.5962962968750001 1 0.5012345671875
0 0.7986111109375 0.750617284375 0.7986111109375 0.6753086421875001 0.7986111109375 0.6 0.75625 0.6 0.7138888890625 0.6 0.7138888890625 0.6753086421875001 0.7138888890625 0.750617284375 0.75625 0.750617284375 0.7986111109375 0.750617284375
0 0.722222221875 0.8074074078125 0.722222221875 0.70987654375 0.722222221875 0.6123456796875 0.671527778125 0.6123456796875 0.6208333328125 0.6123456796875 0.6208333328125 0.70987654375 0.6208333328125 0.8074074078125 0.671527778125 0.8074074078125 0.722222221875 0.8074074078125
0 1 0.703703703125 0.9784722218749999 0.703703703125 0.95694444375 0.703703703125 0.95694444375 0.7839506171874999 0.95694444375 0.86419753125 0.9784722218749999 0.86419753125 1 0.86419753125 1 0.7839506171874999 1 0.703703703125
2 0.9694444437499999 0.8691358031249999 0.9694444437499999 0.7790123453125 0.9694444437499999 0.6888888890625 0.90625 0.6888888890625 0.8430555562500001 0.6888888890625 0.8430555562500001 0.7790123453125 0.8430555562500001 0.8691358031249999 0.90625 0.8691358031249999 0.9694444437499999 0.8691358031249999
2 1 0.8543209875000001 0.984722221875 0.8543209875000001 0.9694444437499999 0.8543209875000001 0.9694444437499999 0.92716049375 0.9694444437499999 1 0.984722221875 1 1 1 1 0.92716049375 1 0.8543209875000001
2 0.434722221875 0.6641975312499999 0.434722221875 0.6024691359375 0.434722221875 0.540740740625 0.3854166671875 0.540740740625 0.3361111109375 0.540740740625 0.3361111109375 0.6024691359375 0.3361111109375 0.6641975312499999 0.3854166671875 0.6641975312499999 0.434722221875 0.6641975312499999
0 0.352777778125 0.6641975312499999 0.352777778125 0.6024691359375 0.352777778125 0.540740740625 0.31180555625 0.540740740625 0.2708333328125 0.540740740625 0.2708333328125 0.6024691359375 0.2708333328125 0.6641975312499999 0.31180555625 0.6641975312499999 0.352777778125 0.6641975312499999
1 0.3888888890625 0.5382716046875 0.3888888890625 0.49629629687500004 0.3888888890625 0.45432098749999994 0.32083333281250004 0.45432098749999994 0.252777778125 0.45432098749999994 0.252777778125 0.49629629687500004 0.252777778125 0.5382716046875 0.32083333281250004 0.5382716046875 0.3888888890625 0.5382716046875
1 0.352777778125 0.5802469140625 0.352777778125 0.540740740625 0.352777778125 0.5012345671875 0.30555555624999997 0.5012345671875 0.25833333281250004 0.5012345671875 0.25833333281250004 0.540740740625 0.25833333281250004 0.5802469140625 0.30555555624999997 0.5802469140625 0.352777778125 0.5802469140625
0 0.32777777812500003 0.75555555625 0.32777777812500003 0.6876543203125001 0.32777777812500003 0.6197530859375 0.2826388890625 0.6197530859375 0.2375 0.6197530859375 0.2375 0.6876543203125001 0.2375 0.75555555625 0.2826388890625 0.75555555625 0.32777777812500003 0.75555555625
0 0.3263888890625 0.8716049375000001 0.3263888890625 0.795061728125 0.3263888890625 0.7185185187500001 0.26805555625 0.7185185187500001 0.20972222187499998 0.7185185187500001 0.20972222187499998 0.795061728125 0.20972222187499998 0.8716049375000001 0.26805555625 0.8716049375000001 0.3263888890625 0.8716049375000001
1 0.5916666671875 0.7481481484375 0.5916666671875 0.69012345625 0.5916666671875 0.632098765625 0.49375 0.632098765625 0.3958333328125 0.632098765625 0.3958333328125 0.69012345625 0.3958333328125 0.7481481484375 0.49375 0.7481481484375 0.5916666671875 0.7481481484375
0 0.2666666671875 0.6246913578125 0.2666666671875 0.5703703703125 0.2666666671875 0.5160493828125 0.23819444375 0.5160493828125 0.20972222187499998 0.5160493828125 0.20972222187499998 0.5703703703125 0.20972222187499998 0.6246913578125 0.23819444375 0.6246913578125 0.2666666671875 0.6246913578125
0 0.20972222187499998 0.6345679015625 0.20972222187499998 0.5876543203125 0.20972222187499998 0.540740740625 0.17916666718750002 0.540740740625 0.14861111093749999 0.540740740625 0.14861111093749999 0.5876543203125 0.14861111093749999 0.6345679015625 0.17916666718750002 0.6345679015625 0.20972222187499998 0.6345679015625
0 0.0916666671875 0.5950617281249999 0.0916666671875 0.5543209874999999 0.0916666671875 0.5135802468749999 0.061111110937500004 0.5135802468749999 0.030555556249999997 0.5135802468749999 0.030555556249999997 0.5543209874999999 0.030555556249999997 0.5950617281249999 0.061111110937500004 0.5950617281249999 0.0916666671875 0.5950617281249999
0 0.0486111109375 0.5382716046875 0.0486111109375 0.4839506171875 0.0486111109375 0.4296296296875 0.025 0.4296296296875 0.0013888890625 0.4296296296875 0.0013888890625 0.4839506171875 0.0013888890625 0.5382716046875 0.025 0.5382716046875 0.0486111109375 0.5382716046875
0 0.15694444375 0.7283950625 0.15694444375 0.6567901234375 0.15694444375 0.5851851859375 0.1145833328125 0.5851851859375 0.072222221875 0.5851851859375 0.072222221875 0.6567901234375 0.072222221875 0.7283950625 0.1145833328125 0.7283950625 0.15694444375 0.7283950625
0 0.07083333281250001 0.750617284375 0.07083333281250001 0.6839506171874999 0.07083333281250001 0.61728395 0.0361111109375 0.61728395 0.0013888890625 0.61728395 0.0013888890625 0.6839506171874999 0.0013888890625 0.750617284375 0.0361111109375 0.750617284375 0.07083333281250001 0.750617284375
0 0.084722221875 0.9061728390624999 0.084722221875 0.8197530859375 0.084722221875 0.7333333328125 0.04305555625 0.7333333328125 0.0013888890625 0.7333333328125 0.0013888890625 0.8197530859375 0.0013888890625 0.9061728390624999 0.04305555625 0.9061728390624999 0.084722221875 0.9061728390624999
0 0.6208333328125 0.88148148125 0.6208333328125 0.776543209375 0.6208333328125 0.6716049374999999 0.547222221875 0.6716049374999999 0.47361111093749997 0.6716049374999999 0.47361111093749997 0.776543209375 0.47361111093749997 0.88148148125 0.547222221875 0.88148148125 0.6208333328125 0.88148148125
1 0.6486111109375 0.8740740734375001 0.6486111109375 0.7370370375 0.6486111109375 0.6 0.609722221875 0.6 0.5708333328124999 0.6 0.5708333328124999 0.7370370375 0.5708333328124999 0.8740740734375001 0.609722221875 0.8740740734375001 0.6486111109375 0.8740740734375001
1 0.41944444374999995 1 0.41944444374999995 0.8901234562499999 0.41944444374999995 0.7802469140625 0.35555555625 0.7802469140625 0.2916666671875 0.7802469140625 0.2916666671875 0.8901234562499999 0.2916666671875 1 0.35555555625 1 0.41944444374999995 1
1 0.3458333328125 0.9654320984375 0.3458333328125 0.9074074078125 0.3458333328125 0.8493827156249999 0.28472222187499996 0.8493827156249999 0.2236111109375 0.8493827156249999 0.2236111109375 0.9074074078125 0.2236111109375 0.9654320984375 0.28472222187499996 0.9654320984375 0.3458333328125 0.9654320984375
1 0.784722221875 1 0.784722221875 0.9395061734375 0.784722221875 0.8790123453125 0.6979166671875 0.8790123453125 0.6111111109375 0.8790123453125 0.6111111109375 0.9395061734375 0.6111111109375 1 0.6979166671875 1 0.784722221875 1
1 0.6208333328125 0.9456790125 0.6208333328125 0.8950617281250001 0.6208333328125 0.8444444437499999 0.5527777781250001 0.8444444437499999 0.48472222187499997 0.8444444437499999 0.48472222187499997 0.8950617281250001 0.48472222187499997 0.9456790125 0.5527777781250001 0.9456790125 0.6208333328125 0.9456790125
1 0.45694444375 1 0.45694444375 0.96419753125 0.45694444375 0.9283950624999999 0.40625 0.9283950624999999 0.35555555625 0.9283950624999999 0.35555555625 0.96419753125 0.35555555625 1 0.40625 1 0.45694444375 1
0 0.20277777812500003 1 0.20277777812500003 0.9308641968750001 0.20277777812500003 0.8617283953125 0.12847222187500001 0.8617283953125 0.054166667187499996 0.8617283953125 0.054166667187499996 0.9308641968750001 0.054166667187499996 1 0.12847222187500001 1 0.20277777812500003 1
0 0.6833333328125 1 0.6833333328125 0.9617283953125 0.6833333328125 0.923456790625 0.6319444437499999 0.923456790625 0.58055555625 0.923456790625 0.58055555625 0.9617283953125 0.58055555625 1 0.6319444437499999 1 0.6833333328125 1
0 0.58194444375 1 0.58194444375 0.9518518515625001 0.58194444375 0.9037037031249999 0.522222221875 0.9037037031249999 0.4625 0.9037037031249999 0.4625 0.9518518515625001 0.4625 1 0.522222221875 1 0.58194444375 1