0 0.3082386359375 0.2604166671875 0.3082386359375 0.206597221875 0.3082386359375 0.15277777812499999 0.2698863640625 0.15277777812499999 0.231534090625 0.15277777812499999 0.231534090625 0.206597221875 0.231534090625 0.2604166671875 0.2698863640625 0.2604166671875 0.3082386359375 0.2604166671875
0 0.231534090625 0.24479166718749998 0.231534090625 0.206597221875 0.231534090625 0.16840277812499999 0.19815340937499998 0.16840277812499999 0.1647727265625 0.16840277812499999 0.1647727265625 0.206597221875 0.1647727265625 0.24479166718749998 0.19815340937499998 0.24479166718749998 0.231534090625 0.24479166718749998
0 0.231534090625 0.1076388890625 0.231534090625 0.05729166718749999 0.231534090625 0.006944443749999999 0.2038352265625 0.006944443749999999 0.1761363640625 0.006944443749999999 0.1761363640625 0.05729166718749999 0.1761363640625 0.1076388890625 0.2038352265625 0.1076388890625 0.231534090625 0.1076388890625
0 0.049715909375 0.12847222187500001 0.049715909375 0.105034721875 0.049715909375 0.081597221875 0.02556818125 0.081597221875 0.0014204546874999999 0.081597221875 0.0014204546874999999 0.105034721875 0.0014204546874999999 0.12847222187500001 0.02556818125 0.12847222187500001 0.049715909375 0.12847222187500001
0 0.1321022734375 0.1614583328125 0.1321022734375 0.1302083328125 0.1321022734375 0.09895833281250001 0.10369318125 0.09895833281250001 0.075284090625 0.09895833281250001 0.075284090625 0.1302083328125 0.075284090625 0.1614583328125 0.10369318125 0.1614583328125 0.1321022734375 0.1614583328125
0 0.1292613640625 0.25 0.1292613640625 0.21354166718749998 0.1292613640625 0.1770833328125 0.09943181875 0.1770833328125 0.0696022734375 0.1770833328125 0.0696022734375 0.21354166718749998 0.0696022734375 0.25 0.09943181875 0.25 0.1292613640625 0.25
0 0.20880681874999998 0.3385416671875 0.20880681874999998 0.29253472187499996 0.20880681874999998 0.246527778125 0.1803977265625 0.246527778125 0.1519886359375 0.246527778125 0.1519886359375 0.29253472187499996 0.1519886359375 0.3385416671875 0.1803977265625 0.3385416671875 0.20880681874999998 0.3385416671875
0 0.2173295453125 0.4236111109375 0.2173295453125 0.38368055624999997 0.2173295453125 0.34375 0.18252840937499998 0.34375 0.1477272734375 0.34375 0.1477272734375 0.38368055624999997 0.1477272734375 0.4236111109375 0.18252840937499998 0.4236111109375 0.2173295453125 0.4236111109375
0 0.13494318125 0.359375 0.13494318125 0.31597222187499996 0.13494318125 0.27256944375000003 0.10653409062500001 0.27256944375000003 0.078125 0.27256944375000003 0.078125 0.31597222187499996 0.078125 0.359375 0.10653409062500001 0.359375 0.13494318125 0.359375
0 0.0823863640625 0.4236111109375 0.0823863640625 0.3723958328125 0.0823863640625 0.32118055624999997 0.0475852265625 0.32118055624999997 0.012784090625 0.32118055624999997 0.012784090625 0.3723958328125 0.012784090625 0.4236111109375 0.0475852265625 0.4236111109375 0.0823863640625 0.4236111109375
0 0.1335227265625 0.48784722187499996 0.1335227265625 0.4470486109375 0.1335227265625 0.40625 0.10653409062500001 0.40625 0.07954545468749999 0.40625 0.07954545468749999 0.4470486109375 0.07954545468749999 0.48784722187499996 0.10653409062500001 0.48784722187499996 0.1335227265625 0.48784722187499996
0 0.6349431812499999 0.0486111109375 0.6349431812499999 0.0251736109375 0.6349431812499999 0.0017361109374999999 0.59375 0.0017361109374999999 0.5525568187500001 0.0017361109374999999 0.5525568187500001 0.0251736109375 0.5525568187500001 0.0486111109375 0.59375 0.0486111109375 0.6349431812499999 0.0486111109375
0 0.6576704546875 0.13368055625 0.6576704546875 0.08854166718749999 0.6576704546875 0.043402778125 0.6228693187500001 0.043402778125 0.5880681812499999 0.043402778125 0.5880681812499999 0.08854166718749999 0.5880681812499999 0.13368055625 0.6228693187500001 0.13368055625 0.6576704546875 0.13368055625
0 0.8451704546875 0.5451388890625 0.8451704546875 0.4973958328125 0.8451704546875 0.44965277812500004 0.8082386359375 0.44965277812500004 0.7713068187500001 0.44965277812500004 0.7713068187500001 0.4973958328125 0.7713068187500001 0.5451388890625 0.8082386359375 0.5451388890625 0.8451704546875 0.5451388890625
0 0.9417613640625 0.46527777812500004 0.9417613640625 0.39930555624999997 0.9417613640625 0.3333333328125 0.8920454546875 0.3333333328125 0.8423295453125 0.3333333328125 0.8423295453125 0.39930555624999997 0.8423295453125 0.46527777812500004 0.8920454546875 0.46527777812500004 0.9417613640625 0.46527777812500004
3 0.33522727343750003 0.8107638890625 0.33522727343750003 0.7326388890625 0.33522727343750003 0.6545138890625 0.28764204531250004 0.6545138890625 0.24005681874999998 0.6545138890625 0.24005681874999998 0.7326388890625 0.24005681874999998 0.8107638890625 0.28764204531250004 0.8107638890625 0.33522727343750003 0.8107638890625