0 0.203125 0.9548611109375 0.203125 0.9157986109375 0.203125 0.8767361109375 0.17471590937499998 0.8767361109375 0.14630681875 0.8767361109375 0.14630681875 0.9157986109375 0.14630681875 0.9548611109375 0.17471590937499998 0.9548611109375 0.203125 0.9548611109375
0 0.3125 0.7170138890625 0.3125 0.6744791671875 0.3125 0.6319444437499999 0.28835227343750003 0.6319444437499999 0.26420454531250004 0.6319444437499999 0.26420454531250004 0.6744791671875 0.26420454531250004 0.7170138890625 0.28835227343750003 0.7170138890625 0.3125 0.7170138890625
0 0.42329545468749996 0.6614583328125 0.42329545468749996 0.6276041671875 0.42329545468749996 0.59375 0.39133522656249997 0.59375 0.359375 0.59375 0.359375 0.6276041671875 0.359375 0.6614583328125 0.39133522656249997 0.6614583328125 0.42329545468749996 0.6614583328125
0 0.44886363593749995 0.543402778125 0.44886363593749995 0.503472221875 0.44886363593749995 0.4635416671875 0.42045454531250004 0.4635416671875 0.39204545468749996 0.4635416671875 0.39204545468749996 0.503472221875 0.39204545468749996 0.543402778125 0.42045454531250004 0.543402778125 0.44886363593749995 0.543402778125
0 0.3863636359375 0.550347221875 0.3863636359375 0.519097221875 0.3863636359375 0.48784722187499996 0.36008522656249997 0.48784722187499996 0.33380681874999996 0.48784722187499996 0.33380681874999996 0.519097221875 0.33380681874999996 0.550347221875 0.36008522656249997 0.550347221875 0.3863636359375 0.550347221875
0 0.5994318187500001 0.4392361109375 0.5994318187500001 0.4079861109375 0.5994318187500001 0.3767361109375 0.5788352265625 0.3767361109375 0.5582386359375 0.3767361109375 0.5582386359375 0.4079861109375 0.5582386359375 0.4392361109375 0.5788352265625 0.4392361109375 0.5994318187500001 0.4392361109375
0 0.5823863640625 0.5138888890625 0.5823863640625 0.48350694375 0.5823863640625 0.453125 0.5632102265625 0.453125 0.5440340906250001 0.453125 0.5440340906250001 0.48350694375 0.5440340906250001 0.5138888890625 0.5632102265625 0.5138888890625 0.5823863640625 0.5138888890625
0 0.5625 0.5711805562500001 0.5625 0.5364583328125 0.5625 0.5017361109375 0.546875 0.5017361109375 0.53125 0.5017361109375 0.53125 0.5364583328125 0.53125 0.5711805562500001 0.546875 0.5711805562500001 0.5625 0.5711805562500001
0 0.5326704546875 0.730902778125 0.5326704546875 0.699652778125 0.5326704546875 0.668402778125 0.5071022734375 0.668402778125 0.481534090625 0.668402778125 0.481534090625 0.699652778125 0.481534090625 0.730902778125 0.5071022734375 0.730902778125 0.5326704546875 0.730902778125
0 0.6803977265625 0.6354166671875 0.6803977265625 0.5946180562500001 0.6803977265625 0.5538194437499999 0.6484375 0.5538194437499999 0.6164772734375 0.5538194437499999 0.6164772734375 0.5946180562500001 0.6164772734375 0.6354166671875 0.6484375 0.6354166671875 0.6803977265625 0.6354166671875
0 0.7017045453125 0.8576388890625 0.7017045453125 0.8185763890625 0.7017045453125 0.7795138890625 0.6683238640625 0.7795138890625 0.6349431812499999 0.7795138890625 0.6349431812499999 0.8185763890625 0.6349431812499999 0.8576388890625 0.6683238640625 0.8576388890625 0.7017045453125 0.8576388890625
0 0.6505681812499999 0.8836805562500001 0.6505681812499999 0.8359375 0.6505681812499999 0.7881944437499999 0.6178977265625 0.7881944437499999 0.5852272734375 0.7881944437499999 0.5852272734375 0.8359375 0.5852272734375 0.8836805562500001 0.6178977265625 0.8836805562500001 0.6505681812499999 0.8836805562500001
0 0.9488636359375 0.8680555562500001 0.9488636359375 0.8203125 0.9488636359375 0.7725694437499999 0.9154829546875 0.7725694437499999 0.8821022734374999 0.7725694437499999 0.8821022734374999 0.8203125 0.8821022734374999 0.8680555562500001 0.9154829546875 0.8680555562500001 0.9488636359375 0.8680555562500001
0 0.8139204546875 0.7413194437499999 0.8139204546875 0.7083333328125 0.8139204546875 0.675347221875 0.7876420453125 0.675347221875 0.7613636359375 0.675347221875 0.7613636359375 0.7083333328125 0.7613636359375 0.7413194437499999 0.7876420453125 0.7413194437499999 0.8139204546875 0.7413194437499999
0 0.89630681875 0.6475694437499999 0.89630681875 0.612847221875 0.89630681875 0.578125 0.8707386359375 0.578125 0.8451704546875 0.578125 0.8451704546875 0.612847221875 0.8451704546875 0.6475694437499999 0.8707386359375 0.6475694437499999 0.89630681875 0.6475694437499999
0 0.7642045453125 0.5364583328125 0.7642045453125 0.4869791671875 0.7642045453125 0.4375 0.7308238640625 0.4375 0.6974431812499999 0.4375 0.6974431812499999 0.4869791671875 0.6974431812499999 0.5364583328125 0.7308238640625 0.5364583328125 0.7642045453125 0.5364583328125
0 0.8039772734374999 0.41319444375 0.8039772734374999 0.3723958328125 0.8039772734374999 0.33159722187499996 0.7734375 0.33159722187499996 0.7428977265625 0.33159722187499996 0.7428977265625 0.3723958328125 0.7428977265625 0.41319444375 0.7734375 0.41319444375 0.8039772734374999 0.41319444375
0 0.8167613640625 0.5399305562500001 0.8167613640625 0.49565972187499996 0.8167613640625 0.4513888890625 0.7940340906250001 0.4513888890625 0.7713068187500001 0.4513888890625 0.7713068187500001 0.49565972187499996 0.7713068187500001 0.5399305562500001 0.7940340906250001 0.5399305562500001 0.8167613640625 0.5399305562500001
0 0.455965909375 0.19965277812499999 0.455965909375 0.16319444375 0.455965909375 0.12673611093749998 0.42755681875 0.12673611093749998 0.39914772656249997 0.12673611093749998 0.39914772656249997 0.16319444375 0.39914772656249997 0.19965277812499999 0.42755681875 0.19965277812499999 0.455965909375 0.19965277812499999
0 0.33096590937500003 0.13715277812499999 0.33096590937500003 0.1076388890625 0.33096590937500003 0.078125 0.29971590937500003 0.078125 0.26846590937500003 0.078125 0.26846590937500003 0.1076388890625 0.26846590937500003 0.13715277812499999 0.29971590937500003 0.13715277812499999 0.33096590937500003 0.13715277812499999
0 0.5369318187500001 0.22395833281250002 0.5369318187500001 0.18923611093749998 0.5369318187500001 0.15451388906250002 0.5120738640625 0.15451388906250002 0.487215909375 0.15451388906250002 0.487215909375 0.18923611093749998 0.487215909375 0.22395833281250002 0.5120738640625 0.22395833281250002 0.5369318187500001 0.22395833281250002
0 0.5482954546875 0.12673611093749998 0.5482954546875 0.09895833281250001 0.5482954546875 0.07118055625 0.5248579546875 0.07118055625 0.5014204546875 0.07118055625 0.5014204546875 0.09895833281250001 0.5014204546875 0.12673611093749998 0.5248579546875 0.12673611093749998 0.5482954546875 0.12673611093749998
0 0.28125 0.059027778125 0.28125 0.03038194375 0.28125 0.0017361109374999999 0.2436079546875 0.0017361109374999999 0.205965909375 0.0017361109374999999 0.205965909375 0.03038194375 0.205965909375 0.059027778125 0.2436079546875 0.059027778125 0.28125 0.059027778125
0 0.7542613640625 0.9600694437499999 0.7542613640625 0.9149305562500001 0.7542613640625 0.8697916671874999 0.6903409093749999 0.8697916671874999 0.6264204546875 0.8697916671874999 0.6264204546875 0.9149305562500001 0.6264204546875 0.9600694437499999 0.6903409093749999 0.9600694437499999 0.7542613640625 0.9600694437499999
0 0.25284090937500003 0.8333333328125001 0.25284090937500003 0.7760416671875 0.25284090937500003 0.71875 0.1995738640625 0.71875 0.14630681875 0.71875 0.14630681875 0.7760416671875 0.14630681875 0.8333333328125001 0.1995738640625 0.8333333328125001 0.25284090937500003 0.8333333328125001