0 0.1682291671875 0.2009259265625 0.1682291671875 0.175 0.1682291671875 0.1490740734375 0.1533854171875 0.1490740734375 0.1385416671875 0.1490740734375 0.1385416671875 0.175 0.1385416671875 0.2009259265625 0.1533854171875 0.2009259265625 0.1682291671875 0.2009259265625
0 0.671875 0.575 0.671875 0.5504629624999999 0.671875 0.5259259265625 0.6575520828125 0.5259259265625 0.6432291671875 0.5259259265625 0.6432291671875 0.5504629624999999 0.6432291671875 0.575 0.6575520828125 0.575 0.671875 0.575
0 0.775 0.809259259375 0.775 0.7805555562500001 0.775 0.7518518515625 0.7583333328124999 0.7518518515625 0.7416666671875001 0.7518518515625 0.7416666671875001 0.7805555562500001 0.7416666671875001 0.809259259375 0.7583333328124999 0.809259259375 0.775 0.809259259375
1 0.5828125 0.8361111109375001 0.5828125 0.7597222218749999 0.5828125 0.6833333328125 0.546875 0.6833333328125 0.5109375 0.6833333328125 0.5109375 0.7597222218749999 0.5109375 0.8361111109375001 0.546875 0.8361111109375001 0.5828125 0.8361111109375001
3 0.096875 0.9416666671874999 0.096875 0.8754629625 0.096875 0.809259259375 0.0486979171875 0.809259259375 0.0005208328124999999 0.809259259375 0.0005208328124999999 0.8754629625 0.0005208328124999999 0.9416666671874999 0.0486979171875 0.9416666671874999 0.096875 0.9416666671874999
1 0.2286458328125 0.7398148140624999 0.2286458328125 0.70694444375 0.2286458328125 0.6740740734374999 0.1705729171875 0.6740740734374999 0.1125 0.6740740734374999 0.1125 0.70694444375 0.1125 0.7398148140624999 0.1705729171875 0.7398148140624999 0.2286458328125 0.7398148140624999
0 0.609375 0.8416666671874999 0.609375 0.8046296296875 0.609375 0.7675925921875 0.5846354171875 0.7675925921875 0.5598958328125 0.7675925921875 0.5598958328125 0.8046296296875 0.5598958328125 0.8416666671874999 0.5846354171875 0.8416666671874999 0.609375 0.8416666671874999
0 0.7119791671875 1 0.7119791671875 0.9694444437499999 0.7119791671875 0.9388888890624999 0.6895833328125 0.9388888890624999 0.6671875 0.9388888890624999 0.6671875 0.9694444437499999 0.6671875 1 0.6895833328125 1 0.7119791671875 1
0 0.9744791671874999 0.9685185187500001 0.9744791671874999 0.925 0.9744791671874999 0.88148148125 0.9416666671874999 0.88148148125 0.9088541671874999 0.88148148125 0.9088541671874999 0.925 0.9088541671874999 0.9685185187500001 0.9416666671874999 0.9685185187500001 0.9744791671874999 0.9685185187500001
0 0.3411458328125 0.5870370375 0.3411458328125 0.5509259265625001 0.3411458328125 0.5148148140625 0.3213541671875 0.5148148140625 0.3015625 0.5148148140625 0.3015625 0.5509259265625001 0.3015625 0.5870370375 0.3213541671875 0.5870370375 0.3411458328125 0.5870370375
0 0.4109375 0.5601851859375 0.4109375 0.5240740734375 0.4109375 0.4879629625 0.3859375 0.4879629625 0.3609375 0.4879629625 0.3609375 0.5240740734375 0.3609375 0.5601851859375 0.3859375 0.5601851859375 0.4109375 0.5601851859375
0 0.3583333328125 0.678703703125 0.3583333328125 0.6481481484375 0.3583333328125 0.6175925921875 0.33645833281250004 0.6175925921875 0.3145833328125 0.6175925921875 0.3145833328125 0.6481481484375 0.3145833328125 0.678703703125 0.33645833281250004 0.678703703125 0.3583333328125 0.678703703125
0 0.21770833281250002 0.43518518593750005 0.21770833281250002 0.3990740734375 0.21770833281250002 0.36296296250000004 0.1966145828125 0.36296296250000004 0.1755208328125 0.36296296250000004 0.1755208328125 0.3990740734375 0.1755208328125 0.43518518593750005 0.1966145828125 0.43518518593750005 0.21770833281250002 0.43518518593750005
3 0.08541666718749999 0.49259259218749996 0.08541666718749999 0.447222221875 0.08541666718749999 0.4018518515625 0.052604167187499995 0.4018518515625 0.0197916671875 0.4018518515625 0.0197916671875 0.447222221875 0.0197916671875 0.49259259218749996 0.052604167187499995 0.49259259218749996 0.08541666718749999 0.49259259218749996
0 0.1932291671875 0.98148148125 0.1932291671875 0.9425925921875 0.1932291671875 0.9037037031249999 0.16458333281249998 0.9037037031249999 0.1359375 0.9037037031249999 0.1359375 0.9425925921875 0.1359375 0.98148148125 0.16458333281249998 0.98148148125 0.1932291671875 0.98148148125