0 0.6598958328125 0.41944444374999995 0.6598958328125 0.39074074062499997 0.6598958328125 0.3620370375 0.6395833328125 0.3620370375 0.6192708328125 0.3620370375 0.6192708328125 0.39074074062499997 0.6192708328125 0.41944444374999995 0.6395833328125 0.41944444374999995 0.6598958328125 0.41944444374999995
0 0.6994791671875 0.3166666671875 0.6994791671875 0.2856481484375 0.6994791671875 0.2546296296875 0.6809895828125 0.2546296296875 0.6625 0.2546296296875 0.6625 0.2856481484375 0.6625 0.3166666671875 0.6809895828125 0.3166666671875 0.6994791671875 0.3166666671875
0 0.6526041671875 0.30555555624999997 0.6526041671875 0.2865740734375 0.6526041671875 0.2675925921875 0.6393229171875 0.2675925921875 0.6260416671875 0.2675925921875 0.6260416671875 0.2865740734375 0.6260416671875 0.30555555624999997 0.6393229171875 0.30555555624999997 0.6526041671875 0.30555555624999997
0 0.0994791671875 0.4546296296875 0.0994791671875 0.42592592656250006 0.0994791671875 0.397222221875 0.08125 0.397222221875 0.06302083281250001 0.397222221875 0.06302083281250001 0.42592592656250006 0.06302083281250001 0.4546296296875 0.08125 0.4546296296875 0.0994791671875 0.4546296296875
0 0.7359375 0.40555555625000006 0.7359375 0.36805555624999997 0.7359375 0.33055555625 0.7125 0.33055555625 0.6890625 0.33055555625 0.6890625 0.36805555624999997 0.6890625 0.40555555625000006 0.7125 0.40555555625000006 0.7359375 0.40555555625000006
0 0.6317708328125 0.3546296296875 0.6317708328125 0.3333333328125 0.6317708328125 0.3120370375 0.6161458328125 0.3120370375 0.6005208328125 0.3120370375 0.6005208328125 0.3333333328125 0.6005208328125 0.3546296296875 0.6161458328125 0.3546296296875 0.6317708328125 0.3546296296875
0 0.734375 0.325 0.734375 0.2953703703125 0.734375 0.26574074062499997 0.7127604171875 0.26574074062499997 0.6911458328125 0.26574074062499997 0.6911458328125 0.2953703703125 0.6911458328125 0.325 0.7127604171875 0.325 0.734375 0.325
0 0.778125 0.352777778125 0.778125 0.3328703703125 0.778125 0.3129629625 0.7661458328124999 0.3129629625 0.7541666671875 0.3129629625 0.7541666671875 0.3328703703125 0.7541666671875 0.352777778125 0.7661458328124999 0.352777778125 0.778125 0.352777778125
0 0.6145833328125 0.497222221875 0.6145833328125 0.45370370312499997 0.6145833328125 0.41018518593750003 0.59296875 0.41018518593750003 0.5713541671875 0.41018518593750003 0.5713541671875 0.45370370312499997 0.5713541671875 0.497222221875 0.59296875 0.497222221875 0.6145833328125 0.497222221875
0 0.48125 0.33703703749999997 0.48125 0.308796296875 0.48125 0.28055555625 0.46666666718750005 0.28055555625 0.45208333281249996 0.28055555625 0.45208333281249996 0.308796296875 0.45208333281249996 0.33703703749999997 0.46666666718750005 0.33703703749999997 0.48125 0.33703703749999997
3 0.1708333328125 0.7240740734375 0.1708333328125 0.6754629624999999 0.1708333328125 0.6268518515625 0.1356770828125 0.6268518515625 0.10052083281249999 0.6268518515625 0.10052083281249999 0.6754629624999999 0.10052083281249999 0.7240740734375 0.1356770828125 0.7240740734375 0.1708333328125 0.7240740734375
0 0.23020833281250003 0.7416666671875001 0.23020833281250003 0.6976851859375001 0.23020833281250003 0.6537037031249999 0.20286458281250003 0.6537037031249999 0.1755208328125 0.6537037031249999 0.1755208328125 0.6976851859375001 0.1755208328125 0.7416666671875001 0.20286458281250003 0.7416666671875001 0.23020833281250003 0.7416666671875001
0 0.2916666671875 0.7018518515625 0.2916666671875 0.672222221875 0.2916666671875 0.6425925921875 0.27421875 0.6425925921875 0.2567708328125 0.6425925921875 0.2567708328125 0.672222221875 0.2567708328125 0.7018518515625 0.27421875 0.7018518515625 0.2916666671875 0.7018518515625
0 0.3 0.797222221875 0.3 0.753240740625 0.3 0.709259259375 0.27291666718749996 0.709259259375 0.24583333281250003 0.709259259375 0.24583333281250003 0.753240740625 0.24583333281250003 0.797222221875 0.27291666718749996 0.797222221875 0.3 0.797222221875
3 0.5140625 0.7194444437499999 0.5140625 0.6703703703125 0.5140625 0.621296296875 0.47760416718750004 0.621296296875 0.44114583281249997 0.621296296875 0.44114583281249997 0.6703703703125 0.44114583281249997 0.7194444437499999 0.47760416718750004 0.7194444437499999 0.5140625 0.7194444437499999
1 0.6166666671875001 0.5962962968750001 0.6166666671875001 0.5138888890625 0.6166666671875001 0.43148148124999997 0.5640625 0.43148148124999997 0.5114583328125 0.43148148124999997 0.5114583328125 0.5138888890625 0.5114583328125 0.5962962968750001 0.5640625 0.5962962968750001 0.6166666671875001 0.5962962968750001
1 0.70625 0.703703703125 0.70625 0.6388888890625 0.70625 0.5740740734374999 0.6140625 0.5740740734374999 0.521875 0.5740740734374999 0.521875 0.6388888890625 0.521875 0.703703703125 0.6140625 0.703703703125 0.70625 0.703703703125
3 0.9703125 0.7648148140625 0.9703125 0.691203703125 0.9703125 0.6175925921875 0.9044270828125001 0.6175925921875 0.8385416671874999 0.6175925921875 0.8385416671874999 0.691203703125 0.8385416671874999 0.7648148140625 0.9044270828125001 0.7648148140625 0.9703125 0.7648148140625
3 0.7072916671875 0.4601851859375 0.7072916671875 0.4263888890625 0.7072916671875 0.3925925921875 0.6869791671875001 0.3925925921875 0.6666666671875 0.3925925921875 0.6666666671875 0.4263888890625 0.6666666671875 0.4601851859375 0.6869791671875001 0.4601851859375 0.7072916671875 0.4601851859375
3 0.7135416671875 0.5768518515625 0.7135416671875 0.5398148140625 0.7135416671875 0.502777778125 0.6854166671875 0.502777778125 0.6572916671875 0.502777778125 0.6572916671875 0.5398148140625 0.6572916671875 0.5768518515625 0.6854166671875 0.5768518515625 0.7135416671875 0.5768518515625
3 0.6645833328124999 0.5120370375000001 0.6645833328124999 0.46851851875 0.6645833328124999 0.425 0.6348958328125 0.425 0.6052083328125 0.425 0.6052083328125 0.46851851875 0.6052083328125 0.5120370375000001 0.6348958328125 0.5120370375000001 0.6645833328124999 0.5120370375000001