0 0.6151041671875 0.375 0.6151041671875 0.353240740625 0.6151041671875 0.33148148125 0.6028645828125 0.33148148125 0.590625 0.33148148125 0.590625 0.353240740625 0.590625 0.375 0.6028645828125 0.375 0.6151041671875 0.375
0 0.5442708328125 0.2740740734375 0.5442708328125 0.25694444375000003 0.5442708328125 0.2398148140625 0.53515625 0.2398148140625 0.5260416671875 0.2398148140625 0.5260416671875 0.25694444375000003 0.5260416671875 0.2740740734375 0.53515625 0.2740740734375 0.5442708328125 0.2740740734375
0 0.5088541671875 0.3203703703125 0.5088541671875 0.2976851859375 0.5088541671875 0.275 0.4934895828125 0.275 0.478125 0.275 0.478125 0.2976851859375 0.478125 0.3203703703125 0.4934895828125 0.3203703703125 0.5088541671875 0.3203703703125
0 0.2765625 0.222222221875 0.2765625 0.20555555625 0.2765625 0.1888888890625 0.26640625 0.1888888890625 0.25625 0.1888888890625 0.25625 0.20555555625 0.25625 0.222222221875 0.26640625 0.222222221875 0.2765625 0.222222221875
0 0.22552083281250002 0.197222221875 0.22552083281250002 0.17916666718750002 0.22552083281250002 0.1611111109375 0.2088541671875 0.1611111109375 0.1921875 0.1611111109375 0.1921875 0.17916666718750002 0.1921875 0.197222221875 0.2088541671875 0.197222221875 0.22552083281250002 0.197222221875
0 0.2359375 0.35925925937500003 0.2359375 0.33703703749999997 0.2359375 0.3148148140625 0.21979166718749998 0.3148148140625 0.2036458328125 0.3148148140625 0.2036458328125 0.33703703749999997 0.2036458328125 0.35925925937500003 0.21979166718749998 0.35925925937500003 0.2359375 0.35925925937500003
0 0.3661458328125 0.4861111109375 0.3661458328125 0.45694444375 0.3661458328125 0.427777778125 0.35208333281250004 0.427777778125 0.3380208328125 0.427777778125 0.3380208328125 0.45694444375 0.3380208328125 0.4861111109375 0.35208333281250004 0.4861111109375 0.3661458328125 0.4861111109375
0 0.3828125 0.5574074078125 0.3828125 0.5324074078125001 0.3828125 0.5074074078125 0.3645833328125 0.5074074078125 0.3463541671875 0.5074074078125 0.3463541671875 0.5324074078125001 0.3463541671875 0.5574074078125 0.3645833328125 0.5574074078125 0.3828125 0.5574074078125
0 0.8333333328125001 0.81851851875 0.8333333328125001 0.790277778125 0.8333333328125001 0.7620370375000001 0.8145833328125001 0.7620370375000001 0.7958333328125 0.7620370375000001 0.7958333328125 0.790277778125 0.7958333328125 0.81851851875 0.8145833328125001 0.81851851875 0.8333333328125001 0.81851851875
0 0.3359375 0.8666666671875 0.3359375 0.834722221875 0.3359375 0.8027777781250001 0.3153645828125 0.8027777781250001 0.2947916671875 0.8027777781250001 0.2947916671875 0.834722221875 0.2947916671875 0.8666666671875 0.3153645828125 0.8666666671875 0.3359375 0.8666666671875
0 0.2635416671875 0.9824074078124999 0.2635416671875 0.9541666671875 0.2635416671875 0.9259259265625 0.24453125 0.9259259265625 0.22552083281250002 0.9259259265625 0.22552083281250002 0.9541666671875 0.22552083281250002 0.9824074078124999 0.24453125 0.9824074078124999 0.2635416671875 0.9824074078124999
3 0.4270833328125 0.759259259375 0.4270833328125 0.734259259375 0.4270833328125 0.709259259375 0.3966145828125 0.709259259375 0.3661458328125 0.709259259375 0.3661458328125 0.734259259375 0.3661458328125 0.759259259375 0.3966145828125 0.759259259375 0.4270833328125 0.759259259375