0 0.2578125 0.8333333328125001 0.2578125 0.8166666671874999 0.2578125 0.8 0.24479166718749998 0.8 0.23177083281250002 0.8 0.23177083281250002 0.8166666671874999 0.23177083281250002 0.8333333328125001 0.24479166718749998 0.8333333328125001 0.2578125 0.8333333328125001
0 0.22395833281250002 0.9629629625 0.22395833281250002 0.934722221875 0.22395833281250002 0.9064814812499999 0.20416666718749998 0.9064814812499999 0.184375 0.9064814812499999 0.184375 0.934722221875 0.184375 0.9629629625 0.20416666718749998 0.9629629625 0.22395833281250002 0.9629629625
0 0.31197916718749996 0.8370370375 0.31197916718749996 0.8083333328125001 0.31197916718749996 0.7796296296875 0.2953125 0.7796296296875 0.2786458328125 0.7796296296875 0.2786458328125 0.8083333328125001 0.2786458328125 0.8370370375 0.2953125 0.8370370375 0.31197916718749996 0.8370370375
0 0.5098958328125 0.74444444375 0.5098958328125 0.7226851859375001 0.5098958328125 0.7009259265625001 0.49322916718750004 0.7009259265625001 0.4765625 0.7009259265625001 0.4765625 0.7226851859375001 0.4765625 0.74444444375 0.49322916718750004 0.74444444375 0.5098958328125 0.74444444375
0 0.7588541671875 0.58055555625 0.7588541671875 0.5550925921875 0.7588541671875 0.5296296296875 0.74140625 0.5296296296875 0.7239583328125 0.5296296296875 0.7239583328125 0.5550925921875 0.7239583328125 0.58055555625 0.74140625 0.58055555625 0.7588541671875 0.58055555625
1 0.6421875 0.9277777781250001 0.6421875 0.9037037031249999 0.6421875 0.8796296296874999 0.5963541671875 0.8796296296874999 0.5505208328125 0.8796296296874999 0.5505208328125 0.9037037031249999 0.5505208328125 0.9277777781250001 0.5963541671875 0.9277777781250001 0.6421875 0.9277777781250001
0 0.6833333328125 0.9453703703125 0.6833333328125 0.921296296875 0.6833333328125 0.897222221875 0.66328125 0.897222221875 0.6432291671875 0.897222221875 0.6432291671875 0.921296296875 0.6432291671875 0.9453703703125 0.66328125 0.9453703703125 0.6833333328125 0.9453703703125
0 0.7270833328124999 0.86944444375 0.7270833328124999 0.8444444437499999 0.7270833328124999 0.8194444437499999 0.7083333328125 0.8194444437499999 0.6895833328125 0.8194444437499999 0.6895833328125 0.8444444437499999 0.6895833328125 0.86944444375 0.7083333328125 0.86944444375 0.7270833328124999 0.86944444375
0 0.4328125 0.984259259375 0.4328125 0.9504629625 0.4328125 0.9166666671874999 0.4067708328125 0.9166666671874999 0.3807291671875 0.9166666671874999 0.3807291671875 0.9504629625 0.3807291671875 0.984259259375 0.4067708328125 0.984259259375 0.4328125 0.984259259375
0 0.5630208328124999 0.715740740625 0.5630208328124999 0.6949074078125 0.5630208328124999 0.6740740734374999 0.5450520828125 0.6740740734374999 0.5270833328125 0.6740740734374999 0.5270833328125 0.6949074078125 0.5270833328125 0.715740740625 0.5450520828125 0.715740740625 0.5630208328124999 0.715740740625
0 0.6828125 0.7194444437499999 0.6828125 0.6925925921875 0.6828125 0.665740740625 0.665625 0.665740740625 0.6484375 0.665740740625 0.6484375 0.6925925921875 0.6484375 0.7194444437499999 0.665625 0.7194444437499999 0.6828125 0.7194444437499999
0 0.5161458328124999 0.8648148140625 0.5161458328124999 0.8351851859374999 0.5161458328124999 0.8055555562500001 0.49635416718750003 0.8055555562500001 0.4765625 0.8055555562500001 0.4765625 0.8351851859374999 0.4765625 0.8648148140625 0.49635416718750003 0.8648148140625 0.5161458328124999 0.8648148140625