2 0.25625 0.815740740625 0.25625 0.7925925921875 0.25625 0.76944444375 0.23984375 0.76944444375 0.2234375 0.76944444375 0.2234375 0.7925925921875 0.2234375 0.815740740625 0.23984375 0.815740740625 0.25625 0.815740740625
3 0.11041666718750001 0.9546296296874999 0.11041666718750001 0.8925925921875001 0.11041666718750001 0.83055555625 0.06901041718749999 0.83055555625 0.0276041671875 0.83055555625 0.0276041671875 0.8925925921875001 0.0276041671875 0.9546296296874999 0.06901041718749999 0.9546296296874999 0.11041666718750001 0.9546296296874999
0 0.1505208328125 0.9666666671874999 0.1505208328125 0.9245370375 0.1505208328125 0.8824074078124999 0.1125 0.8824074078124999 0.0744791671875 0.8824074078124999 0.0744791671875 0.9245370375 0.0744791671875 0.9666666671874999 0.1125 0.9666666671874999 0.1505208328125 0.9666666671874999
0 0.6072916671875 0.9731481484375 0.6072916671875 0.928240740625 0.6072916671875 0.8833333328125 0.5809895828125 0.8833333328125 0.5546875 0.8833333328125 0.5546875 0.928240740625 0.5546875 0.9731481484375 0.5809895828125 0.9731481484375 0.6072916671875 0.9731481484375
0 0.6385416671875 0.740740740625 0.6385416671875 0.70694444375 0.6385416671875 0.6731481484375 0.6203125 0.6731481484375 0.6020833328124999 0.6731481484375 0.6020833328124999 0.70694444375 0.6020833328124999 0.740740740625 0.6203125 0.740740740625 0.6385416671875 0.740740740625
0 0.3802083328125 0.7018518515625 0.3802083328125 0.6754629624999999 0.3802083328125 0.6490740734375 0.3658854171875 0.6490740734375 0.3515625 0.6490740734375 0.3515625 0.6754629624999999 0.3515625 0.7018518515625 0.3658854171875 0.7018518515625 0.3802083328125 0.7018518515625
0 0.5244791671875 0.5305555562500001 0.5244791671875 0.5041666671875 0.5244791671875 0.477777778125 0.5083333328124999 0.477777778125 0.4921875 0.477777778125 0.4921875 0.5041666671875 0.4921875 0.5305555562500001 0.5083333328124999 0.5305555562500001 0.5244791671875 0.5305555562500001
0 0.6067708328125 0.5 0.6067708328125 0.4800925921875 0.6067708328125 0.4601851859375 0.59296875 0.4601851859375 0.5791666671875 0.4601851859375 0.5791666671875 0.4800925921875 0.5791666671875 0.5 0.59296875 0.5 0.6067708328125 0.5
0 0.45416666718750004 0.45370370312499997 0.45416666718750004 0.43379629687500004 0.45416666718750004 0.4138888890625 0.44296875 0.4138888890625 0.43177083281249995 0.4138888890625 0.43177083281249995 0.43379629687500004 0.43177083281249995 0.45370370312499997 0.44296875 0.45370370312499997 0.45416666718750004 0.45370370312499997
0 0.31979166718749996 0.6768518515624999 0.31979166718749996 0.646759259375 0.31979166718749996 0.6166666671875001 0.30416666718749996 0.6166666671875001 0.28854166718749996 0.6166666671875001 0.28854166718749996 0.646759259375 0.28854166718749996 0.6768518515624999 0.30416666718749996 0.6768518515624999 0.31979166718749996 0.6768518515624999
0 0.3578125 0.628703703125 0.3578125 0.60601851875 0.3578125 0.5833333328125 0.34765625 0.5833333328125 0.3375 0.5833333328125 0.3375 0.60601851875 0.3375 0.628703703125 0.34765625 0.628703703125 0.3578125 0.628703703125
0 0.28958333281250004 0.5944444437499999 0.28958333281250004 0.5606481484375 0.28958333281250004 0.5268518515625 0.2674479171875 0.5268518515625 0.2453125 0.5268518515625 0.2453125 0.5606481484375 0.2453125 0.5944444437499999 0.2674479171875 0.5944444437499999 0.28958333281250004 0.5944444437499999
0 0.2828125 0.4888888890625 0.2828125 0.46898148125 0.2828125 0.44907407343749994 0.26510416718749996 0.44907407343749994 0.24739583281250002 0.44907407343749994 0.24739583281250002 0.46898148125 0.24739583281250002 0.4888888890625 0.26510416718749996 0.4888888890625 0.2828125 0.4888888890625