0 0.6010416671875001 0.271296296875 0.6010416671875001 0.2379629625 0.6010416671875001 0.2046296296875 0.58203125 0.2046296296875 0.5630208328124999 0.2046296296875 0.5630208328124999 0.2379629625 0.5630208328124999 0.271296296875 0.58203125 0.271296296875 0.6010416671875001 0.271296296875
0 0.6369791671875 0.2629629625 0.6369791671875 0.22407407343750002 0.6369791671875 0.1851851859375 0.615625 0.1851851859375 0.5942708328124999 0.1851851859375 0.5942708328124999 0.22407407343750002 0.5942708328124999 0.2629629625 0.615625 0.2629629625 0.6369791671875 0.2629629625
0 0.1838541671875 0.89444444375 0.1838541671875 0.85555555625 0.1838541671875 0.8166666671874999 0.16484375 0.8166666671874999 0.1458333328125 0.8166666671874999 0.1458333328125 0.85555555625 0.1458333328125 0.89444444375 0.16484375 0.89444444375 0.1838541671875 0.89444444375
0 1 0.4148148140625 0.9768229171874999 0.4148148140625 0.9536458328125 0.4148148140625 0.9536458328125 0.45046296249999995 0.9536458328125 0.4861111109375 0.9768229171874999 0.4861111109375 1 0.4861111109375 1 0.45046296249999995 1 0.4148148140625
0 1 0.2851851859375 0.9815104171875 0.2851851859375 0.9630208328125001 0.2851851859375 0.9630208328125001 0.34722222187499996 0.9630208328125001 0.409259259375 0.9815104171875 0.409259259375 1 0.409259259375 1 0.34722222187499996 1 0.2851851859375
0 0.7265625 0.41851851875 0.7265625 0.38240740781250004 0.7265625 0.34629629687499996 0.7036458328124999 0.34629629687499996 0.6807291671875 0.34629629687499996 0.6807291671875 0.38240740781250004 0.6807291671875 0.41851851875 0.7036458328124999 0.41851851875 0.7265625 0.41851851875
0 0.7708333328125 0.32685185156249996 0.7708333328125 0.29907407343750003 0.7708333328125 0.271296296875 0.7518229171875 0.271296296875 0.7328125 0.271296296875 0.7328125 0.29907407343750003 0.7328125 0.32685185156249996 0.7518229171875 0.32685185156249996 0.7708333328125 0.32685185156249996
0 0.7484375 0.24907407343750002 0.7484375 0.21851851875 0.7484375 0.1879629625 0.7276041671875 0.1879629625 0.7067708328125 0.1879629625 0.7067708328125 0.21851851875 0.7067708328125 0.24907407343750002 0.7276041671875 0.24907407343750002 0.7484375 0.24907407343750002
1 0.4270833328125 0.5833333328125 0.4270833328125 0.5555555562500001 0.4270833328125 0.527777778125 0.4 0.527777778125 0.3729166671875 0.527777778125 0.3729166671875 0.5555555562500001 0.3729166671875 0.5833333328125 0.4 0.5833333328125 0.4270833328125 0.5833333328125
1 0.51875 1 0.51875 0.9398148140625 0.51875 0.8796296296874999 0.49427083281249995 0.8796296296874999 0.46979166718750004 0.8796296296874999 0.46979166718750004 0.9398148140625 0.46979166718750004 1 0.49427083281249995 1 0.51875 1
1 0.48229166718750005 1 0.48229166718750005 0.9254629624999999 0.48229166718750005 0.8509259265625 0.4614583328125 0.8509259265625 0.440625 0.8509259265625 0.440625 0.9254629624999999 0.440625 1 0.4614583328125 1 0.48229166718750005 1