3 0.42395833281249995 0.5018518515625 0.42395833281249995 0.4796296296875 0.42395833281249995 0.4574074078125 0.4018229171875 0.4574074078125 0.3796875 0.4574074078125 0.3796875 0.4796296296875 0.3796875 0.5018518515625 0.4018229171875 0.5018518515625 0.42395833281249995 0.5018518515625
3 0.5109375 0.865740740625 0.5109375 0.8101851859375 0.5109375 0.7546296296875 0.47760416718750004 0.7546296296875 0.44427083281249996 0.7546296296875 0.44427083281249996 0.8101851859375 0.44427083281249996 0.865740740625 0.47760416718750004 0.865740740625 0.5109375 0.865740740625
0 0.5119791671875 0.0953703703125 0.5119791671875 0.0800925921875 0.5119791671875 0.0648148140625 0.5013020828125 0.0648148140625 0.490625 0.0648148140625 0.490625 0.0800925921875 0.490625 0.0953703703125 0.5013020828125 0.0953703703125 0.5119791671875 0.0953703703125
0 0.6046875 0.1148148140625 0.6046875 0.09675925937499999 0.6046875 0.078703703125 0.5955729171875 0.078703703125 0.5864583328124999 0.078703703125 0.5864583328124999 0.09675925937499999 0.5864583328124999 0.1148148140625 0.5955729171875 0.1148148140625 0.6046875 0.1148148140625
0 0.58125 0.1648148140625 0.58125 0.1453703703125 0.58125 0.12592592656249998 0.56875 0.12592592656249998 0.55625 0.12592592656249998 0.55625 0.1453703703125 0.55625 0.1648148140625 0.56875 0.1648148140625 0.58125 0.1648148140625
0 0.475 0.14351851875 0.475 0.11805555625 0.475 0.0925925921875 0.46484375 0.0925925921875 0.4546875 0.0925925921875 0.4546875 0.11805555625 0.4546875 0.14351851875 0.46484375 0.14351851875 0.475 0.14351851875
0 0.3645833328125 0.3129629625 0.3645833328125 0.2888888890625 0.3645833328125 0.2648148140625 0.3502604171875 0.2648148140625 0.3359375 0.2648148140625 0.3359375 0.2888888890625 0.3359375 0.3129629625 0.3502604171875 0.3129629625 0.3645833328125 0.3129629625
0 0.3859375 0.36666666718749996 0.3859375 0.3416666671875 0.3859375 0.3166666671875 0.3692708328125 0.3166666671875 0.3526041671875 0.3166666671875 0.3526041671875 0.3416666671875 0.3526041671875 0.36666666718749996 0.3692708328125 0.36666666718749996 0.3859375 0.36666666718749996
0 0.3140625 0.665740740625 0.3140625 0.646296296875 0.3140625 0.6268518515625 0.2989583328125 0.6268518515625 0.2838541671875 0.6268518515625 0.2838541671875 0.646296296875 0.2838541671875 0.665740740625 0.2989583328125 0.665740740625 0.3140625 0.665740740625
0 0.365625 0.584259259375 0.365625 0.5615740734375 0.365625 0.5388888890625 0.35078125 0.5388888890625 0.3359375 0.5388888890625 0.3359375 0.5615740734375 0.3359375 0.584259259375 0.35078125 0.584259259375 0.365625 0.584259259375
0 0.7572916671875001 0.4481481484375 0.7572916671875001 0.42083333281249996 0.7572916671875001 0.39351851875 0.7401041671875 0.39351851875 0.7229166671875 0.39351851875 0.7229166671875 0.42083333281249996 0.7229166671875 0.4481481484375 0.7401041671875 0.4481481484375 0.7572916671875001 0.4481481484375
0 0.9114583328125001 0.5287037031249999 0.9114583328125001 0.4981481484375 0.9114583328125001 0.4675925921875 0.8934895828125 0.4675925921875 0.8755208328125 0.4675925921875 0.8755208328125 0.4981481484375 0.8755208328125 0.5287037031249999 0.8934895828125 0.5287037031249999 0.9114583328125001 0.5287037031249999
0 0.79375 0.5851851859375 0.79375 0.55601851875 0.79375 0.5268518515625 0.7705729171875 0.5268518515625 0.7473958328125 0.5268518515625 0.7473958328125 0.55601851875 0.7473958328125 0.5851851859375 0.7705729171875 0.5851851859375 0.79375 0.5851851859375
0 0.7088541671875 0.6953703703125 0.7088541671875 0.6620370375 0.7088541671875 0.628703703125 0.6830729171875001 0.628703703125 0.6572916671875 0.628703703125 0.6572916671875 0.6620370375 0.6572916671875 0.6953703703125 0.6830729171875001 0.6953703703125 0.7088541671875 0.6953703703125
0 0.3135416671875 0.95555555625 0.3135416671875 0.9078703703125001 0.3135416671875 0.8601851859374999 0.2877604171875 0.8601851859374999 0.2619791671875 0.8601851859374999 0.2619791671875 0.9078703703125001 0.2619791671875 0.95555555625 0.2877604171875 0.95555555625 0.3135416671875 0.95555555625