3 0.9932291671875 0.509259259375 0.9932291671875 0.46666666718750005 0.9932291671875 0.4240740734375 0.940625 0.4240740734375 0.8880208328125001 0.4240740734375 0.8880208328125001 0.46666666718750005 0.8880208328125001 0.509259259375 0.940625 0.509259259375 0.9932291671875 0.509259259375
3 0.41875 0.35925925937500003 0.41875 0.3236111109375 0.41875 0.28796296250000003 0.3958333328125 0.28796296250000003 0.3729166671875 0.28796296250000003 0.3729166671875 0.3236111109375 0.3729166671875 0.35925925937500003 0.3958333328125 0.35925925937500003 0.41875 0.35925925937500003
1 0.5619791671875001 0.42870370312499995 0.5619791671875001 0.3986111109375 0.5619791671875001 0.36851851875 0.5098958328125 0.36851851875 0.4578125 0.36851851875 0.4578125 0.3986111109375 0.4578125 0.42870370312499995 0.5098958328125 0.42870370312499995 0.5619791671875001 0.42870370312499995
1 0.3619791671875 0.6101851859375 0.3619791671875 0.565277778125 0.3619791671875 0.5203703703125 0.3049479171875 0.5203703703125 0.2479166671875 0.5203703703125 0.2479166671875 0.565277778125 0.2479166671875 0.6101851859375 0.3049479171875 0.6101851859375 0.3619791671875 0.6101851859375
0 0.2401041671875 0.4 0.2401041671875 0.375 0.2401041671875 0.35 0.22109375 0.35 0.20208333281250002 0.35 0.20208333281250002 0.375 0.20208333281250002 0.4 0.22109375 0.4 0.2401041671875 0.4
0 0.6307291671875 0.058333332812500006 0.6307291671875 0.0296296296875 0.6307291671875 0.0009259265625 0.615625 0.0009259265625 0.6005208328125 0.0009259265625 0.6005208328125 0.0296296296875 0.6005208328125 0.058333332812500006 0.615625 0.058333332812500006 0.6307291671875 0.058333332812500006
0 0.8244791671874999 0.1453703703125 0.8244791671874999 0.10370370312499999 0.8244791671874999 0.0620370375 0.80078125 0.0620370375 0.7770833328125 0.0620370375 0.7770833328125 0.10370370312499999 0.7770833328125 0.1453703703125 0.80078125 0.1453703703125 0.8244791671874999 0.1453703703125
0 0.8526041671875 0.225 0.8526041671875 0.1875 0.8526041671875 0.15 0.8328125 0.15 0.8130208328125 0.15 0.8130208328125 0.1875 0.8130208328125 0.225 0.8328125 0.225 0.8526041671875 0.225
0 0.8765625 0.6731481484375 0.8765625 0.6273148140625 0.8765625 0.58148148125 0.85078125 0.58148148125 0.825 0.58148148125 0.825 0.6273148140625 0.825 0.6731481484375 0.85078125 0.6731481484375 0.8765625 0.6731481484375
0 0.7932291671875 0.8138888890624999 0.7932291671875 0.7791666671875 0.7932291671875 0.74444444375 0.7708333328125 0.74444444375 0.7484375 0.74444444375 0.7484375 0.7791666671875 0.7484375 0.8138888890624999 0.7708333328125 0.8138888890624999 0.7932291671875 0.8138888890624999
0 0.0958333328125 0.9111111109375001 0.0958333328125 0.872222221875 0.0958333328125 0.8333333328125001 0.07473958281250001 0.8333333328125001 0.0536458328125 0.8333333328125001 0.0536458328125 0.872222221875 0.0536458328125 0.9111111109375001 0.07473958281250001 0.9111111109375001 0.0958333328125 0.9111111109375001
0 0.29375 0.9166666671874999 0.29375 0.8680555562500001 0.29375 0.8194444437499999 0.26015625 0.8194444437499999 0.2265625 0.8194444437499999 0.2265625 0.8680555562500001 0.2265625 0.9166666671874999 0.26015625 0.9166666671874999 0.29375 0.9166666671874999