0 0.8552083328125001 0.559259259375 0.8552083328125001 0.5236111109375 0.8552083328125001 0.4879629625 0.8333333328125001 0.4879629625 0.8114583328125 0.4879629625 0.8114583328125 0.5236111109375 0.8114583328125 0.559259259375 0.8333333328125001 0.559259259375 0.8552083328125001 0.559259259375
0 0.7020833328125 0.24814814843750002 0.7020833328125 0.23518518593749999 0.7020833328125 0.222222221875 0.6921875 0.222222221875 0.6822916671875 0.222222221875 0.6822916671875 0.23518518593749999 0.6822916671875 0.24814814843750002 0.6921875 0.24814814843750002 0.7020833328125 0.24814814843750002
0 0.6697916671875 0.28055555625 0.6697916671875 0.2606481484375 0.6697916671875 0.240740740625 0.65859375 0.240740740625 0.6473958328125 0.240740740625 0.6473958328125 0.2606481484375 0.6473958328125 0.28055555625 0.65859375 0.28055555625 0.6697916671875 0.28055555625
0 0.8380208328125001 0.29814814843750004 0.8380208328125001 0.275 0.8380208328125001 0.2518518515625 0.821875 0.2518518515625 0.8057291671875 0.2518518515625 0.8057291671875 0.275 0.8057291671875 0.29814814843750004 0.821875 0.29814814843750004 0.8380208328125001 0.29814814843750004
0 0.20052083281250002 0.953703703125 0.20052083281250002 0.9300925921875001 0.20052083281250002 0.9064814812499999 0.1856770828125 0.9064814812499999 0.1708333328125 0.9064814812499999 0.1708333328125 0.9300925921875001 0.1708333328125 0.953703703125 0.1856770828125 0.953703703125 0.20052083281250002 0.953703703125
0 0.596875 0.3990740734375 0.596875 0.3768518515625 0.596875 0.3546296296875 0.5848958328125 0.3546296296875 0.5729166671875 0.3546296296875 0.5729166671875 0.3768518515625 0.5729166671875 0.3990740734375 0.5848958328125 0.3990740734375 0.596875 0.3990740734375
0 0.553125 0.659259259375 0.553125 0.6356481484375001 0.553125 0.6120370375 0.5390625 0.6120370375 0.525 0.6120370375 0.525 0.6356481484375001 0.525 0.659259259375 0.5390625 0.659259259375 0.553125 0.659259259375
0 0.5598958328125 0.8462962968750001 0.5598958328125 0.8078703703125001 0.5598958328125 0.76944444375 0.5395833328124999 0.76944444375 0.5192708328125 0.76944444375 0.5192708328125 0.8078703703125001 0.5192708328125 0.8462962968750001 0.5395833328124999 0.8462962968750001 0.5598958328125 0.8462962968750001
0 0.7583333328124999 0.8583333328125 0.7583333328124999 0.80601851875 0.7583333328124999 0.753703703125 0.72265625 0.753703703125 0.6869791671875001 0.753703703125 0.6869791671875001 0.80601851875 0.6869791671875001 0.8583333328125 0.72265625 0.8583333328125 0.7583333328124999 0.8583333328125
0 0.8286458328125 0.9509259265625 0.8286458328125 0.9050925921875 0.8286458328125 0.859259259375 0.7989583328125 0.859259259375 0.7692708328125 0.859259259375 0.7692708328125 0.9050925921875 0.7692708328125 0.9509259265625 0.7989583328125 0.9509259265625 0.8286458328125 0.9509259265625
0 0.7442708328125 1 0.7442708328125 0.9444444437499999 0.7442708328125 0.8888888890625 0.7065104171875001 0.8888888890625 0.66875 0.8888888890625 0.66875 0.9444444437499999 0.66875 1 0.7065104171875001 1 0.7442708328125 1
0 0.6645833328124999 0.9990740734375001 0.6645833328124999 0.946759259375 0.6645833328124999 0.89444444375 0.634375 0.89444444375 0.6041666671875 0.89444444375 0.6041666671875 0.946759259375 0.6041666671875 0.9990740734375001 0.634375 0.9990740734375001 0.6645833328124999 0.9990740734375001
0 0.6286458328125 0.9472222218749999 0.6286458328125 0.9023148140625 0.6286458328125 0.8574074078124999 0.6049479171875001 0.8574074078124999 0.58125 0.8574074078124999 0.58125 0.9023148140625 0.58125 0.9472222218749999 0.6049479171875001 0.9472222218749999 0.6286458328125 0.9472222218749999