0 0.6989583328125 0.33888888906250003 0.6989583328125 0.31898148125 0.6989583328125 0.29907407343750003 0.6841145828124999 0.29907407343750003 0.6692708328125 0.29907407343750003 0.6692708328125 0.31898148125 0.6692708328125 0.33888888906250003 0.6841145828124999 0.33888888906250003 0.6989583328125 0.33888888906250003
0 0.83125 0.6083333328125 0.83125 0.584259259375 0.83125 0.5601851859375 0.8190104171874999 0.5601851859375 0.8067708328125001 0.5601851859375 0.8067708328125001 0.584259259375 0.8067708328125001 0.6083333328125 0.8190104171874999 0.6083333328125 0.83125 0.6083333328125
0 0.5671875 0.2259259265625 0.5671875 0.20231481406250001 0.5671875 0.178703703125 0.5559895828125 0.178703703125 0.5447916671875 0.178703703125 0.5447916671875 0.20231481406250001 0.5447916671875 0.2259259265625 0.5559895828125 0.2259259265625 0.5671875 0.2259259265625
2 0.4703125 0.5944444437499999 0.4703125 0.5759259265625001 0.4703125 0.5574074078125 0.46119791718750003 0.5574074078125 0.45208333281249996 0.5574074078125 0.45208333281249996 0.5759259265625001 0.45208333281249996 0.5944444437499999 0.46119791718750003 0.5944444437499999 0.4703125 0.5944444437499999
2 0.046875 0.634259259375 0.046875 0.5981481484375 0.046875 0.5620370375 0.0236979171875 0.5620370375 0.0005208328124999999 0.5620370375 0.0005208328124999999 0.5981481484375 0.0005208328124999999 0.634259259375 0.0236979171875 0.634259259375 0.046875 0.634259259375
0 0.20052083281250002 0.9472222218749999 0.20052083281250002 0.85648148125 0.20052083281250002 0.765740740625 0.1380208328125 0.765740740625 0.07552083281250001 0.765740740625 0.07552083281250001 0.85648148125 0.07552083281250001 0.9472222218749999 0.1380208328125 0.9472222218749999 0.20052083281250002 0.9472222218749999
0 0.1296875 0.4574074078125 0.1296875 0.4129629625 0.1296875 0.36851851875 0.08984375 0.36851851875 0.05 0.36851851875 0.05 0.4129629625 0.05 0.4574074078125 0.08984375 0.4574074078125 0.1296875 0.4574074078125
0 0.0875 0.5351851859375001 0.0875 0.490740740625 0.0875 0.44629629687500005 0.06380208281250001 0.44629629687500005 0.0401041671875 0.44629629687500005 0.0401041671875 0.490740740625 0.0401041671875 0.5351851859375001 0.06380208281250001 0.5351851859375001 0.0875 0.5351851859375001
0 0.5765625 0.5370370375 0.5765625 0.4981481484375 0.5765625 0.459259259375 0.55390625 0.459259259375 0.53125 0.459259259375 0.53125 0.4981481484375 0.53125 0.5370370375 0.55390625 0.5370370375 0.5765625 0.5370370375
0 0.7109375 0.65 0.7109375 0.6231481484375 0.7109375 0.5962962968750001 0.6966145828125 0.5962962968750001 0.6822916671875 0.5962962968750001 0.6822916671875 0.6231481484375 0.6822916671875 0.65 0.6966145828125 0.65 0.7109375 0.65
0 0.6921875 0.609259259375 0.6921875 0.575 0.6921875 0.540740740625 0.6736979171875 0.540740740625 0.6552083328125 0.540740740625 0.6552083328125 0.575 0.6552083328125 0.609259259375 0.6736979171875 0.609259259375 0.6921875 0.609259259375
0 0.4640625 0.3203703703125 0.4640625 0.30046296250000004 0.4640625 0.28055555625 0.45104166718750005 0.28055555625 0.4380208328125 0.28055555625 0.4380208328125 0.30046296250000004 0.4380208328125 0.3203703703125 0.45104166718750005 0.3203703703125 0.4640625 0.3203703703125
0 0.1682291671875 0.28055555625 0.1682291671875 0.2453703703125 0.1682291671875 0.2101851859375 0.14375 0.2101851859375 0.11927083281249999 0.2101851859375 0.11927083281249999 0.2453703703125 0.11927083281249999 0.28055555625 0.14375 0.28055555625 0.1682291671875 0.28055555625
0 0.0302083328125 0.2009259265625 0.0302083328125 0.16805555625 0.0302083328125 0.1351851859375 0.0153645828125 0.1351851859375 0.0005208328124999999 0.1351851859375 0.0005208328124999999 0.16805555625 0.0005208328124999999 0.2009259265625 0.0153645828125 0.2009259265625 0.0302083328125 0.2009259265625
1 0.43072916718750004 0.628703703125 0.43072916718750004 0.5449074078125 0.43072916718750004 0.4611111109375 0.37265625 0.4611111109375 0.3145833328125 0.4611111109375 0.3145833328125 0.5449074078125 0.3145833328125 0.628703703125 0.37265625 0.628703703125 0.43072916718750004 0.628703703125
1 0.5348958328125 1 0.5348958328125 0.9671296296874999 0.5348958328125 0.934259259375 0.490625 0.934259259375 0.44635416718750004 0.934259259375 0.44635416718750004 0.9671296296874999 0.44635416718750004 1 0.490625 1 0.5348958328125 1