0 0.5203125 0.6101851859375 0.5203125 0.5745370375000001 0.5203125 0.5388888890625 0.49635416718750003 0.5388888890625 0.47239583281249997 0.5388888890625 0.47239583281249997 0.5745370375000001 0.47239583281249997 0.6101851859375 0.49635416718750003 0.6101851859375 0.5203125 0.6101851859375
0 0.58125 0.44629629687500005 0.58125 0.4175925921875 0.58125 0.3888888890625 0.56015625 0.3888888890625 0.5390625 0.3888888890625 0.5390625 0.4175925921875 0.5390625 0.44629629687500005 0.56015625 0.44629629687500005 0.58125 0.44629629687500005
0 0.575 0.4888888890625 0.575 0.4606481484375 0.575 0.43240740781250003 0.5528645828125 0.43240740781250003 0.5307291671875001 0.43240740781250003 0.5307291671875001 0.4606481484375 0.5307291671875001 0.4888888890625 0.5528645828125 0.4888888890625 0.575 0.4888888890625
0 0.6302083328125 0.48055555625 0.6302083328125 0.43981481406249995 0.6302083328125 0.3990740734375 0.6002604171875 0.3990740734375 0.5703125 0.3990740734375 0.5703125 0.43981481406249995 0.5703125 0.48055555625 0.6002604171875 0.48055555625 0.6302083328125 0.48055555625
0 0.6645833328124999 0.534259259375 0.6645833328124999 0.4824074078125 0.6645833328124999 0.43055555625 0.6333333328124999 0.43055555625 0.6020833328124999 0.43055555625 0.6020833328124999 0.4824074078125 0.6020833328124999 0.534259259375 0.6333333328124999 0.534259259375 0.6645833328124999 0.534259259375
0 0.7510416671875 0.5240740734375 0.7510416671875 0.4995370375 0.7510416671875 0.475 0.728125 0.475 0.7052083328125 0.475 0.7052083328125 0.4995370375 0.7052083328125 0.5240740734375 0.728125 0.5240740734375 0.7510416671875 0.5240740734375
0 0.6729166671875 0.7175925921874999 0.6729166671875 0.6523148140624999 0.6729166671875 0.5870370375 0.6255208328124999 0.5870370375 0.578125 0.5870370375 0.578125 0.6523148140624999 0.578125 0.7175925921874999 0.6255208328124999 0.7175925921874999 0.6729166671875 0.7175925921874999
0 0.5442708328125 0.7490740734375 0.5442708328125 0.7185185187500001 0.5442708328125 0.6879629625 0.5174479171875 0.6879629625 0.490625 0.6879629625 0.490625 0.7185185187500001 0.490625 0.7490740734375 0.5174479171875 0.7490740734375 0.5442708328125 0.7490740734375
0 0.4578125 0.9824074078124999 0.4578125 0.915277778125 0.4578125 0.8481481484375 0.42395833281249995 0.8481481484375 0.39010416718749996 0.8481481484375 0.39010416718749996 0.915277778125 0.39010416718749996 0.9824074078124999 0.42395833281249995 0.9824074078124999 0.4578125 0.9824074078124999
0 0.3348958328125 0.578703703125 0.3348958328125 0.5518518515624999 0.3348958328125 0.525 0.3096354171875 0.525 0.284375 0.525 0.284375 0.5518518515624999 0.284375 0.578703703125 0.3096354171875 0.578703703125 0.3348958328125 0.578703703125
3 0.51875 0.50555555625 0.51875 0.47222222187499996 0.51875 0.4388888890625 0.48333333281249996 0.4388888890625 0.4479166671875 0.4388888890625 0.4479166671875 0.47222222187499996 0.4479166671875 0.50555555625 0.48333333281249996 0.50555555625 0.51875 0.50555555625
3 0.6104166671875 0.5879629625 0.6104166671875 0.5333333328125 0.6104166671875 0.478703703125 0.5638020828125 0.478703703125 0.5171875 0.478703703125 0.5171875 0.5333333328125 0.5171875 0.5879629625 0.5638020828125 0.5879629625 0.6104166671875 0.5879629625
3 0.5567708328125 0.684259259375 0.5567708328125 0.6347222218749999 0.5567708328125 0.5851851859375 0.5197916671875 0.5851851859375 0.4828125 0.5851851859375 0.4828125 0.6347222218749999 0.4828125 0.684259259375 0.5197916671875 0.684259259375 0.5567708328125 0.684259259375
3 0.6333333328124999 0.6583333328125 0.6333333328124999 0.60601851875 0.6333333328124999 0.553703703125 0.5940104171875 0.553703703125 0.5546875 0.553703703125 0.5546875 0.60601851875 0.5546875 0.6583333328125 0.5940104171875 0.6583333328125 0.6333333328124999 0.6583333328125
3 0.6963541671875 0.603703703125 0.6963541671875 0.5722222218749999 0.6963541671875 0.540740740625 0.6614583328125 0.540740740625 0.6265625 0.540740740625 0.6265625 0.5722222218749999 0.6265625 0.603703703125 0.6614583328125 0.603703703125 0.6963541671875 0.603703703125
3 0.6192708328125 0.840740740625 0.6192708328125 0.7791666671875 0.6192708328125 0.7175925921874999 0.56484375 0.7175925921874999 0.5104166671875 0.7175925921874999 0.5104166671875 0.7791666671875 0.5104166671875 0.840740740625 0.56484375 0.840740740625 0.6192708328125 0.840740740625
3 0.45625 0.8666666671875 0.45625 0.8268518515625001 0.45625 0.7870370375 0.42005208281249995 0.7870370375 0.3838541671875 0.7870370375 0.3838541671875 0.8268518515625001 0.3838541671875 0.8666666671875 0.42005208281249995 0.8666666671875 0.45625 0.8666666671875
3 0.5479166671875 0.997222221875 0.5479166671875 0.8976851859374999 0.5479166671875 0.7981481484375 0.49895833281249996 0.7981481484375 0.45 0.7981481484375 0.45 0.8976851859374999 0.45 0.997222221875 0.49895833281249996 0.997222221875 0.5479166671875 0.997222221875