0 0.9135416671875 0.4601851859375 0.9135416671875 0.4356481484375 0.9135416671875 0.41111111093749997 0.89375 0.41111111093749997 0.8739583328125 0.41111111093749997 0.8739583328125 0.4356481484375 0.8739583328125 0.4601851859375 0.89375 0.4601851859375 0.9135416671875 0.4601851859375
0 0.9354166671874999 0.48518518593750004 0.9354166671874999 0.4606481484375 0.9354166671874999 0.4361111109375 0.9213541671875 0.4361111109375 0.9072916671875 0.4361111109375 0.9072916671875 0.4606481484375 0.9072916671875 0.48518518593750004 0.9213541671875 0.48518518593750004 0.9354166671874999 0.48518518593750004
0 0.7692708328125 0.43981481406249995 0.7692708328125 0.41944444374999995 0.7692708328125 0.3990740734375 0.75625 0.3990740734375 0.7432291671875 0.3990740734375 0.7432291671875 0.41944444374999995 0.7432291671875 0.43981481406249995 0.75625 0.43981481406249995 0.7692708328125 0.43981481406249995
0 0.7895833328124999 0.5138888890625 0.7895833328124999 0.48842592656250006 0.7895833328124999 0.46296296249999996 0.7731770828125 0.46296296249999996 0.7567708328125 0.46296296249999996 0.7567708328125 0.48842592656250006 0.7567708328125 0.5138888890625 0.7731770828125 0.5138888890625 0.7895833328124999 0.5138888890625
0 0.6161458328125 0.521296296875 0.6161458328125 0.49629629687500004 0.6161458328125 0.471296296875 0.6033854171875 0.471296296875 0.590625 0.471296296875 0.590625 0.49629629687500004 0.590625 0.521296296875 0.6033854171875 0.521296296875 0.6161458328125 0.521296296875
0 0.5380208328125 0.63055555625 0.5380208328125 0.6018518515625 0.5380208328125 0.5731481484375001 0.5200520828124999 0.5731481484375001 0.5020833328125 0.5731481484375001 0.5020833328125 0.6018518515625 0.5020833328125 0.63055555625 0.5200520828124999 0.63055555625 0.5380208328125 0.63055555625
3 0.846875 0.75648148125 0.846875 0.7208333328125 0.846875 0.6851851859375 0.8203125 0.6851851859375 0.79375 0.6851851859375 0.79375 0.7208333328125 0.79375 0.75648148125 0.8203125 0.75648148125 0.846875 0.75648148125
3 0.5984375 1 0.5984375 0.9708333328125001 0.5984375 0.9416666671874999 0.5643229171875 0.9416666671874999 0.5302083328125 0.9416666671874999 0.5302083328125 0.9708333328125001 0.5302083328125 1 0.5643229171875 1 0.5984375 1
1 0.4760416671875 1 0.4760416671875 0.9546296296874999 0.4760416671875 0.909259259375 0.42552083281249997 0.909259259375 0.375 0.909259259375 0.375 0.9546296296874999 0.375 1 0.42552083281249997 1 0.4760416671875 1
0 0.3817708328125 0.9916666671875 0.3817708328125 0.9615740734375 0.3817708328125 0.93148148125 0.3643229171875 0.93148148125 0.346875 0.93148148125 0.346875 0.9615740734375 0.346875 0.9916666671875 0.3643229171875 0.9916666671875 0.3817708328125 0.9916666671875
0 0.49791666718750005 0.809259259375 0.49791666718750005 0.7810185187500001 0.49791666718750005 0.752777778125 0.4770833328125 0.752777778125 0.45625 0.752777778125 0.45625 0.7810185187500001 0.45625 0.809259259375 0.4770833328125 0.809259259375 0.49791666718750005 0.809259259375