1 0.41614583281249995 0.1833333328125 0.41614583281249995 0.1601851859375 0.41614583281249995 0.13703703750000001 0.39609375 0.13703703750000001 0.3760416671875 0.13703703750000001 0.3760416671875 0.1601851859375 0.3760416671875 0.1833333328125 0.39609375 0.1833333328125 0.41614583281249995 0.1833333328125
0 0.6802083328124999 0.2138888890625 0.6802083328124999 0.1925925921875 0.6802083328124999 0.171296296875 0.6653645828125 0.171296296875 0.6505208328125 0.171296296875 0.6505208328125 0.1925925921875 0.6505208328125 0.2138888890625 0.6653645828125 0.2138888890625 0.6802083328124999 0.2138888890625
0 0.634375 0.175 0.634375 0.15370370312499998 0.634375 0.1324074078125 0.6203125 0.1324074078125 0.60625 0.1324074078125 0.60625 0.15370370312499998 0.60625 0.175 0.6203125 0.175 0.634375 0.175
0 0.95 0.26851851875 0.95 0.2453703703125 0.95 0.222222221875 0.9309895828125001 0.222222221875 0.9119791671874999 0.222222221875 0.9119791671874999 0.2453703703125 0.9119791671874999 0.26851851875 0.9309895828125001 0.26851851875 0.95 0.26851851875
0 0.9828125 0.3648148140625 0.9828125 0.3300925921875 0.9828125 0.2953703703125 0.9611979171874999 0.2953703703125 0.9395833328125001 0.2953703703125 0.9395833328125001 0.3300925921875 0.9395833328125001 0.3648148140625 0.9611979171874999 0.3648148140625 0.9828125 0.3648148140625
0 0.7328125 0.3009259265625 0.7328125 0.2773148140625 0.7328125 0.253703703125 0.7151041671875 0.253703703125 0.6973958328125 0.253703703125 0.6973958328125 0.2773148140625 0.6973958328125 0.3009259265625 0.7151041671875 0.3009259265625 0.7328125 0.3009259265625
0 0.5708333328124999 0.2175925921875 0.5708333328124999 0.19583333281249998 0.5708333328124999 0.1740740734375 0.5559895828125 0.1740740734375 0.5411458328125 0.1740740734375 0.5411458328125 0.19583333281249998 0.5411458328125 0.2175925921875 0.5559895828125 0.2175925921875 0.5708333328124999 0.2175925921875
0 0.603125 0.3138888890625 0.603125 0.28148148125 0.603125 0.24907407343750002 0.5859375 0.24907407343750002 0.56875 0.24907407343750002 0.56875 0.28148148125 0.56875 0.3138888890625 0.5859375 0.3138888890625 0.603125 0.3138888890625
0 0.6546875 0.4453703703125 0.6546875 0.40277777812500004 0.6546875 0.3601851859375 0.63046875 0.3601851859375 0.60625 0.3601851859375 0.60625 0.40277777812500004 0.60625 0.4453703703125 0.63046875 0.4453703703125 0.6546875 0.4453703703125
0 0.7072916671875 0.734259259375 0.7072916671875 0.6796296296875 0.7072916671875 0.625 0.6794270828125 0.625 0.6515625 0.625 0.6515625 0.6796296296875 0.6515625 0.734259259375 0.6794270828125 0.734259259375 0.7072916671875 0.734259259375
0 0.25052083281250004 0.33148148125 0.25052083281250004 0.308796296875 0.25052083281250004 0.28611111093749997 0.2325520828125 0.28611111093749997 0.21458333281250003 0.28611111093749997 0.21458333281250003 0.308796296875 0.21458333281250003 0.33148148125 0.2325520828125 0.33148148125 0.25052083281250004 0.33148148125
0 0.1458333328125 0.302777778125 0.1458333328125 0.27638888906250003 0.1458333328125 0.25 0.1166666671875 0.25 0.0875 0.25 0.0875 0.27638888906250003 0.0875 0.302777778125 0.1166666671875 0.302777778125 0.1458333328125 0.302777778125
3 0.0875 0.3203703703125 0.0875 0.29444444375 0.0875 0.26851851875 0.056510417187499995 0.26851851875 0.025520832812499998 0.26851851875 0.025520832812499998 0.29444444375 0.025520832812499998 0.3203703703125 0.056510417187499995 0.3203703703125 0.0875 0.3203703703125
3 0.3958333328125 0.2648148140625 0.3958333328125 0.24305555625 0.3958333328125 0.221296296875 0.3609375 0.221296296875 0.3260416671875 0.221296296875 0.3260416671875 0.24305555625 0.3260416671875 0.2648148140625 0.3609375 0.2648148140625 0.3958333328125 0.2648148140625
3 0.9130208328125 0.384259259375 0.9130208328125 0.35925925937500003 0.9130208328125 0.334259259375 0.88125 0.334259259375 0.8494791671874999 0.334259259375 0.8494791671874999 0.35925925937500003 0.8494791671874999 0.384259259375 0.88125 0.384259259375 0.9130208328125 0.384259259375
1 0.8932291671874999 0.28611111093749997 0.8932291671874999 0.2379629625 0.8932291671874999 0.1898148140625 0.8434895828125001 0.1898148140625 0.79375 0.1898148140625 0.79375 0.2379629625 0.79375 0.28611111093749997 0.8434895828125001 0.28611111093749997 0.8932291671874999 0.28611111093749997