2 0.22552083281250002 0.6203703703125 0.22552083281250002 0.5981481484375 0.22552083281250002 0.5759259265625001 0.20729166718749997 0.5759259265625001 0.1890625 0.5759259265625001 0.1890625 0.5981481484375 0.1890625 0.6203703703125 0.20729166718749997 0.6203703703125 0.22552083281250002 0.6203703703125
0 0.5546875 0.3203703703125 0.5546875 0.29907407343750003 0.5546875 0.27777777812500004 0.5408854171875 0.27777777812500004 0.5270833328125 0.27777777812500004 0.5270833328125 0.29907407343750003 0.5270833328125 0.3203703703125 0.5408854171875 0.3203703703125 0.5546875 0.3203703703125
0 0.7796875 0.5481481484375 0.7796875 0.516203703125 0.7796875 0.48425925937500003 0.7627604171875 0.48425925937500003 0.7458333328125 0.48425925937500003 0.7458333328125 0.516203703125 0.7458333328125 0.5481481484375 0.7627604171875 0.5481481484375 0.7796875 0.5481481484375
1 0.7052083328125 1 0.7052083328125 0.9129629625 0.7052083328125 0.8259259265625 0.6346354171875 0.8259259265625 0.5640625 0.8259259265625 0.5640625 0.9129629625 0.5640625 1 0.6346354171875 1 0.7052083328125 1
0 0.3427083328125 0.8240740734375 0.3427083328125 0.7768518515625 0.3427083328125 0.7296296296875 0.3033854171875 0.7296296296875 0.2640625 0.7296296296875 0.2640625 0.7768518515625 0.2640625 0.8240740734375 0.3033854171875 0.8240740734375 0.3427083328125 0.8240740734375
0 0.121875 0.8953703703125001 0.121875 0.8546296296874999 0.121875 0.8138888890624999 0.09296875 0.8138888890624999 0.0640625 0.8138888890624999 0.0640625 0.8546296296874999 0.0640625 0.8953703703125001 0.09296875 0.8953703703125001 0.121875 0.8953703703125001
0 0.09375 0.8240740734375 0.09375 0.75601851875 0.09375 0.6879629625 0.0515625 0.6879629625 0.009375 0.6879629625 0.009375 0.75601851875 0.009375 0.8240740734375 0.0515625 0.8240740734375 0.09375 0.8240740734375
0 0.2619791671875 0.55 0.2619791671875 0.5101851859375001 0.2619791671875 0.4703703703125 0.23723958281250002 0.4703703703125 0.2125 0.4703703703125 0.2125 0.5101851859375001 0.2125 0.55 0.23723958281250002 0.55 0.2619791671875 0.55
0 0.2786458328125 0.4879629625 0.2786458328125 0.4453703703125 0.2786458328125 0.40277777812500004 0.2515625 0.40277777812500004 0.2244791671875 0.40277777812500004 0.2244791671875 0.4453703703125 0.2244791671875 0.4879629625 0.2515625 0.4879629625 0.2786458328125 0.4879629625
0 0.6666666671875 0.50555555625 0.6666666671875 0.4620370375 0.6666666671875 0.41851851875 0.6380208328125 0.41851851875 0.609375 0.41851851875 0.609375 0.4620370375 0.609375 0.50555555625 0.6380208328125 0.50555555625 0.6666666671875 0.50555555625
0 0.1932291671875 0.3009259265625 0.1932291671875 0.2703703703125 0.1932291671875 0.2398148140625 0.1734375 0.2398148140625 0.1536458328125 0.2398148140625 0.1536458328125 0.2703703703125 0.1536458328125 0.3009259265625 0.1734375 0.3009259265625 0.1932291671875 0.3009259265625
0 0.3026041671875 0.33055555625 0.3026041671875 0.29907407343750003 0.3026041671875 0.2675925921875 0.28203125 0.2675925921875 0.2614583328125 0.2675925921875 0.2614583328125 0.29907407343750003 0.2614583328125 0.33055555625 0.28203125 0.33055555625 0.3026041671875 0.33055555625