3 0.2604166671875 1 0.2604166671875 0.9666666671874999 0.2604166671875 0.9333333328125001 0.22786458281250002 0.9333333328125001 0.1953125 0.9333333328125001 0.1953125 0.9666666671874999 0.1953125 1 0.22786458281250002 1 0.2604166671875 1
0 0.33125 0.5351851859375001 0.33125 0.5120370375000001 0.33125 0.4888888890625 0.3182291671875 0.4888888890625 0.30520833281250004 0.4888888890625 0.30520833281250004 0.5120370375000001 0.30520833281250004 0.5351851859375001 0.3182291671875 0.5351851859375001 0.33125 0.5351851859375001
0 0.4244791671875 0.51944444375 0.4244791671875 0.49629629687500004 0.4244791671875 0.4731481484375 0.409375 0.4731481484375 0.3942708328125 0.4731481484375 0.3942708328125 0.49629629687500004 0.3942708328125 0.51944444375 0.409375 0.51944444375 0.4244791671875 0.51944444375
0 0.40052083281249995 0.602777778125 0.40052083281249995 0.5763888890625 0.40052083281249995 0.55 0.3875 0.55 0.37447916718749996 0.55 0.37447916718749996 0.5763888890625 0.37447916718749996 0.602777778125 0.3875 0.602777778125 0.40052083281249995 0.602777778125
0 0.5364583328125 0.6537037031249999 0.5364583328125 0.621296296875 0.5364583328125 0.5888888890625 0.5192708328125 0.5888888890625 0.5020833328125 0.5888888890625 0.5020833328125 0.621296296875 0.5020833328125 0.6537037031249999 0.5192708328125 0.6537037031249999 0.5364583328125 0.6537037031249999
0 0.6286458328125 0.377777778125 0.6286458328125 0.3541666671875 0.6286458328125 0.33055555625 0.6109375 0.33055555625 0.5932291671875001 0.33055555625 0.5932291671875001 0.3541666671875 0.5932291671875001 0.377777778125 0.6109375 0.377777778125 0.6286458328125 0.377777778125
0 0.6567708328124999 0.3083333328125 0.6567708328124999 0.2740740734375 0.6567708328124999 0.2398148140625 0.64296875 0.2398148140625 0.6291666671875 0.2398148140625 0.6291666671875 0.2740740734375 0.6291666671875 0.3083333328125 0.64296875 0.3083333328125 0.6567708328124999 0.3083333328125
0 0.95625 0.3333333328125 0.95625 0.2953703703125 0.95625 0.25740740781250004 0.9286458328125 0.25740740781250004 0.9010416671874999 0.25740740781250004 0.9010416671874999 0.2953703703125 0.9010416671874999 0.3333333328125 0.9286458328125 0.3333333328125 0.95625 0.3333333328125
0 0.7651041671875001 0.646296296875 0.7651041671875001 0.60694444375 0.7651041671875001 0.5675925921875 0.73984375 0.5675925921875 0.7145833328125 0.5675925921875 0.7145833328125 0.60694444375 0.7145833328125 0.646296296875 0.73984375 0.646296296875 0.7651041671875001 0.646296296875
0 0.8369791671875 0.7101851859375 0.8369791671875 0.6537037031249999 0.8369791671875 0.597222221875 0.8052083328125 0.597222221875 0.7734375 0.597222221875 0.7734375 0.6537037031249999 0.7734375 0.7101851859375 0.8052083328125 0.7101851859375 0.8369791671875 0.7101851859375
0 0.85625 0.9351851859375 0.85625 0.8703703703125001 0.85625 0.8055555562500001 0.8166666671874999 0.8055555562500001 0.7770833328125 0.8055555562500001 0.7770833328125 0.8703703703125001 0.7770833328125 0.9351851859375 0.8166666671874999 0.9351851859375 0.85625 0.9351851859375
3 0.64375 0.9277777781250001 0.64375 0.8879629625 0.64375 0.8481481484375 0.6078125 0.8481481484375 0.571875 0.8481481484375 0.571875 0.8879629625 0.571875 0.9277777781250001 0.6078125 0.9277777781250001 0.64375 0.9277777781250001