0 0.7453125 0.284259259375 0.7453125 0.26342592656249997 0.7453125 0.24259259218749998 0.7283854171875 0.24259259218749998 0.7114583328124999 0.24259259218749998 0.7114583328124999 0.26342592656249997 0.7114583328124999 0.284259259375 0.7283854171875 0.284259259375 0.7453125 0.284259259375
0 0.5833333328125 0.33888888906250003 0.5833333328125 0.315740740625 0.5833333328125 0.2925925921875 0.5700520828125 0.2925925921875 0.5567708328125 0.2925925921875 0.5567708328125 0.315740740625 0.5567708328125 0.33888888906250003 0.5700520828125 0.33888888906250003 0.5833333328125 0.33888888906250003
0 0.5364583328125 0.36759259218749996 0.5364583328125 0.34398148125 0.5364583328125 0.3203703703125 0.52265625 0.3203703703125 0.5088541671875 0.3203703703125 0.5088541671875 0.34398148125 0.5088541671875 0.36759259218749996 0.52265625 0.36759259218749996 0.5364583328125 0.36759259218749996
0 0.4838541671875 0.503703703125 0.4838541671875 0.477777778125 0.4838541671875 0.45185185156249996 0.47109375 0.45185185156249996 0.4583333328125 0.45185185156249996 0.4583333328125 0.477777778125 0.4583333328125 0.503703703125 0.47109375 0.503703703125 0.4838541671875 0.503703703125
0 0.3114583328125 0.6703703703125 0.3114583328125 0.64351851875 0.3114583328125 0.6166666671875001 0.2940104171875 0.6166666671875001 0.2765625 0.6166666671875001 0.2765625 0.64351851875 0.2765625 0.6703703703125 0.2940104171875 0.6703703703125 0.3114583328125 0.6703703703125
0 0.23177083281250002 1 0.23177083281250002 0.9708333328125001 0.23177083281250002 0.9416666671874999 0.21067708281250003 0.9416666671874999 0.1895833328125 0.9416666671874999 0.1895833328125 0.9708333328125001 0.1895833328125 1 0.21067708281250003 1 0.23177083281250002 1
0 0.32760416718749996 0.9416666671874999 0.32760416718749996 0.9129629625 0.32760416718749996 0.884259259375 0.3078125 0.884259259375 0.2880208328125 0.884259259375 0.2880208328125 0.9129629625 0.2880208328125 0.9416666671874999 0.3078125 0.9416666671874999 0.32760416718749996 0.9416666671874999
0 0.5401041671875 0.6731481484375 0.5401041671875 0.641203703125 0.5401041671875 0.609259259375 0.5205729171875 0.609259259375 0.5010416671875 0.609259259375 0.5010416671875 0.641203703125 0.5010416671875 0.6731481484375 0.5205729171875 0.6731481484375 0.5401041671875 0.6731481484375
0 0.9494791671874999 0.39351851875 0.9494791671874999 0.366203703125 0.9494791671874999 0.33888888906250003 0.9322916671874999 0.33888888906250003 0.9151041671875 0.33888888906250003 0.9151041671875 0.366203703125 0.9151041671875 0.39351851875 0.9322916671874999 0.39351851875 0.9494791671874999 0.39351851875
0 0.8296875 0.590740740625 0.8296875 0.547222221875 0.8296875 0.503703703125 0.8106770828125001 0.503703703125 0.7916666671875 0.503703703125 0.7916666671875 0.547222221875 0.7916666671875 0.590740740625 0.8106770828125001 0.590740740625 0.8296875 0.590740740625
0 0.7463541671875 0.602777778125 0.7463541671875 0.571759259375 0.7463541671875 0.540740740625 0.7263020828125 0.540740740625 0.70625 0.540740740625 0.70625 0.571759259375 0.70625 0.602777778125 0.7263020828125 0.602777778125 0.7463541671875 0.602777778125
1 0.5359375 1 0.5359375 0.9259259265625 0.5359375 0.8518518515625001 0.5015625 0.8518518515625001 0.4671875 0.8518518515625001 0.4671875 0.9259259265625 0.4671875 1 0.5015625 1 0.5359375 1
1 0.6645833328124999 0.6833333328125 0.6645833328124999 0.6379629625 0.6645833328124999 0.5925925921874999 0.6114583328125 0.5925925921874999 0.5583333328125 0.5925925921874999 0.5583333328125 0.6379629625 0.5583333328125 0.6833333328125 0.6114583328125 0.6833333328125 0.6645833328124999 0.6833333328125
3 1 0.7916666671875 0.9484375 0.7916666671875 0.896875 0.7916666671875 0.896875 0.8800925921875 0.896875 0.9685185187500001 0.9484375 0.9685185187500001 1 0.9685185187500001 1 0.8800925921875 1 0.7916666671875