3 0.2078125 0.852777778125 0.2078125 0.8254629625 0.2078125 0.7981481484375 0.19192708281249998 0.7981481484375 0.1760416671875 0.7981481484375 0.1760416671875 0.8254629625 0.1760416671875 0.852777778125 0.19192708281249998 0.852777778125 0.2078125 0.852777778125
0 0.1260416671875 0.3351851859375 0.1260416671875 0.2995370375 0.1260416671875 0.2638888890625 0.10260416718750001 0.2638888890625 0.0791666671875 0.2638888890625 0.0791666671875 0.2995370375 0.0791666671875 0.3351851859375 0.10260416718750001 0.3351851859375 0.1260416671875 0.3351851859375
0 0.17916666718750002 0.509259259375 0.17916666718750002 0.46898148125 0.17916666718750002 0.42870370312499995 0.1552083328125 0.42870370312499995 0.13125 0.42870370312499995 0.13125 0.46898148125 0.13125 0.509259259375 0.1552083328125 0.509259259375 0.17916666718750002 0.509259259375
0 0.36875 0.36944444375 0.36875 0.34120370312500004 0.36875 0.3129629625 0.3486979171875 0.3129629625 0.32864583281250004 0.3129629625 0.32864583281250004 0.34120370312500004 0.32864583281250004 0.36944444375 0.3486979171875 0.36944444375 0.36875 0.36944444375
0 0.5098958328125 0.4824074078125 0.5098958328125 0.4611111109375 0.5098958328125 0.43981481406249995 0.49635416718750003 0.43981481406249995 0.4828125 0.43981481406249995 0.4828125 0.4611111109375 0.4828125 0.4824074078125 0.49635416718750003 0.4824074078125 0.5098958328125 0.4824074078125
0 0.6161458328125 0.45555555625000005 0.6161458328125 0.43333333281249997 0.6161458328125 0.41111111093749997 0.5997395828125 0.41111111093749997 0.5833333328125 0.41111111093749997 0.5833333328125 0.43333333281249997 0.5833333328125 0.45555555625000005 0.5997395828125 0.45555555625000005 0.6161458328125 0.45555555625000005
0 0.5822916671875 0.4879629625 0.5822916671875 0.4513888890625 0.5822916671875 0.4148148140625 0.5611979171875 0.4148148140625 0.5401041671875 0.4148148140625 0.5401041671875 0.4513888890625 0.5401041671875 0.4879629625 0.5611979171875 0.4879629625 0.5822916671875 0.4879629625
0 0.5010416671875 0.534259259375 0.5010416671875 0.5115740734374999 0.5010416671875 0.4888888890625 0.48802083281249997 0.4888888890625 0.475 0.4888888890625 0.475 0.5115740734374999 0.475 0.534259259375 0.48802083281249997 0.534259259375 0.5010416671875 0.534259259375
0 0.48072916718750003 0.6740740734374999 0.48072916718750003 0.6347222218749999 0.48072916718750003 0.5953703703125 0.46171875 0.5953703703125 0.4427083328125 0.5953703703125 0.4427083328125 0.6347222218749999 0.4427083328125 0.6740740734374999 0.46171875 0.6740740734374999 0.48072916718750003 0.6740740734374999
0 0.321875 0.6231481484375 0.321875 0.5962962968750001 0.321875 0.5694444437499999 0.30416666718749996 0.5694444437499999 0.2864583328125 0.5694444437499999 0.2864583328125 0.5962962968750001 0.2864583328125 0.6231481484375 0.30416666718749996 0.6231481484375 0.321875 0.6231481484375
3 0.3161458328125 0.727777778125 0.3161458328125 0.6898148140625 0.3161458328125 0.6518518515625 0.2901041671875 0.6518518515625 0.2640625 0.6518518515625 0.2640625 0.6898148140625 0.2640625 0.727777778125 0.2901041671875 0.727777778125 0.3161458328125 0.727777778125
3 0.4 0.5638888890625 0.4 0.5314814812499999 0.4 0.4990740734375 0.3791666671875 0.4990740734375 0.3583333328125 0.4990740734375 0.3583333328125 0.5314814812499999 0.3583333328125 0.5638888890625 0.3791666671875 0.5638888890625 0.4 0.5638888890625
3 0.453125 0.5768518515625 0.453125 0.5356481484375 0.453125 0.49444444374999996 0.4270833328125 0.49444444374999996 0.4010416671875 0.49444444374999996 0.4010416671875 0.5356481484375 0.4010416671875 0.5768518515625 0.4270833328125 0.5768518515625 0.453125 0.5768518515625
3 0.734375 0.9611111109375001 0.734375 0.8981481484374999 0.734375 0.8351851859374999 0.6997395828124999 0.8351851859374999 0.6651041671875 0.8351851859374999 0.6651041671875 0.8981481484374999 0.6651041671875 0.9611111109375001 0.6997395828124999 0.9611111109375001 0.734375 0.9611111109375001