0 0.2234375 0.3324074078125 0.2234375 0.30694444375 0.2234375 0.28148148125 0.21067708281250003 0.28148148125 0.1979166671875 0.28148148125 0.1979166671875 0.30694444375 0.1979166671875 0.3324074078125 0.21067708281250003 0.3324074078125 0.2234375 0.3324074078125
0 0.6432291671875 0.322222221875 0.6432291671875 0.3023148140625 0.6432291671875 0.2824074078125 0.6307291671875 0.2824074078125 0.6182291671875 0.2824074078125 0.6182291671875 0.3023148140625 0.6182291671875 0.322222221875 0.6307291671875 0.322222221875 0.6432291671875 0.322222221875
0 0.7151041671875 0.5388888890625 0.7151041671875 0.51944444375 0.7151041671875 0.5 0.70234375 0.5 0.6895833328125 0.5 0.6895833328125 0.51944444375 0.6895833328125 0.5388888890625 0.70234375 0.5388888890625 0.7151041671875 0.5388888890625
0 0.7213541671875 0.471296296875 0.7213541671875 0.4509259265625 0.7213541671875 0.43055555625 0.7088541671875 0.43055555625 0.6963541671875 0.43055555625 0.6963541671875 0.4509259265625 0.6963541671875 0.471296296875 0.7088541671875 0.471296296875 0.7213541671875 0.471296296875
0 0.49791666718750005 0.3203703703125 0.49791666718750005 0.296296296875 0.49791666718750005 0.272222221875 0.48828125 0.272222221875 0.47864583281249995 0.272222221875 0.47864583281249995 0.296296296875 0.47864583281249995 0.3203703703125 0.48828125 0.3203703703125 0.49791666718750005 0.3203703703125
0 0.1739583328125 0.15 0.1739583328125 0.12870370312499999 0.1739583328125 0.1074074078125 0.16015625 0.1074074078125 0.1463541671875 0.1074074078125 0.1463541671875 0.12870370312499999 0.1463541671875 0.15 0.16015625 0.15 0.1739583328125 0.15
0 0.06302083281250001 0.2925925921875 0.06302083281250001 0.258796296875 0.06302083281250001 0.225 0.0401041671875 0.225 0.0171875 0.225 0.0171875 0.258796296875 0.0171875 0.2925925921875 0.0401041671875 0.2925925921875 0.06302083281250001 0.2925925921875
1 0.36666666718749996 0.9129629625 0.36666666718749996 0.79398148125 0.36666666718749996 0.675 0.3255208328125 0.675 0.284375 0.675 0.284375 0.79398148125 0.284375 0.9129629625 0.3255208328125 0.9129629625 0.36666666718749996 0.9129629625
1 0.3260416671875 1 0.3260416671875 0.8990740734375 0.3260416671875 0.7981481484375 0.29375 0.7981481484375 0.2614583328125 0.7981481484375 0.2614583328125 0.8990740734375 0.2614583328125 1 0.29375 1 0.3260416671875 1
1 0.8348958328125 0.834259259375 0.8348958328125 0.772222221875 0.8348958328125 0.7101851859375 0.8046875 0.7101851859375 0.7744791671875 0.7101851859375 0.7744791671875 0.772222221875 0.7744791671875 0.834259259375 0.8046875 0.834259259375 0.8348958328125 0.834259259375
1 0.3848958328125 0.6101851859375 0.3848958328125 0.58194444375 0.3848958328125 0.553703703125 0.34817708281250004 0.553703703125 0.3114583328125 0.553703703125 0.3114583328125 0.58194444375 0.3114583328125 0.6101851859375 0.34817708281250004 0.6101851859375 0.3848958328125 0.6101851859375
3 0.14114583281249998 0.3379629625 0.14114583281249998 0.3111111109375 0.14114583281249998 0.284259259375 0.10729166718750001 0.284259259375 0.0734375 0.284259259375 0.0734375 0.3111111109375 0.0734375 0.3379629625 0.10729166718750001 0.3379629625 0.14114583281249998 0.3379629625