2 0.46197916718750004 0.9916666671875 0.46197916718750004 0.9574074078124999 0.46197916718750004 0.9231481484374999 0.4375 0.9231481484374999 0.41302083281249996 0.9231481484374999 0.41302083281249996 0.9574074078124999 0.41302083281249996 0.9916666671875 0.4375 0.9916666671875 0.46197916718750004 0.9916666671875
2 0.4703125 0.7268518515625 0.4703125 0.6708333328125 0.4703125 0.6148148140624999 0.4283854171875 0.6148148140624999 0.3864583328125 0.6148148140624999 0.3864583328125 0.6708333328125 0.3864583328125 0.7268518515625 0.4283854171875 0.7268518515625 0.4703125 0.7268518515625
1 0.5161458328124999 0.6805555562500001 0.5161458328124999 0.5643518515625 0.5161458328124999 0.4481481484375 0.45416666718750004 0.4481481484375 0.3921875 0.4481481484375 0.3921875 0.5643518515625 0.3921875 0.6805555562500001 0.45416666718750004 0.6805555562500001 0.5161458328124999 0.6805555562500001
1 0.6572916671875 0.6638888890625 0.6572916671875 0.578240740625 0.6572916671875 0.49259259218749996 0.6291666671875 0.49259259218749996 0.6010416671875001 0.49259259218749996 0.6010416671875001 0.578240740625 0.6010416671875001 0.6638888890625 0.6291666671875 0.6638888890625 0.6572916671875 0.6638888890625
0 0.32760416718749996 0.9240740734375 0.32760416718749996 0.88148148125 0.32760416718749996 0.8388888890624999 0.2986979171875 0.8388888890624999 0.2697916671875 0.8388888890624999 0.2697916671875 0.88148148125 0.2697916671875 0.9240740734375 0.2986979171875 0.9240740734375 0.32760416718749996 0.9240740734375
0 0.5609375 0.6879629625 0.5609375 0.647222221875 0.5609375 0.60648148125 0.54375 0.60648148125 0.5265625 0.60648148125 0.5265625 0.647222221875 0.5265625 0.6879629625 0.54375 0.6879629625 0.5609375 0.6879629625
0 0.8270833328125 0.46481481406249997 0.8270833328125 0.43379629687500004 0.8270833328125 0.40277777812500004 0.8072916671874999 0.40277777812500004 0.7875 0.40277777812500004 0.7875 0.43379629687500004 0.7875 0.46481481406249997 0.8072916671874999 0.46481481406249997 0.8270833328125 0.46481481406249997
0 0.9208333328125 0.35555555625 0.9208333328125 0.32592592656249997 0.9208333328125 0.296296296875 0.90078125 0.296296296875 0.8807291671874999 0.296296296875 0.8807291671874999 0.32592592656249997 0.8807291671874999 0.35555555625 0.90078125 0.35555555625 0.9208333328125 0.35555555625
0 0.94375 0.303703703125 0.94375 0.25509259218749997 0.94375 0.20648148125 0.9122395828125001 0.20648148125 0.8807291671874999 0.20648148125 0.8807291671874999 0.25509259218749997 0.8807291671874999 0.303703703125 0.9122395828125001 0.303703703125 0.94375 0.303703703125
0 0.86875 0.29722222187499997 0.86875 0.2666666671875 0.86875 0.23611111093749998 0.8466145828125 0.23611111093749998 0.8244791671874999 0.23611111093749998 0.8244791671874999 0.2666666671875 0.8244791671874999 0.29722222187499997 0.8466145828125 0.29722222187499997 0.86875 0.29722222187499997
0 0.6286458328125 0.34629629687499996 0.6286458328125 0.3111111109375 0.6286458328125 0.2759259265625 0.6078125 0.2759259265625 0.5869791671875 0.2759259265625 0.5869791671875 0.3111111109375 0.5869791671875 0.34629629687499996 0.6078125 0.34629629687499996 0.6286458328125 0.34629629687499996
0 0.575 0.2638888890625 0.575 0.2388888890625 0.575 0.2138888890625 0.5606770828125 0.2138888890625 0.5463541671875001 0.2138888890625 0.5463541671875001 0.2388888890625 0.5463541671875001 0.2638888890625 0.5606770828125 0.2638888890625 0.575 0.2638888890625
0 0.3583333328125 0.36666666718749996 0.3583333328125 0.33888888906250003 0.3583333328125 0.3111111109375 0.3408854171875 0.3111111109375 0.3234375 0.3111111109375 0.3234375 0.33888888906250003 0.3234375 0.36666666718749996 0.3408854171875 0.36666666718749996 0.3583333328125 0.36666666718749996
0 0.09635416718749999 0.81851851875 0.09635416718749999 0.7800925921874999 0.09635416718749999 0.7416666671875001 0.0752604171875 0.7416666671875001 0.054166667187499996 0.7416666671875001 0.054166667187499996 0.7800925921874999 0.054166667187499996 0.81851851875 0.0752604171875 0.81851851875 0.09635416718749999 0.81851851875