2 0.34427083281250004 0.76944444375 0.34427083281250004 0.7245370375 0.34427083281250004 0.6796296296875 0.3265625 0.6796296296875 0.3088541671875 0.6796296296875 0.3088541671875 0.7245370375 0.3088541671875 0.76944444375 0.3265625 0.76944444375 0.34427083281250004 0.76944444375
0 0.7994791671875 0.7018518515625 0.7994791671875 0.6675925921875 0.7994791671875 0.6333333328124999 0.7799479171875 0.6333333328124999 0.7604166671875 0.6333333328124999 0.7604166671875 0.6675925921875 0.7604166671875 0.7018518515625 0.7799479171875 0.7018518515625 0.7994791671875 0.7018518515625
0 0.8776041671874999 0.6490740734375 0.8776041671874999 0.616203703125 0.8776041671874999 0.5833333328125 0.86171875 0.5833333328125 0.8458333328125001 0.5833333328125 0.8458333328125001 0.616203703125 0.8458333328125001 0.6490740734375 0.86171875 0.6490740734375 0.8776041671874999 0.6490740734375
0 0.9333333328125001 0.602777778125 0.9333333328125001 0.58101851875 0.9333333328125001 0.559259259375 0.91796875 0.559259259375 0.9026041671874999 0.559259259375 0.9026041671874999 0.58101851875 0.9026041671874999 0.602777778125 0.91796875 0.602777778125 0.9333333328125001 0.602777778125
0 0.6203125 0.5851851859375 0.6203125 0.547222221875 0.6203125 0.509259259375 0.59921875 0.509259259375 0.578125 0.509259259375 0.578125 0.547222221875 0.578125 0.5851851859375 0.59921875 0.5851851859375 0.6203125 0.5851851859375
0 0.5671875 0.5425925921875 0.5671875 0.508796296875 0.5671875 0.475 0.5471354171875 0.475 0.5270833328125 0.475 0.5270833328125 0.508796296875 0.5270833328125 0.5425925921875 0.5471354171875 0.5425925921875 0.5671875 0.5425925921875
0 0.5541666671875001 0.41018518593750003 0.5541666671875001 0.366203703125 0.5541666671875001 0.322222221875 0.5294270828125 0.322222221875 0.5046875 0.322222221875 0.5046875 0.366203703125 0.5046875 0.41018518593750003 0.5294270828125 0.41018518593750003 0.5541666671875001 0.41018518593750003
0 0.5666666671875 0.321296296875 0.5666666671875 0.28796296250000003 0.5666666671875 0.2546296296875 0.5505208328125 0.2546296296875 0.534375 0.2546296296875 0.534375 0.28796296250000003 0.534375 0.321296296875 0.5505208328125 0.321296296875 0.5666666671875 0.321296296875
0 0.5322916671875 0.2416666671875 0.5322916671875 0.20879629687499998 0.5322916671875 0.1759259265625 0.5135416671875 0.1759259265625 0.4947916671875 0.1759259265625 0.4947916671875 0.20879629687499998 0.4947916671875 0.2416666671875 0.5135416671875 0.2416666671875 0.5322916671875 0.2416666671875
0 0.5973958328125 0.2925925921875 0.5973958328125 0.2611111109375 0.5973958328125 0.2296296296875 0.5861979171875 0.2296296296875 0.575 0.2296296296875 0.575 0.2611111109375 0.575 0.2925925921875 0.5861979171875 0.2925925921875 0.5973958328125 0.2925925921875
0 0.746875 1 0.746875 0.9745370375 0.746875 0.9490740734375 0.7169270828125 0.9490740734375 0.6869791671875001 0.9490740734375 0.6869791671875001 0.9745370375 0.6869791671875001 1 0.7169270828125 1 0.746875 1
3 0.5390625 0.965740740625 0.5390625 0.8731481484374999 0.5390625 0.7805555562500001 0.4934895828125 0.7805555562500001 0.4479166671875 0.7805555562500001 0.4479166671875 0.8731481484374999 0.4479166671875 0.965740740625 0.4934895828125 0.965740740625 0.5390625 0.965740740625
3 1 0.559259259375 0.9567708328125001 0.559259259375 0.9135416671875 0.559259259375 0.9135416671875 0.69398148125 0.9135416671875 0.828703703125 0.9567708328125001 0.828703703125 1 0.828703703125 1 0.69398148125 1 0.559259259375
3 0.3140625 0.1148148140625 0.3140625 0.0865740734375 0.3140625 0.058333332812500006 0.2911458328125 0.058333332812500006 0.2682291671875 0.058333332812500006 0.2682291671875 0.0865740734375 0.2682291671875 0.1148148140625 0.2911458328125 0.1148148140625 0.3140625 0.1148148140625