2 0.40052083281249995 0.7981481484375 0.40052083281249995 0.7625 0.40052083281249995 0.7268518515625 0.3791666671875 0.7268518515625 0.3578125 0.7268518515625 0.3578125 0.7625 0.3578125 0.7981481484375 0.3791666671875 0.7981481484375 0.40052083281249995 0.7981481484375
0 0.659375 0.502777778125 0.659375 0.4583333328125 0.659375 0.4138888890625 0.6361979171875001 0.4138888890625 0.6130208328125 0.4138888890625 0.6130208328125 0.4583333328125 0.6130208328125 0.502777778125 0.6361979171875001 0.502777778125 0.659375 0.502777778125
0 0.7473958328125 0.38148148125 0.7473958328125 0.3518518515625 0.7473958328125 0.322222221875 0.7302083328125 0.322222221875 0.7130208328125 0.322222221875 0.7130208328125 0.3518518515625 0.7130208328125 0.38148148125 0.7302083328125 0.38148148125 0.7473958328125 0.38148148125
0 0.5208333328125 0.8240740734375 0.5208333328125 0.791203703125 0.5208333328125 0.7583333328124999 0.5018229171875 0.7583333328124999 0.4828125 0.7583333328124999 0.4828125 0.791203703125 0.4828125 0.8240740734375 0.5018229171875 0.8240740734375 0.5208333328125 0.8240740734375
0 0.45416666718750004 0.5638888890625 0.45416666718750004 0.5319444437499999 0.45416666718750004 0.5 0.43541666718750005 0.5 0.4166666671875 0.5 0.4166666671875 0.5319444437499999 0.4166666671875 0.5638888890625 0.43541666718750005 0.5638888890625 0.45416666718750004 0.5638888890625
0 0.2859375 0.2509259265625 0.2859375 0.221296296875 0.2859375 0.1916666671875 0.2666666671875 0.1916666671875 0.24739583281250002 0.1916666671875 0.24739583281250002 0.221296296875 0.24739583281250002 0.2509259265625 0.2666666671875 0.2509259265625 0.2859375 0.2509259265625
1 0.2755208328125 0.9879629624999999 0.2755208328125 0.8634259265625 0.2755208328125 0.7388888890625 0.21171875 0.7388888890625 0.14791666718750002 0.7388888890625 0.14791666718750002 0.8634259265625 0.14791666718750002 0.9879629624999999 0.21171875 0.9879629624999999 0.2755208328125 0.9879629624999999
1 0.6171875 0.8703703703125001 0.6171875 0.790277778125 0.6171875 0.7101851859375 0.5768229171875 0.7101851859375 0.5364583328125 0.7101851859375 0.5364583328125 0.790277778125 0.5364583328125 0.8703703703125001 0.5768229171875 0.8703703703125001 0.6171875 0.8703703703125001
1 0.6942708328125 0.6425925921875 0.6942708328125 0.608796296875 0.6942708328125 0.575 0.6682291671875 0.575 0.6421875 0.575 0.6421875 0.608796296875 0.6421875 0.6425925921875 0.6682291671875 0.6425925921875 0.6942708328125 0.6425925921875
1 1 0.4129629625 0.9604166671875 0.4129629625 0.9208333328125 0.4129629625 0.9208333328125 0.475 0.9208333328125 0.5370370375 0.9604166671875 0.5370370375 1 0.5370370375 1 0.475 1 0.4129629625
0 0.1572916671875 0.1703703703125 0.1572916671875 0.140277778125 0.1572916671875 0.1101851859375 0.1385416671875 0.1101851859375 0.1197916671875 0.1101851859375 0.1197916671875 0.140277778125 0.1197916671875 0.1703703703125 0.1385416671875 0.1703703703125 0.1572916671875 0.1703703703125