0 0.5546875 0.2009259265625 0.5546875 0.1625 0.5546875 0.12407407343750002 0.5286458328125 0.12407407343750002 0.5026041671875 0.12407407343750002 0.5026041671875 0.1625 0.5026041671875 0.2009259265625 0.5286458328125 0.2009259265625 0.5546875 0.2009259265625
0 0.4057291671875 0.0759259265625 0.4057291671875 0.043981481249999996 0.4057291671875 0.0120370375 0.38619791718749996 0.0120370375 0.36666666718749996 0.0120370375 0.36666666718749996 0.043981481249999996 0.36666666718749996 0.0759259265625 0.38619791718749996 0.0759259265625 0.4057291671875 0.0759259265625
0 0.1677083328125 0.0824074078125 0.1677083328125 0.045370370312500005 0.1677083328125 0.0083333328125 0.1356770828125 0.0083333328125 0.10364583281249999 0.0083333328125 0.10364583281249999 0.045370370312500005 0.10364583281249999 0.0824074078125 0.1356770828125 0.0824074078125 0.1677083328125 0.0824074078125
0 0.14791666718750002 0.3203703703125 0.14791666718750002 0.2875 0.14791666718750002 0.2546296296875 0.12317708281249999 0.2546296296875 0.0984375 0.2546296296875 0.0984375 0.2875 0.0984375 0.3203703703125 0.12317708281249999 0.3203703703125 0.14791666718750002 0.3203703703125
0 0.49322916718750004 0.5555555562500001 0.49322916718750004 0.49768518593750005 0.49322916718750004 0.43981481406249995 0.45885416718750005 0.43981481406249995 0.4244791671875 0.43981481406249995 0.4244791671875 0.49768518593750005 0.4244791671875 0.5555555562500001 0.45885416718750005 0.5555555562500001 0.49322916718750004 0.5555555562500001
0 0.3078125 0.79444444375 0.3078125 0.7388888890625 0.3078125 0.6833333328125 0.2708333328125 0.6833333328125 0.2338541671875 0.6833333328125 0.2338541671875 0.7388888890625 0.2338541671875 0.79444444375 0.2708333328125 0.79444444375 0.3078125 0.79444444375
0 0.07760416718749999 1 0.07760416718749999 0.9541666671875 0.07760416718749999 0.9083333328125001 0.0390625 0.9083333328125001 0.0005208328124999999 0.9083333328125001 0.0005208328124999999 0.9541666671875 0.0005208328124999999 1 0.0390625 1 0.07760416718749999 1
0 0.41302083281249996 1 0.41302083281249996 0.9578703703125001 0.41302083281249996 0.915740740625 0.3799479171875 0.915740740625 0.346875 0.915740740625 0.346875 0.9578703703125001 0.346875 1 0.3799479171875 1 0.41302083281249996 1
1 0.4046875 0.321296296875 0.4046875 0.25694444375000003 0.4046875 0.1925925921875 0.3502604171875 0.1925925921875 0.2958333328125 0.1925925921875 0.2958333328125 0.25694444375000003 0.2958333328125 0.321296296875 0.3502604171875 0.321296296875 0.4046875 0.321296296875
3 0.5890625 0.1074074078125 0.5890625 0.0625 0.5890625 0.0175925921875 0.5541666671875001 0.0175925921875 0.5192708328125 0.0175925921875 0.5192708328125 0.0625 0.5192708328125 0.1074074078125 0.5541666671875001 0.1074074078125 0.5890625 0.1074074078125
3 0.9010416671874999 0.834259259375 0.9010416671874999 0.7699074078125 0.9010416671874999 0.70555555625 0.85703125 0.70555555625 0.8130208328125 0.70555555625 0.8130208328125 0.7699074078125 0.8130208328125 0.834259259375 0.85703125 0.834259259375 0.9010416671874999 0.834259259375