3 0.2484375 0.127777778125 0.2484375 0.1 0.2484375 0.072222221875 0.2192708328125 0.072222221875 0.1901041671875 0.072222221875 0.1901041671875 0.1 0.1901041671875 0.127777778125 0.2192708328125 0.127777778125 0.2484375 0.127777778125
1 0.859375 1 0.859375 0.965740740625 0.859375 0.93148148125 0.8088541671874999 0.93148148125 0.7583333328124999 0.93148148125 0.7583333328124999 0.965740740625 0.7583333328124999 1 0.8088541671874999 1 0.859375 1
1 0.3 1 0.3 0.965277778125 0.3 0.9305555562500001 0.22265625 0.9305555562500001 0.1453125 0.9305555562500001 0.1453125 0.965277778125 0.1453125 1 0.22265625 1 0.3 1
1 0.6 0.34722222187499996 0.6 0.303703703125 0.6 0.2601851859375 0.5559895828125 0.2601851859375 0.5119791671875 0.2601851859375 0.5119791671875 0.303703703125 0.5119791671875 0.34722222187499996 0.5559895828125 0.34722222187499996 0.6 0.34722222187499996
0 0.3916666671875 0.321296296875 0.3916666671875 0.3013888890625 0.3916666671875 0.28148148125 0.3760416671875 0.28148148125 0.3604166671875 0.28148148125 0.3604166671875 0.3013888890625 0.3604166671875 0.321296296875 0.3760416671875 0.321296296875 0.3916666671875 0.321296296875
0 0.4145833328125 0.15277777812499999 0.4145833328125 0.11898148125 0.4145833328125 0.08518518593749999 0.3981770828125 0.08518518593749999 0.3817708328125 0.08518518593749999 0.3817708328125 0.11898148125 0.3817708328125 0.15277777812499999 0.3981770828125 0.15277777812499999 0.4145833328125 0.15277777812499999
0 0.6604166671875 0.18148148125000002 0.6604166671875 0.15694444375 0.6604166671875 0.1324074078125 0.6432291671875 0.1324074078125 0.6260416671875 0.1324074078125 0.6260416671875 0.15694444375 0.6260416671875 0.18148148125000002 0.6432291671875 0.18148148125000002 0.6604166671875 0.18148148125000002
3 0.7557291671875 0.1990740734375 0.7557291671875 0.16157407343750002 0.7557291671875 0.12407407343750002 0.7260416671875001 0.12407407343750002 0.6963541671875 0.12407407343750002 0.6963541671875 0.16157407343750002 0.6963541671875 0.1990740734375 0.7260416671875001 0.1990740734375 0.7557291671875 0.1990740734375
3 1 0.784259259375 0.9729166671874999 0.784259259375 0.9458333328125 0.784259259375 0.9458333328125 0.853240740625 0.9458333328125 0.922222221875 0.9729166671874999 0.922222221875 1 0.922222221875 1 0.853240740625 1 0.784259259375
3 0.278125 0.63055555625 0.278125 0.5796296296875 0.278125 0.5287037031249999 0.24192708281250003 0.5287037031249999 0.20572916718749998 0.5287037031249999 0.20572916718749998 0.5796296296875 0.20572916718749998 0.63055555625 0.24192708281250003 0.63055555625 0.278125 0.63055555625
0 0.30416666718749996 0.3416666671875 0.30416666718749996 0.2976851859375 0.30416666718749996 0.253703703125 0.28046875 0.253703703125 0.2567708328125 0.253703703125 0.2567708328125 0.2976851859375 0.2567708328125 0.3416666671875 0.28046875 0.3416666671875 0.30416666718749996 0.3416666671875
0 0.7276041671875 0.28611111093749997 0.7276041671875 0.253703703125 0.7276041671875 0.221296296875 0.7052083328125 0.221296296875 0.6828125 0.221296296875 0.6828125 0.253703703125 0.6828125 0.28611111093749997 0.7052083328125 0.28611111093749997 0.7276041671875 0.28611111093749997
0 0.6583333328125 0.5740740734374999 0.6583333328125 0.528240740625 0.6583333328125 0.4824074078125 0.6325520828125 0.4824074078125 0.6067708328125 0.4824074078125 0.6067708328125 0.528240740625 0.6067708328125 0.5740740734374999 0.6325520828125 0.5740740734374999 0.6583333328125 0.5740740734374999
0 0.5067708328125 0.7259259265625 0.5067708328125 0.684259259375 0.5067708328125 0.6425925921875 0.48046875 0.6425925921875 0.45416666718750004 0.6425925921875 0.45416666718750004 0.684259259375 0.45416666718750004 0.7259259265625 0.48046875 0.7259259265625 0.5067708328125 0.7259259265625
0 0.3338541671875 0.8351851859374999 0.3338541671875 0.79351851875 0.3338541671875 0.7518518515625 0.3096354171875 0.7518518515625 0.2854166671875 0.7518518515625 0.2854166671875 0.79351851875 0.2854166671875 0.8351851859374999 0.3096354171875 0.8351851859374999 0.3338541671875 0.8351851859374999
0 0.2942708328125 0.9148148140625001 0.2942708328125 0.8768518515625001 0.2942708328125 0.8388888890624999 0.26640625 0.8388888890624999 0.23854166718749997 0.8388888890624999 0.23854166718749997 0.8768518515625001 0.23854166718749997 0.9148148140625001 0.26640625 0.9148148140625001 0.2942708328125 0.9148148140625001
0 0.3739583328125 0.9129629625 0.3739583328125 0.866203703125 0.3739583328125 0.8194444437499999 0.346875 0.8194444437499999 0.31979166718749996 0.8194444437499999 0.31979166718749996 0.866203703125 0.31979166718749996 0.9129629625 0.346875 0.9129629625 0.3739583328125 0.9129629625
0 0.5796875 0.9240740734375 0.5796875 0.88101851875 0.5796875 0.8379629625 0.5552083328124999 0.8379629625 0.5307291671875001 0.8379629625 0.5307291671875001 0.88101851875 0.5307291671875001 0.9240740734375 0.5552083328124999 0.9240740734375 0.5796875 0.9240740734375