3 0.2234375 0.40648148125 0.2234375 0.3759259265625 0.2234375 0.3453703703125 0.18984375 0.3453703703125 0.15625 0.3453703703125 0.15625 0.3759259265625 0.15625 0.40648148125 0.18984375 0.40648148125 0.2234375 0.40648148125
0 0.04375 0.41111111093749997 0.04375 0.38101851875000003 0.04375 0.3509259265625 0.0299479171875 0.3509259265625 0.0161458328125 0.3509259265625 0.0161458328125 0.38101851875000003 0.0161458328125 0.41111111093749997 0.0299479171875 0.41111111093749997 0.04375 0.41111111093749997
0 0.23802083281250003 0.1861111109375 0.23802083281250003 0.1550925921875 0.23802083281250003 0.12407407343750002 0.22265625 0.12407407343750002 0.20729166718749997 0.12407407343750002 0.20729166718749997 0.1550925921875 0.20729166718749997 0.1861111109375 0.22265625 0.1861111109375 0.23802083281250003 0.1861111109375
0 0.3723958328125 0.2611111109375 0.3723958328125 0.23009259218749997 0.3723958328125 0.1990740734375 0.3513020828125 0.1990740734375 0.3302083328125 0.1990740734375 0.3302083328125 0.23009259218749997 0.3302083328125 0.2611111109375 0.3513020828125 0.2611111109375 0.3723958328125 0.2611111109375
0 0.3776041671875 0.3768518515625 0.3776041671875 0.3449074078125 0.3776041671875 0.3129629625 0.35989583281250004 0.3129629625 0.3421875 0.3129629625 0.3421875 0.3449074078125 0.3421875 0.3768518515625 0.35989583281250004 0.3768518515625 0.3776041671875 0.3768518515625
0 0.4557291671875 0.3898148140625 0.4557291671875 0.3453703703125 0.4557291671875 0.3009259265625 0.4388020828125 0.3009259265625 0.421875 0.3009259265625 0.421875 0.3453703703125 0.421875 0.3898148140625 0.4388020828125 0.3898148140625 0.4557291671875 0.3898148140625
0 0.6166666671875001 0.2398148140625 0.6166666671875001 0.21064814843750002 0.6166666671875001 0.18148148125000002 0.6036458328125 0.18148148125000002 0.590625 0.18148148125000002 0.590625 0.21064814843750002 0.590625 0.2398148140625 0.6036458328125 0.2398148140625 0.6166666671875001 0.2398148140625
0 0.7369791671875 0.515740740625 0.7369791671875 0.4953703703125 0.7369791671875 0.475 0.7216145828125 0.475 0.70625 0.475 0.70625 0.4953703703125 0.70625 0.515740740625 0.7216145828125 0.515740740625 0.7369791671875 0.515740740625
0 0.6427083328125 0.702777778125 0.6427083328125 0.6671296296875 0.6427083328125 0.63148148125 0.6213541671875 0.63148148125 0.6 0.63148148125 0.6 0.6671296296875 0.6 0.702777778125 0.6213541671875 0.702777778125 0.6427083328125 0.702777778125
0 0.51875 0.7046296296875 0.51875 0.6643518515625 0.51875 0.6240740734375 0.49192708281249997 0.6240740734375 0.46510416718750003 0.6240740734375 0.46510416718750003 0.6643518515625 0.46510416718750003 0.7046296296875 0.49192708281249997 0.7046296296875 0.51875 0.7046296296875
1 0.5479166671875 0.5268518515625 0.5479166671875 0.48564814843750004 0.5479166671875 0.44444444375 0.5018229171875 0.44444444375 0.4557291671875 0.44444444375 0.4557291671875 0.48564814843750004 0.4557291671875 0.5268518515625 0.5018229171875 0.5268518515625 0.5479166671875 0.5268518515625
1 0.8307291671874999 0.8666666671875 0.8307291671874999 0.7611111109375 0.8307291671874999 0.6555555562500001 0.7736979171875 0.6555555562500001 0.7166666671875 0.6555555562500001 0.7166666671875 0.7611111109375 0.7166666671875 0.8666666671875 0.7736979171875 0.8666666671875 0.8307291671874999 0.8666666671875