0 0.540625 0.22314814843750003 0.540625 0.18842592656249998 0.540625 0.15370370312499998 0.51953125 0.15370370312499998 0.4984375 0.15370370312499998 0.4984375 0.18842592656249998 0.4984375 0.22314814843750003 0.51953125 0.22314814843750003 0.540625 0.22314814843750003
0 0.9328125 0.5138888890625 0.9328125 0.46898148125 0.9328125 0.4240740734375 0.9002604171874999 0.4240740734375 0.8677083328125 0.4240740734375 0.8677083328125 0.46898148125 0.8677083328125 0.5138888890625 0.9002604171874999 0.5138888890625 0.9328125 0.5138888890625
0 0.9239583328125001 0.36666666718749996 0.9239583328125001 0.333796296875 0.9239583328125001 0.3009259265625 0.8989583328125 0.3009259265625 0.8739583328125 0.3009259265625 0.8739583328125 0.333796296875 0.8739583328125 0.36666666718749996 0.8989583328125 0.36666666718749996 0.9239583328125001 0.36666666718749996
0 0.7947916671875 0.3861111109375 0.7947916671875 0.36064814843750004 0.7947916671875 0.3351851859375 0.7760416671875 0.3351851859375 0.7572916671875001 0.3351851859375 0.7572916671875001 0.36064814843750004 0.7572916671875001 0.3861111109375 0.7760416671875 0.3861111109375 0.7947916671875 0.3861111109375
0 0.5625 0.45370370312499997 0.5625 0.43194444374999996 0.5625 0.41018518593750003 0.5408854171875 0.41018518593750003 0.5192708328125 0.41018518593750003 0.5192708328125 0.43194444374999996 0.5192708328125 0.45370370312499997 0.5408854171875 0.45370370312499997 0.5625 0.45370370312499997
3 0.2479166671875 0.5203703703125 0.2479166671875 0.46296296249999996 0.2479166671875 0.40555555625000006 0.2088541671875 0.40555555625000006 0.1697916671875 0.40555555625000006 0.1697916671875 0.46296296249999996 0.1697916671875 0.5203703703125 0.2088541671875 0.5203703703125 0.2479166671875 0.5203703703125
3 0.6791666671875001 0.5703703703125 0.6791666671875001 0.54305555625 0.6791666671875001 0.515740740625 0.6567708328124999 0.515740740625 0.634375 0.515740740625 0.634375 0.54305555625 0.634375 0.5703703703125 0.6567708328124999 0.5703703703125 0.6791666671875001 0.5703703703125
3 0.9 1 0.9 0.94398148125 0.9 0.8879629625 0.859375 0.8879629625 0.81875 0.8879629625 0.81875 0.94398148125 0.81875 1 0.859375 1 0.9 1
3 0.7807291671875001 0.2629629625 0.7807291671875001 0.2384259265625 0.7807291671875001 0.2138888890625 0.75703125 0.2138888890625 0.7333333328125 0.2138888890625 0.7333333328125 0.2384259265625 0.7333333328125 0.2629629625 0.75703125 0.2629629625 0.7807291671875001 0.2629629625
3 0.1296875 0.20370370312500002 0.1296875 0.1675925921875 0.1296875 0.13148148125 0.0955729171875 0.13148148125 0.0614583328125 0.13148148125 0.0614583328125 0.1675925921875 0.0614583328125 0.20370370312500002 0.0955729171875 0.20370370312500002 0.1296875 0.20370370312500002
3 0.16354166718750002 0.15092592656249998 0.16354166718750002 0.109722221875 0.16354166718750002 0.06851851875000001 0.1216145828125 0.06851851875000001 0.0796875 0.06851851875000001 0.0796875 0.109722221875 0.0796875 0.15092592656249998 0.1216145828125 0.15092592656249998 0.16354166718750002 0.15092592656249998
1 0.4270833328125 0.30648148124999997 0.4270833328125 0.24953703749999998 0.4270833328125 0.1925925921875 0.3997395828125 0.1925925921875 0.3723958328125 0.1925925921875 0.3723958328125 0.24953703749999998 0.3723958328125 0.30648148124999997 0.3997395828125 0.30648148124999997 0.4270833328125 0.30648148124999997
0 0.9109375 0.2166666671875 0.9109375 0.1925925921875 0.9109375 0.16851851874999998 0.8950520828125 0.16851851874999998 0.8791666671874999 0.16851851874999998 0.8791666671874999 0.1925925921875 0.8791666671874999 0.2166666671875 0.8950520828125 0.2166666671875 0.9109375 0.2166666671875
0 0.8765625 0.1861111109375 0.8765625 0.1648148140625 0.8765625 0.14351851875 0.85859375 0.14351851875 0.840625 0.14351851875 0.840625 0.1648148140625 0.840625 0.1861111109375 0.85859375 0.1861111109375 0.8765625 0.1861111109375
0 0.8890625 0.15092592656249998 0.8890625 0.13287037031249999 0.8890625 0.1148148140625 0.8760416671875 0.1148148140625 0.8630208328125001 0.1148148140625 0.8630208328125001 0.13287037031249999 0.8630208328125001 0.15092592656249998 0.8760416671875 0.15092592656249998 0.8890625 0.15092592656249998
0 0.6463541671875 0.2166666671875 0.6463541671875 0.1921296296875 0.6463541671875 0.1675925921875 0.6354166671875 0.1675925921875 0.6244791671875001 0.1675925921875 0.6244791671875001 0.1921296296875 0.6244791671875001 0.2166666671875 0.6354166671875 0.2166666671875 0.6463541671875 0.2166666671875