3 0.315625 1 0.315625 0.9208333328125 0.315625 0.8416666671874999 0.2588541671875 0.8416666671874999 0.20208333281250002 0.8416666671874999 0.20208333281250002 0.9208333328125 0.20208333281250002 1 0.2588541671875 1 0.315625 1
0 0.7432291671875 0.3490740734375 0.7432291671875 0.3148148140625 0.7432291671875 0.28055555625 0.721875 0.28055555625 0.7005208328125 0.28055555625 0.7005208328125 0.3148148140625 0.7005208328125 0.3490740734375 0.721875 0.3490740734375 0.7432291671875 0.3490740734375
1 0.9010416671874999 0.47407407343749997 0.9010416671874999 0.41898148125 0.9010416671874999 0.3638888890625 0.8479166671874999 0.3638888890625 0.7947916671875 0.3638888890625 0.7947916671875 0.41898148125 0.7947916671875 0.47407407343749997 0.8479166671874999 0.47407407343749997 0.9010416671874999 0.47407407343749997
1 0.5567708328125 0.33055555625 0.5567708328125 0.2884259265625 0.5567708328125 0.246296296875 0.4986979171875 0.246296296875 0.440625 0.246296296875 0.440625 0.2884259265625 0.440625 0.33055555625 0.4986979171875 0.33055555625 0.5567708328125 0.33055555625
1 0.29739583281250004 0.7333333328125 0.29739583281250004 0.6263888890625 0.29739583281250004 0.51944444375 0.2567708328125 0.51944444375 0.21614583281250002 0.51944444375 0.21614583281250002 0.6263888890625 0.21614583281250002 0.7333333328125 0.2567708328125 0.7333333328125 0.29739583281250004 0.7333333328125
0 0.3317708328125 0.43518518593750005 0.3317708328125 0.40972222187499996 0.3317708328125 0.384259259375 0.3166666671875 0.384259259375 0.3015625 0.384259259375 0.3015625 0.40972222187499996 0.3015625 0.43518518593750005 0.3166666671875 0.43518518593750005 0.3317708328125 0.43518518593750005
0 0.2880208328125 0.22777777812500002 0.2880208328125 0.196296296875 0.2880208328125 0.1648148140625 0.26796875 0.1648148140625 0.2479166671875 0.1648148140625 0.2479166671875 0.196296296875 0.2479166671875 0.22777777812500002 0.26796875 0.22777777812500002 0.2880208328125 0.22777777812500002
0 0.9109375 0.4166666671875 0.9109375 0.39351851875 0.9109375 0.3703703703125 0.8908854171874999 0.3703703703125 0.8708333328125001 0.3703703703125 0.8708333328125001 0.39351851875 0.8708333328125001 0.4166666671875 0.8908854171874999 0.4166666671875 0.9109375 0.4166666671875
0 0.8848958328125001 0.5574074078125 0.8848958328125001 0.528240740625 0.8848958328125001 0.4990740734375 0.8578125 0.4990740734375 0.8307291671874999 0.4990740734375 0.8307291671874999 0.528240740625 0.8307291671874999 0.5574074078125 0.8578125 0.5574074078125 0.8848958328125001 0.5574074078125
0 0.9276041671874999 0.6740740734374999 0.9276041671874999 0.647222221875 0.9276041671874999 0.6203703703125 0.9041666671874999 0.6203703703125 0.8807291671874999 0.6203703703125 0.8807291671874999 0.647222221875 0.8807291671874999 0.6740740734374999 0.9041666671874999 0.6740740734374999 0.9276041671874999 0.6740740734374999
0 0.9489583328125001 0.784259259375 0.9489583328125001 0.7569444437499999 0.9489583328125001 0.7296296296875 0.92421875 0.7296296296875 0.8994791671875 0.7296296296875 0.8994791671875 0.7569444437499999 0.8994791671875 0.784259259375 0.92421875 0.784259259375 0.9489583328125001 0.784259259375
0 0.6364583328125 0.546296296875 0.6364583328125 0.5083333328124999 0.6364583328125 0.4703703703125 0.6127604171875001 0.4703703703125 0.5890625 0.4703703703125 0.5890625 0.5083333328124999 0.5890625 0.546296296875 0.6127604171875001 0.546296296875 0.6364583328125 0.546296296875
0 0.23333333281250002 0.5453703703125 0.23333333281250002 0.5078703703125 0.23333333281250002 0.4703703703125 0.20182291718749998 0.4703703703125 0.1703125 0.4703703703125 0.1703125 0.5078703703125 0.1703125 0.5453703703125 0.20182291718749998 0.5453703703125 0.23333333281250002 0.5453703703125