0 0.39895833281250004 0.43148148124999997 0.39895833281250004 0.4050925921875 0.39895833281250004 0.378703703125 0.37942708281250004 0.378703703125 0.35989583281250004 0.378703703125 0.35989583281250004 0.4050925921875 0.35989583281250004 0.43148148124999997 0.37942708281250004 0.43148148124999997 0.39895833281250004 0.43148148124999997
0 0.6911458328125 0.559259259375 0.6911458328125 0.534259259375 0.6911458328125 0.509259259375 0.67265625 0.509259259375 0.6541666671875 0.509259259375 0.6541666671875 0.534259259375 0.6541666671875 0.559259259375 0.67265625 0.559259259375 0.6911458328125 0.559259259375
0 0.9635416671874999 0.5018518515625 0.9635416671874999 0.4791666671875 0.9635416671874999 0.45648148125 0.9463541671875 0.45648148125 0.9291666671875 0.45648148125 0.9291666671875 0.4791666671875 0.9291666671875 0.5018518515625 0.9463541671875 0.5018518515625 0.9635416671874999 0.5018518515625
0 0.9177083328125001 0.525 0.9177083328125001 0.49629629687500004 0.9177083328125001 0.4675925921875 0.8934895828125 0.4675925921875 0.8692708328125001 0.4675925921875 0.8692708328125001 0.49629629687500004 0.8692708328125001 0.525 0.8934895828125 0.525 0.9177083328125001 0.525
0 0.3239583328125 1 0.3239583328125 0.9504629625 0.3239583328125 0.9009259265624999 0.2919270828125 0.9009259265624999 0.2598958328125 0.9009259265624999 0.2598958328125 0.9504629625 0.2598958328125 1 0.2919270828125 1 0.3239583328125 1
0 0.8265625 0.9129629625 0.8265625 0.8629629624999999 0.8265625 0.8129629625 0.7940104171875 0.8129629625 0.7614583328125 0.8129629625 0.7614583328125 0.8629629624999999 0.7614583328125 0.9129629625 0.7940104171875 0.9129629625 0.8265625 0.9129629625
0 0.43385416718750003 0.8129629625 0.43385416718750003 0.7875 0.43385416718750003 0.7620370375000001 0.41302083281249996 0.7620370375000001 0.3921875 0.7620370375000001 0.3921875 0.7875 0.3921875 0.8129629625 0.41302083281249996 0.8129629625 0.43385416718750003 0.8129629625
0 0.38229166718749996 0.5638888890625 0.38229166718749996 0.5291666671875 0.38229166718749996 0.49444444374999996 0.35989583281250004 0.49444444374999996 0.3375 0.49444444374999996 0.3375 0.5291666671875 0.3375 0.5638888890625 0.35989583281250004 0.5638888890625 0.38229166718749996 0.5638888890625
1 0.65625 0.6268518515625 0.65625 0.5611111109375 0.65625 0.4953703703125 0.6044270828125 0.4953703703125 0.5526041671875 0.4953703703125 0.5526041671875 0.5611111109375 0.5526041671875 0.6268518515625 0.6044270828125 0.6268518515625 0.65625 0.6268518515625
1 0.8348958328125 0.7888888890625 0.8348958328125 0.70648148125 0.8348958328125 0.6240740734375 0.78828125 0.6240740734375 0.7416666671875001 0.6240740734375 0.7416666671875001 0.70648148125 0.7416666671875001 0.7888888890625 0.78828125 0.7888888890625 0.8348958328125 0.7888888890625
0 0.5270833328125 0.27777777812500004 0.5270833328125 0.24907407343750002 0.5270833328125 0.2203703703125 0.5088541671875 0.2203703703125 0.490625 0.2203703703125 0.490625 0.24907407343750002 0.490625 0.27777777812500004 0.5088541671875 0.27777777812500004 0.5270833328125 0.27777777812500004
0 0.5104166671875 0.22777777812500002 0.5104166671875 0.20277777812500003 0.5104166671875 0.177777778125 0.4953125 0.177777778125 0.48020833281249997 0.177777778125 0.48020833281249997 0.20277777812500003 0.48020833281249997 0.22777777812500002 0.4953125 0.22777777812500002 0.5104166671875 0.22777777812500002
0 0.47291666718750003 0.259259259375 0.47291666718750003 0.2384259265625 0.47291666718750003 0.2175925921875 0.4583333328125 0.2175925921875 0.44375 0.2175925921875 0.44375 0.2384259265625 0.44375 0.259259259375 0.4583333328125 0.259259259375 0.47291666718750003 0.259259259375
0 0.4578125 0.2166666671875 0.4578125 0.1888888890625 0.4578125 0.1611111109375 0.44114583281249997 0.1611111109375 0.4244791671875 0.1611111109375 0.4244791671875 0.1888888890625 0.4244791671875 0.2166666671875 0.44114583281249997 0.2166666671875 0.4578125 0.2166666671875
0 0.41614583281249995 0.22777777812500002 0.41614583281249995 0.20879629687499998 0.41614583281249995 0.1898148140625 0.4015625 0.1898148140625 0.3869791671875 0.1898148140625 0.3869791671875 0.20879629687499998 0.3869791671875 0.22777777812500002 0.4015625 0.22777777812500002 0.41614583281249995 0.22777777812500002