1 0.6354166671875 0.2148148140625 0.6354166671875 0.18379629687500001 0.6354166671875 0.15277777812499999 0.60625 0.15277777812499999 0.5770833328125 0.15277777812499999 0.5770833328125 0.18379629687500001 0.5770833328125 0.2148148140625 0.60625 0.2148148140625 0.6354166671875 0.2148148140625
3 0.5088541671875 0.5731481484375001 0.5088541671875 0.5166666671875 0.5088541671875 0.4601851859375 0.4778645828125 0.4601851859375 0.446875 0.4601851859375 0.446875 0.5166666671875 0.446875 0.5731481484375001 0.4778645828125 0.5731481484375001 0.5088541671875 0.5731481484375001
0 0.10625 0.8046296296875 0.10625 0.7787037031249999 0.10625 0.752777778125 0.09427083281250001 0.752777778125 0.0822916671875 0.752777778125 0.0822916671875 0.7787037031249999 0.0822916671875 0.8046296296875 0.09427083281250001 0.8046296296875 0.10625 0.8046296296875
0 0.5020833328125 0.23611111093749998 0.5020833328125 0.2203703703125 0.5020833328125 0.2046296296875 0.4890625 0.2046296296875 0.4760416671875 0.2046296296875 0.4760416671875 0.2203703703125 0.4760416671875 0.23611111093749998 0.4890625 0.23611111093749998 0.5020833328125 0.23611111093749998
0 0.5265625 0.2166666671875 0.5265625 0.1976851859375 0.5265625 0.178703703125 0.5125 0.178703703125 0.4984375 0.178703703125 0.4984375 0.1976851859375 0.4984375 0.2166666671875 0.5125 0.2166666671875 0.5265625 0.2166666671875
0 0.50625 0.29722222187499997 0.50625 0.27870370312500004 0.50625 0.2601851859375 0.49140625 0.2601851859375 0.4765625 0.2601851859375 0.4765625 0.27870370312500004 0.4765625 0.29722222187499997 0.49140625 0.29722222187499997 0.50625 0.29722222187499997
0 0.40989583281249997 0.3916666671875 0.40989583281249997 0.365277778125 0.40989583281249997 0.33888888906250003 0.39609375 0.33888888906250003 0.38229166718749996 0.33888888906250003 0.38229166718749996 0.365277778125 0.38229166718749996 0.3916666671875 0.39609375 0.3916666671875 0.40989583281249997 0.3916666671875
0 0.534375 0.3518518515625 0.534375 0.328703703125 0.534375 0.30555555624999997 0.5216145828125 0.30555555624999997 0.5088541671875 0.30555555624999997 0.5088541671875 0.328703703125 0.5088541671875 0.3518518515625 0.5216145828125 0.3518518515625 0.534375 0.3518518515625
0 0.5890625 0.16388888906250001 0.5890625 0.1449074078125 0.5890625 0.12592592656249998 0.57578125 0.12592592656249998 0.5625 0.12592592656249998 0.5625 0.1449074078125 0.5625 0.16388888906250001 0.57578125 0.16388888906250001 0.5890625 0.16388888906250001
0 0.659375 0.2666666671875 0.659375 0.24583333281250003 0.659375 0.225 0.6419270828125 0.225 0.6244791671875001 0.225 0.6244791671875001 0.24583333281250003 0.6244791671875001 0.2666666671875 0.6419270828125 0.2666666671875 0.659375 0.2666666671875
0 0.7010416671875 0.3 0.7010416671875 0.26944444375 0.7010416671875 0.2388888890625 0.68125 0.2388888890625 0.6614583328125 0.2388888890625 0.6614583328125 0.26944444375 0.6614583328125 0.3 0.68125 0.3 0.7010416671875 0.3
0 0.746875 0.28796296250000003 0.746875 0.2666666671875 0.746875 0.2453703703125 0.7302083328125 0.2453703703125 0.7135416671875 0.2453703703125 0.7135416671875 0.2666666671875 0.7135416671875 0.28796296250000003 0.7302083328125 0.28796296250000003 0.746875 0.28796296250000003
0 0.471875 0.5111111109375 0.471875 0.48148148125 0.471875 0.45185185156249996 0.45416666718750004 0.45185185156249996 0.43645833281249996 0.45185185156249996 0.43645833281249996 0.48148148125 0.43645833281249996 0.5111111109375 0.45416666718750004 0.5111111109375 0.471875 0.5111111109375
0 0.2776041671875 0.6425925921875 0.2776041671875 0.6175925921875 0.2776041671875 0.5925925921874999 0.26484375 0.5925925921874999 0.2520833328125 0.5925925921874999 0.2520833328125 0.6175925921875 0.2520833328125 0.6425925921875 0.26484375 0.6425925921875 0.2776041671875 0.6425925921875
0 0.2755208328125 0.7018518515625 0.2755208328125 0.68101851875 0.2755208328125 0.6601851859375001 0.2598958328125 0.6601851859375001 0.2442708328125 0.6601851859375001 0.2442708328125 0.68101851875 0.2442708328125 0.7018518515625 0.2598958328125 0.7018518515625 0.2755208328125 0.7018518515625
0 0.2203125 0.7981481484375 0.2203125 0.7754629625 0.2203125 0.752777778125 0.20833333281250002 0.752777778125 0.1963541671875 0.752777778125 0.1963541671875 0.7754629625 0.1963541671875 0.7981481484375 0.20833333281250002 0.7981481484375 0.2203125 0.7981481484375
0 0.41041666718750003 0.6851851859375 0.41041666718750003 0.6615740734375 0.41041666718750003 0.6379629625 0.3955729171875 0.6379629625 0.3807291671875 0.6379629625 0.3807291671875 0.6615740734375 0.3807291671875 0.6851851859375 0.3955729171875 0.6851851859375 0.41041666718750003 0.6851851859375
0 0.2776041671875 0.9416666671874999 0.2776041671875 0.9041666671874999 0.2776041671875 0.8666666671875 0.25442708281250004 0.8666666671875 0.23125 0.8666666671875 0.23125 0.9041666671874999 0.23125 0.9416666671874999 0.25442708281250004 0.9416666671874999 0.2776041671875 0.9416666671874999
0 0.3296875 0.9824074078124999 0.3296875 0.952777778125 0.3296875 0.9231481484374999 0.31015625 0.9231481484374999 0.290625 0.9231481484374999 0.290625 0.952777778125 0.290625 0.9824074078124999 0.31015625 0.9824074078124999 0.3296875 0.9824074078124999
0 0.3625 0.9546296296874999 0.3625 0.9240740734375 0.3625 0.89351851875 0.3466145828125 0.89351851875 0.3307291671875 0.89351851875 0.3307291671875 0.9240740734375 0.3307291671875 0.9546296296874999 0.3466145828125 0.9546296296874999 0.3625 0.9546296296874999
0 0.42083333281249996 0.915740740625 0.42083333281249996 0.8851851859375 0.42083333281249996 0.8546296296874999 0.4028645828125 0.8546296296874999 0.3848958328125 0.8546296296874999 0.3848958328125 0.8851851859375 0.3848958328125 0.915740740625 0.4028645828125 0.915740740625 0.42083333281249996 0.915740740625
0 0.596875 0.5888888890625 0.596875 0.5648148140625 0.596875 0.540740740625 0.5815104171875001 0.540740740625 0.5661458328125 0.540740740625 0.5661458328125 0.5648148140625 0.5661458328125 0.5888888890625 0.5815104171875001 0.5888888890625 0.596875 0.5888888890625