3 0.3395833328125 0.7814814812499999 0.3395833328125 0.741203703125 0.3395833328125 0.7009259265625001 0.3005208328125 0.7009259265625001 0.2614583328125 0.7009259265625001 0.2614583328125 0.741203703125 0.2614583328125 0.7814814812499999 0.3005208328125 0.7814814812499999 0.3395833328125 0.7814814812499999
3 0.221875 0.609259259375 0.221875 0.5768518515625 0.221875 0.54444444375 0.1890625 0.54444444375 0.15625 0.54444444375 0.15625 0.5768518515625 0.15625 0.609259259375 0.1890625 0.609259259375 0.221875 0.609259259375
3 0.1234375 0.5287037031249999 0.1234375 0.503240740625 0.1234375 0.477777778125 0.10052083281249999 0.477777778125 0.07760416718749999 0.477777778125 0.07760416718749999 0.503240740625 0.07760416718749999 0.5287037031249999 0.10052083281249999 0.5287037031249999 0.1234375 0.5287037031249999
0 0.17239583281249998 0.4361111109375 0.17239583281249998 0.4148148140625 0.17239583281249998 0.39351851875 0.1578125 0.39351851875 0.1432291671875 0.39351851875 0.1432291671875 0.4148148140625 0.1432291671875 0.4361111109375 0.1578125 0.4361111109375 0.17239583281249998 0.4361111109375
0 0.153125 0.4601851859375 0.153125 0.4481481484375 0.153125 0.4361111109375 0.14375 0.4361111109375 0.134375 0.4361111109375 0.134375 0.4481481484375 0.134375 0.4601851859375 0.14375 0.4601851859375 0.153125 0.4601851859375
0 0.2192708328125 0.502777778125 0.2192708328125 0.4796296296875 0.2192708328125 0.45648148125 0.2013020828125 0.45648148125 0.1833333328125 0.45648148125 0.1833333328125 0.4796296296875 0.1833333328125 0.502777778125 0.2013020828125 0.502777778125 0.2192708328125 0.502777778125
0 0.084375 0.690740740625 0.084375 0.6699074078125 0.084375 0.6490740734375 0.0643229171875 0.6490740734375 0.0442708328125 0.6490740734375 0.0442708328125 0.6699074078125 0.0442708328125 0.690740740625 0.0643229171875 0.690740740625 0.084375 0.690740740625
0 0.15 0.7814814812499999 0.15 0.7601851859375001 0.15 0.7388888890625 0.1296875 0.7388888890625 0.109375 0.7388888890625 0.109375 0.7601851859375001 0.109375 0.7814814812499999 0.1296875 0.7814814812499999 0.15 0.7814814812499999
0 0.221875 0.74444444375 0.221875 0.715740740625 0.221875 0.6870370375 0.20286458281250003 0.6870370375 0.1838541671875 0.6870370375 0.1838541671875 0.715740740625 0.1838541671875 0.74444444375 0.20286458281250003 0.74444444375 0.221875 0.74444444375
0 0.31197916718749996 0.81851851875 0.31197916718749996 0.790277778125 0.31197916718749996 0.7620370375000001 0.2903645828125 0.7620370375000001 0.26875 0.7620370375000001 0.26875 0.790277778125 0.26875 0.81851851875 0.2903645828125 0.81851851875 0.31197916718749996 0.81851851875
0 0.3859375 0.9398148140625 0.3859375 0.9050925921875 0.3859375 0.8703703703125001 0.3658854171875 0.8703703703125001 0.3458333328125 0.8703703703125001 0.3458333328125 0.9050925921875 0.3458333328125 0.9398148140625 0.3658854171875 0.9398148140625 0.3859375 0.9398148140625
0 0.41197916718750005 0.5166666671875 0.41197916718750005 0.503703703125 0.41197916718750005 0.490740740625 0.3971354171875 0.490740740625 0.38229166718749996 0.490740740625 0.38229166718749996 0.503703703125 0.38229166718749996 0.5166666671875 0.3971354171875 0.5166666671875 0.41197916718750005 0.5166666671875
0 0.4484375 0.509259259375 0.4484375 0.4879629625 0.4484375 0.46666666718750005 0.43072916718750004 0.46666666718750005 0.41302083281249996 0.46666666718750005 0.41302083281249996 0.4879629625 0.41302083281249996 0.509259259375 0.43072916718750004 0.509259259375 0.4484375 0.509259259375
0 0.4838541671875 0.534259259375 0.4838541671875 0.5148148140625 0.4838541671875 0.4953703703125 0.4682291671875 0.4953703703125 0.4526041671875 0.4953703703125 0.4526041671875 0.5148148140625 0.4526041671875 0.534259259375 0.4682291671875 0.534259259375 0.4838541671875 0.534259259375
0 0.525 0.5953703703125 0.525 0.5791666671875 0.525 0.5629629625 0.51484375 0.5629629625 0.5046875 0.5629629625 0.5046875 0.5791666671875 0.5046875 0.5953703703125 0.51484375 0.5953703703125 0.525 0.5953703703125
0 0.58125 0.6388888890625 0.58125 0.6148148140624999 0.58125 0.590740740625 0.5677083328125 0.590740740625 0.5541666671875001 0.590740740625 0.5541666671875001 0.6148148140624999 0.5541666671875001 0.6388888890625 0.5677083328125 0.6388888890625 0.58125 0.6388888890625
0 0.6161458328125 0.6888888890625 0.6161458328125 0.6638888890625 0.6161458328125 0.6388888890625 0.6015625 0.6388888890625 0.5869791671875 0.6388888890625 0.5869791671875 0.6638888890625 0.5869791671875 0.6888888890625 0.6015625 0.6888888890625 0.6161458328125 0.6888888890625
0 0.6307291671875 0.7120370375 0.6307291671875 0.690740740625 0.6307291671875 0.66944444375 0.61640625 0.66944444375 0.6020833328124999 0.66944444375 0.6020833328124999 0.690740740625 0.6020833328124999 0.7120370375 0.61640625 0.7120370375 0.6307291671875 0.7120370375
0 0.7151041671875 0.8138888890624999 0.7151041671875 0.778240740625 0.7151041671875 0.7425925921875 0.6893229171875 0.7425925921875 0.6635416671875001 0.7425925921875 0.6635416671875001 0.778240740625 0.6635416671875001 0.8138888890624999 0.6893229171875 0.8138888890624999 0.7151041671875 0.8138888890624999
0 0.5765625 0.872222221875 0.5765625 0.8490740734375001 0.5765625 0.8259259265625 0.5575520828125 0.8259259265625 0.5385416671875001 0.8259259265625 0.5385416671875001 0.8490740734375001 0.5385416671875001 0.872222221875 0.5575520828125 0.872222221875 0.5765625 0.872222221875
0 0.6630208328125 0.9083333328125001 0.6630208328125 0.875 0.6630208328125 0.8416666671874999 0.6395833328125 0.8416666671874999 0.6161458328125 0.8416666671874999 0.6161458328125 0.875 0.6161458328125 0.9083333328125001 0.6395833328125 0.9083333328125001 0.6630208328125 0.9083333328125001
0 0.6869791671875001 0.952777778125 0.6869791671875001 0.9296296296875 0.6869791671875001 0.9064814812499999 0.6682291671875 0.9064814812499999 0.6494791671875 0.9064814812499999 0.6494791671875 0.9296296296875 0.6494791671875 0.952777778125 0.6682291671875 0.952777778125 0.6869791671875001 0.952777778125
0 0.5453125 1 0.5453125 0.9791666671874999 0.5453125 0.9583333328125001 0.5200520828124999 0.9583333328125001 0.4947916671875 0.9583333328125001 0.4947916671875 0.9791666671874999 0.4947916671875 1 0.5200520828124999 1 0.5453125 1