0 0.7526041671875 0.44166666718750003 0.7526041671875 0.42175925937500003 0.7526041671875 0.4018518515625 0.73828125 0.4018518515625 0.7239583328125 0.4018518515625 0.7239583328125 0.42175925937500003 0.7239583328125 0.44166666718750003 0.73828125 0.44166666718750003 0.7526041671875 0.44166666718750003
0 0.7447916671875 0.5851851859375 0.7447916671875 0.5615740734375 0.7447916671875 0.5379629625 0.7268229171875 0.5379629625 0.7088541671875 0.5379629625 0.7088541671875 0.5615740734375 0.7088541671875 0.5851851859375 0.7268229171875 0.5851851859375 0.7447916671875 0.5851851859375
3 0.1541666671875 0.60648148125 0.1541666671875 0.5671296296875 0.1541666671875 0.527777778125 0.11223958281249999 0.527777778125 0.0703125 0.527777778125 0.0703125 0.5671296296875 0.0703125 0.60648148125 0.11223958281249999 0.60648148125 0.1541666671875 0.60648148125
3 0.38229166718749996 0.8259259265625 0.38229166718749996 0.7958333328125 0.38229166718749996 0.765740740625 0.35546875 0.765740740625 0.32864583281250004 0.765740740625 0.32864583281250004 0.7958333328125 0.32864583281250004 0.8259259265625 0.35546875 0.8259259265625 0.38229166718749996 0.8259259265625
0 0.10364583281249999 0.91944444375 0.10364583281249999 0.88148148125 0.10364583281249999 0.8435185187500001 0.07734375 0.8435185187500001 0.051041667187499994 0.8435185187500001 0.051041667187499994 0.88148148125 0.051041667187499994 0.91944444375 0.07734375 0.91944444375 0.10364583281249999 0.91944444375
0 0.39791666718749996 0.8898148140625001 0.39791666718749996 0.8606481484374999 0.39791666718749996 0.83148148125 0.37838541718749996 0.83148148125 0.35885416718749996 0.83148148125 0.35885416718749996 0.8606481484374999 0.35885416718749996 0.8898148140625001 0.37838541718749996 0.8898148140625001 0.39791666718749996 0.8898148140625001
0 0.6083333328125 0.9472222218749999 0.6083333328125 0.922222221875 0.6083333328125 0.897222221875 0.5885416671875 0.897222221875 0.56875 0.897222221875 0.56875 0.922222221875 0.56875 0.9472222218749999 0.5885416671875 0.9472222218749999 0.6083333328125 0.9472222218749999
0 0.546875 0.7740740734375 0.546875 0.747222221875 0.546875 0.7203703703125 0.5315104171875 0.7203703703125 0.5161458328124999 0.7203703703125 0.5161458328124999 0.747222221875 0.5161458328124999 0.7740740734375 0.5315104171875 0.7740740734375 0.546875 0.7740740734375
0 0.6223958328125 0.7666666671875 0.6223958328125 0.73148148125 0.6223958328125 0.696296296875 0.6013020828125 0.696296296875 0.5802083328125 0.696296296875 0.5802083328125 0.73148148125 0.5802083328125 0.7666666671875 0.6013020828125 0.7666666671875 0.6223958328125 0.7666666671875
0 0.703125 0.747222221875 0.703125 0.7208333328125 0.703125 0.6944444437499999 0.6846354171875 0.6944444437499999 0.6661458328125 0.6944444437499999 0.6661458328125 0.7208333328125 0.6661458328125 0.747222221875 0.6846354171875 0.747222221875 0.703125 0.747222221875
0 0.6864583328125 0.709259259375 0.6864583328125 0.6861111109375 0.6864583328125 0.6629629625 0.66875 0.6629629625 0.6510416671875 0.6629629625 0.6510416671875 0.6861111109375 0.6510416671875 0.709259259375 0.66875 0.709259259375 0.6864583328125 0.709259259375
0 0.8609375 0.66944444375 0.8609375 0.641203703125 0.8609375 0.6129629624999999 0.84375 0.6129629624999999 0.8265625 0.6129629624999999 0.8265625 0.641203703125 0.8265625 0.66944444375 0.84375 0.66944444375 0.8609375 0.66944444375
0 0.6208333328125 0.5731481484375001 0.6208333328125 0.5509259265625001 0.6208333328125 0.5287037031249999 0.6067708328125 0.5287037031249999 0.5927083328125 0.5287037031249999 0.5927083328125 0.5509259265625001 0.5927083328125 0.5731481484375001 0.6067708328125 0.5731481484375001 0.6208333328125 0.5731481484375001
0 0.8135416671875 0.46388888906250003 0.8135416671875 0.44444444375 0.8135416671875 0.425 0.79921875 0.425 0.7848958328125 0.425 0.7848958328125 0.44444444375 0.7848958328125 0.46388888906250003 0.79921875 0.46388888906250003 0.8135416671875 0.46388888906250003
0 0.228125 0.7101851859375 0.228125 0.690277778125 0.228125 0.6703703703125 0.21119791718749997 0.6703703703125 0.1942708328125 0.6703703703125 0.1942708328125 0.690277778125 0.1942708328125 0.7101851859375 0.21119791718749997 0.7101851859375 0.228125 0.7101851859375
0 0.2703125 0.6018518515625 0.2703125 0.5828703703125 0.2703125 0.5638888890625 0.25625 0.5638888890625 0.2421875 0.5638888890625 0.2421875 0.5828703703125 0.2421875 0.6018518515625 0.25625 0.6018518515625 0.2703125 0.6018518515625
0 0.42864583281249996 0.272222221875 0.42864583281249996 0.25555555625 0.42864583281249996 0.2388888890625 0.41432291718750003 0.2388888890625 0.4 0.2388888890625 0.4 0.25555555625 0.4 0.272222221875 0.41432291718750003 0.272222221875 0.42864583281249996 0.272222221875
0 0.596875 0.36851851875 0.596875 0.346759259375 0.596875 0.325 0.5841145828125 0.325 0.5713541671875 0.325 0.5713541671875 0.346759259375 0.5713541671875 0.36851851875 0.5841145828125 0.36851851875 0.596875 0.36851851875
0 0.6229166671875 0.3166666671875 0.6229166671875 0.2995370375 0.6229166671875 0.2824074078125 0.61015625 0.2824074078125 0.5973958328125 0.2824074078125 0.5973958328125 0.2995370375 0.5973958328125 0.3166666671875 0.61015625 0.3166666671875 0.6229166671875 0.3166666671875