0 0.7723958328125 0.702777778125 0.7723958328125 0.6763888890625 0.7723958328125 0.65 0.7565104171875 0.65 0.740625 0.65 0.740625 0.6763888890625 0.740625 0.702777778125 0.7565104171875 0.702777778125 0.7723958328125 0.702777778125
0 0.284375 0.3879629625 0.284375 0.35046296250000003 0.284375 0.3129629625 0.2640625 0.3129629625 0.24375 0.3129629625 0.24375 0.35046296250000003 0.24375 0.3879629625 0.2640625 0.3879629625 0.284375 0.3879629625
0 0.5125 0.8203703703125 0.5125 0.7828703703125 0.5125 0.7453703703125 0.48411458281249997 0.7453703703125 0.4557291671875 0.7453703703125 0.4557291671875 0.7828703703125 0.4557291671875 0.8203703703125 0.48411458281249997 0.8203703703125 0.5125 0.8203703703125
0 0.5479166671875 0.7046296296875 0.5479166671875 0.678240740625 0.5479166671875 0.6518518515625 0.5354166671875 0.6518518515625 0.5229166671875001 0.6518518515625 0.5229166671875001 0.678240740625 0.5229166671875001 0.7046296296875 0.5354166671875 0.7046296296875 0.5479166671875 0.7046296296875
0 0.5546875 0.759259259375 0.5546875 0.7328703703125 0.5546875 0.70648148125 0.53828125 0.70648148125 0.521875 0.70648148125 0.521875 0.7328703703125 0.521875 0.759259259375 0.53828125 0.759259259375 0.5546875 0.759259259375
0 0.6140625 0.747222221875 0.6140625 0.7194444437499999 0.6140625 0.6916666671875 0.5981770828124999 0.6916666671875 0.5822916671875 0.6916666671875 0.5822916671875 0.7194444437499999 0.5822916671875 0.747222221875 0.5981770828124999 0.747222221875 0.6140625 0.747222221875
0 0.6734375 0.8083333328125001 0.6734375 0.775 0.6734375 0.7416666671875001 0.6580729171875 0.7416666671875001 0.6427083328125 0.7416666671875001 0.6427083328125 0.775 0.6427083328125 0.8083333328125001 0.6580729171875 0.8083333328125001 0.6734375 0.8083333328125001
0 0.6625 0.840740740625 0.6625 0.8101851859375 0.6625 0.7796296296875 0.63984375 0.7796296296875 0.6171875 0.7796296296875 0.6171875 0.8101851859375 0.6171875 0.840740740625 0.63984375 0.840740740625 0.6625 0.840740740625
0 0.8875 0.9379629625 0.8875 0.9023148140625 0.8875 0.8666666671875 0.8643229171875 0.8666666671875 0.8411458328125001 0.8666666671875 0.8411458328125001 0.9023148140625 0.8411458328125001 0.9379629625 0.8643229171875 0.9379629625 0.8875 0.9379629625
0 0.7489583328125 0.98055555625 0.7489583328125 0.934259259375 0.7489583328125 0.8879629625 0.7229166671875 0.8879629625 0.696875 0.8879629625 0.696875 0.934259259375 0.696875 0.98055555625 0.7229166671875 0.98055555625 0.7489583328125 0.98055555625
0 0.19583333281249998 0.8796296296874999 0.19583333281249998 0.8444444437499999 0.19583333281249998 0.809259259375 0.1651041671875 0.809259259375 0.134375 0.809259259375 0.134375 0.8444444437499999 0.134375 0.8796296296874999 0.1651041671875 0.8796296296874999 0.19583333281249998 0.8796296296874999
3 0.8619791671874999 1 0.8619791671874999 0.971759259375 0.8619791671874999 0.94351851875 0.8252604171875 0.94351851875 0.7885416671875001 0.94351851875 0.7885416671875001 0.971759259375 0.7885416671875001 1 0.8252604171875 1 0.8619791671874999 1
1 0.1234375 1 0.1234375 0.89444444375 0.1234375 0.7888888890625 0.061979167187499996 0.7888888890625 0.0005208328124999999 0.7888888890625 0.0005208328124999999 0.89444444375 0.0005208328124999999 1 0.061979167187499996 1 0.1234375 1
1 0.6609375 0.5731481484375001 0.6609375 0.5273148140624999 0.6609375 0.48148148125 0.6278645828125 0.48148148125 0.5947916671875 0.48148148125 0.5947916671875 0.5273148140624999 0.5947916671875 0.5731481484375001 0.6278645828125 0.5731481484375001 0.6609375 0.5731481484375001