3 0.6869791671875001 0.827777778125 0.6869791671875001 0.8018518515625 0.6869791671875001 0.7759259265625 0.6669270828125 0.7759259265625 0.646875 0.7759259265625 0.646875 0.8018518515625 0.646875 0.827777778125 0.6669270828125 0.827777778125 0.6869791671875001 0.827777778125
0 0.21979166718749998 0.66944444375 0.21979166718749998 0.6513888890625 0.21979166718749998 0.6333333328124999 0.20078125 0.6333333328124999 0.1817708328125 0.6333333328124999 0.1817708328125 0.6513888890625 0.1817708328125 0.66944444375 0.20078125 0.66944444375 0.21979166718749998 0.66944444375
0 0.2244791671875 0.8481481484375 0.2244791671875 0.821296296875 0.2244791671875 0.79444444375 0.2075520828125 0.79444444375 0.190625 0.79444444375 0.190625 0.821296296875 0.190625 0.8481481484375 0.2075520828125 0.8481481484375 0.2244791671875 0.8481481484375
0 0.1921875 0.9398148140625 0.1921875 0.9138888890624999 0.1921875 0.8879629625 0.1739583328125 0.8879629625 0.15572916718750002 0.8879629625 0.15572916718750002 0.9138888890624999 0.15572916718750002 0.9398148140625 0.1739583328125 0.9398148140625 0.1921875 0.9398148140625
0 0.22552083281250002 0.922222221875 0.22552083281250002 0.8990740734375 0.22552083281250002 0.8759259265624999 0.2065104171875 0.8759259265624999 0.1875 0.8759259265624999 0.1875 0.8990740734375 0.1875 0.922222221875 0.2065104171875 0.922222221875 0.22552083281250002 0.922222221875
0 0.35625 0.7833333328125 0.35625 0.7671296296875 0.35625 0.7509259265625 0.34322916718749996 0.7509259265625 0.3302083328125 0.7509259265625 0.3302083328125 0.7671296296875 0.3302083328125 0.7833333328125 0.34322916718749996 0.7833333328125 0.35625 0.7833333328125
0 0.4 0.840740740625 0.4 0.8125 0.4 0.784259259375 0.3817708328125 0.784259259375 0.3635416671875 0.784259259375 0.3635416671875 0.8125 0.3635416671875 0.840740740625 0.3817708328125 0.840740740625 0.4 0.840740740625
0 0.5822916671875 0.6916666671875 0.5822916671875 0.6740740734374999 0.5822916671875 0.6564814812499999 0.5713541671875 0.6564814812499999 0.5604166671875 0.6564814812499999 0.5604166671875 0.6740740734374999 0.5604166671875 0.6916666671875 0.5713541671875 0.6916666671875 0.5822916671875 0.6916666671875
0 0.5661458328125 0.75648148125 0.5661458328125 0.7402777781250001 0.5661458328125 0.7240740734375 0.55234375 0.7240740734375 0.5385416671875001 0.7240740734375 0.5385416671875001 0.7402777781250001 0.5385416671875001 0.75648148125 0.55234375 0.75648148125 0.5661458328125 0.75648148125
0 0.5067708328125 0.8666666671875 0.5067708328125 0.8462962968750001 0.5067708328125 0.8259259265625 0.48671875 0.8259259265625 0.46666666718750005 0.8259259265625 0.46666666718750005 0.8462962968750001 0.46666666718750005 0.8666666671875 0.48671875 0.8666666671875 0.5067708328125 0.8666666671875
0 0.9557291671874999 0.7620370375000001 0.9557291671874999 0.7425925921875 0.9557291671874999 0.7231481484375 0.9395833328125001 0.7231481484375 0.9234375 0.7231481484375 0.9234375 0.7425925921875 0.9234375 0.7620370375000001 0.9395833328125001 0.7620370375000001 0.9557291671874999 0.7620370375000001
0 0.9802083328125001 0.79444444375 0.9802083328125001 0.771296296875 0.9802083328125001 0.7481481484375 0.9609375 0.7481481484375 0.9416666671874999 0.7481481484375 0.9416666671874999 0.771296296875 0.9416666671874999 0.79444444375 0.9609375 0.79444444375 0.9802083328125001 0.79444444375
0 0.8791666671874999 0.922222221875 0.8791666671874999 0.9037037031249999 0.8791666671874999 0.8851851859375 0.8643229171875 0.8851851859375 0.8494791671874999 0.8851851859375 0.8494791671874999 0.9037037031249999 0.8494791671874999 0.922222221875 0.8643229171875 0.922222221875 0.8791666671874999 0.922222221875
0 0.8880208328125001 0.7981481484375 0.8880208328125001 0.7703703703125 0.8880208328125001 0.7425925921875 0.86796875 0.7425925921875 0.8479166671874999 0.7425925921875 0.8479166671874999 0.7703703703125 0.8479166671874999 0.7981481484375 0.86796875 0.7981481484375 0.8880208328125001 0.7981481484375
0 0.8208333328125 0.7990740734374999 0.8208333328125 0.7773148140624999 0.8208333328125 0.75555555625 0.8049479171874999 0.75555555625 0.7890625 0.75555555625 0.7890625 0.7773148140624999 0.7890625 0.7990740734374999 0.8049479171874999 0.7990740734374999 0.8208333328125 0.7990740734374999
0 0.7052083328125 0.865740740625 0.7052083328125 0.8476851859375 0.7052083328125 0.8296296296874999 0.6893229171875 0.8296296296874999 0.6734375 0.8296296296874999 0.6734375 0.8476851859375 0.6734375 0.865740740625 0.6893229171875 0.865740740625 0.7052083328125 0.865740740625