0 0.6583333328125 0.58148148125 0.6583333328125 0.559259259375 0.6583333328125 0.5370370375 0.64453125 0.5370370375 0.6307291671875 0.5370370375 0.6307291671875 0.559259259375 0.6307291671875 0.58148148125 0.64453125 0.58148148125 0.6583333328125 0.58148148125
0 0.4609375 0.4981481484375 0.4609375 0.47407407343749997 0.4609375 0.45 0.446875 0.45 0.4328125 0.45 0.4328125 0.47407407343749997 0.4328125 0.4981481484375 0.446875 0.4981481484375 0.4609375 0.4981481484375
0 0.446875 0.575 0.446875 0.5550925921875 0.446875 0.5351851859375001 0.43776041718750003 0.5351851859375001 0.42864583281249996 0.5351851859375001 0.42864583281249996 0.5550925921875 0.42864583281249996 0.575 0.43776041718750003 0.575 0.446875 0.575
0 0.26875 0.49629629687500004 0.26875 0.4675925921875 0.26875 0.4388888890625 0.25234375 0.4388888890625 0.2359375 0.4388888890625 0.2359375 0.4675925921875 0.2359375 0.49629629687500004 0.25234375 0.49629629687500004 0.26875 0.49629629687500004
0 0.8244791671874999 0.727777778125 0.8244791671874999 0.69305555625 0.8244791671874999 0.6583333328125 0.8106770828125001 0.6583333328125 0.796875 0.6583333328125 0.796875 0.69305555625 0.796875 0.727777778125 0.8106770828125001 0.727777778125 0.8244791671874999 0.727777778125
0 0.8765625 0.9879629624999999 0.8765625 0.9578703703125001 0.8765625 0.9277777781250001 0.8559895828125 0.9277777781250001 0.8354166671875 0.9277777781250001 0.8354166671875 0.9578703703125001 0.8354166671875 0.9879629624999999 0.8559895828125 0.9879629624999999 0.8765625 0.9879629624999999
0 0.6890625 0.9416666671874999 0.6890625 0.91851851875 0.6890625 0.8953703703125001 0.6716145828125 0.8953703703125001 0.6541666671875 0.8953703703125001 0.6541666671875 0.91851851875 0.6541666671875 0.9416666671874999 0.6716145828125 0.9416666671874999 0.6890625 0.9416666671874999
0 0.5765625 1 0.5765625 0.972222221875 0.5765625 0.9444444437499999 0.55078125 0.9444444437499999 0.525 0.9444444437499999 0.525 0.972222221875 0.525 1 0.55078125 1 0.5765625 1
0 0.41302083281249996 0.99351851875 0.41302083281249996 0.9421296296874999 0.41302083281249996 0.890740740625 0.38046875 0.890740740625 0.3479166671875 0.890740740625 0.3479166671875 0.9421296296874999 0.3479166671875 0.99351851875 0.38046875 0.99351851875 0.41302083281249996 0.99351851875
0 0.0739583328125 1 0.0739583328125 0.9611111109375001 0.0739583328125 0.922222221875 0.0375 0.922222221875 0.0010416671875 0.922222221875 0.0010416671875 0.9611111109375001 0.0010416671875 1 0.0375 1 0.0739583328125 1
0 0.0723958328125 0.9259259265625 0.0723958328125 0.897222221875 0.0723958328125 0.86851851875 0.0447916671875 0.86851851875 0.0171875 0.86851851875 0.0171875 0.897222221875 0.0171875 0.9259259265625 0.0447916671875 0.9259259265625 0.0723958328125 0.9259259265625
0 0.2979166671875 0.7268518515625 0.2979166671875 0.7078703703125 0.2979166671875 0.6888888890625 0.2786458328125 0.6888888890625 0.259375 0.6888888890625 0.259375 0.7078703703125 0.259375 0.7268518515625 0.2786458328125 0.7268518515625 0.2979166671875 0.7268518515625
0 0.34375 0.6888888890625 0.34375 0.66898148125 0.34375 0.6490740734375 0.32864583281250004 0.6490740734375 0.3135416671875 0.6490740734375 0.3135416671875 0.66898148125 0.3135416671875 0.6888888890625 0.32864583281250004 0.6888888890625 0.34375 0.6888888890625
0 0.5005208328124999 0.8481481484375 0.5005208328124999 0.8199074078124999 0.5005208328124999 0.7916666671875 0.48072916718750003 0.7916666671875 0.4609375 0.7916666671875 0.4609375 0.8199074078124999 0.4609375 0.8481481484375 0.48072916718750003 0.8481481484375 0.5005208328124999 0.8481481484375
0 0.6171875 0.809259259375 0.6171875 0.7875 0.6171875 0.765740740625 0.6041666671875 0.765740740625 0.5911458328125 0.765740740625 0.5911458328125 0.7875 0.5911458328125 0.809259259375 0.6041666671875 0.809259259375 0.6171875 0.809259259375
0 0.6333333328124999 0.7666666671875 0.6333333328124999 0.7421296296875 0.6333333328124999 0.7175925921874999 0.6166666671875001 0.7175925921874999 0.6 0.7175925921874999 0.6 0.7421296296875 0.6 0.7666666671875 0.6166666671875001 0.7666666671875 0.6333333328124999 0.7666666671875
0 0.7036458328124999 0.765740740625 0.7036458328124999 0.74444444375 0.7036458328124999 0.7231481484375 0.6895833328125 0.7231481484375 0.6755208328125 0.7231481484375 0.6755208328125 0.74444444375 0.6755208328125 0.765740740625 0.6895833328125 0.765740740625 0.7036458328124999 0.765740740625
0 0.7109375 0.73055555625 0.7109375 0.7106481484375 0.7109375 0.690740740625 0.6932291671875 0.690740740625 0.6755208328125 0.690740740625 0.6755208328125 0.7106481484375 0.6755208328125 0.73055555625 0.6932291671875 0.73055555625 0.7109375 0.73055555625
0 0.6421875 0.7194444437499999 0.6421875 0.696759259375 0.6421875 0.6740740734374999 0.6221354171875 0.6740740734374999 0.6020833328124999 0.6740740734374999 0.6020833328124999 0.696759259375 0.6020833328124999 0.7194444437499999 0.6221354171875 0.7194444437499999 0.6421875 0.7194444437499999
0 0.5427083328125 0.6416666671875 0.5427083328125 0.625 0.5427083328125 0.6083333328125 0.52734375 0.6083333328125 0.5119791671875 0.6083333328125 0.5119791671875 0.625 0.5119791671875 0.6416666671875 0.52734375 0.6416666671875 0.5427083328125 0.6416666671875
0 0.4947916671875 0.627777778125 0.4947916671875 0.60648148125 0.4947916671875 0.5851851859375 0.47942708281249996 0.5851851859375 0.4640625 0.5851851859375 0.4640625 0.60648148125 0.4640625 0.627777778125 0.47942708281249996 0.627777778125 0.4947916671875 0.627777778125
0 0.446875 0.7009259265625001 0.446875 0.68194444375 0.446875 0.6629629625 0.434375 0.6629629625 0.421875 0.6629629625 0.421875 0.68194444375 0.421875 0.7009259265625001 0.434375 0.7009259265625001 0.446875 0.7009259265625001
0 0.41197916718750005 0.640740740625 0.41197916718750005 0.621759259375 0.41197916718750005 0.602777778125 0.3924479171875 0.602777778125 0.3729166671875 0.602777778125 0.3729166671875 0.621759259375 0.3729166671875 0.640740740625 0.3924479171875 0.640740740625 0.41197916718750005 0.640740740625
0 0.29375 0.5740740734374999 0.29375 0.5578703703125 0.29375 0.5416666671875 0.2799479171875 0.5416666671875 0.26614583281250004 0.5416666671875 0.26614583281250004 0.5578703703125 0.26614583281250004 0.5740740734374999 0.2799479171875 0.5740740734374999 0.29375 0.5740740734374999
0 0.0958333328125 0.5694444437499999 0.0958333328125 0.5490740734374999 0.0958333328125 0.5287037031249999 0.0783854171875 0.5287037031249999 0.0609375 0.5287037031249999 0.0609375 0.5490740734374999 0.0609375 0.5694444437499999 0.0783854171875 0.5694444437499999 0.0958333328125 0.5694444437499999
0 0.051041667187499994 0.5675925921875 0.051041667187499994 0.5476851859375 0.051041667187499994 0.527777778125 0.0359375 0.527777778125 0.0208333328125 0.527777778125 0.0208333328125 0.5476851859375 0.0208333328125 0.5675925921875 0.0359375 0.5675925921875 0.051041667187499994 0.5675925921875
0 0.0375 0.5416666671875 0.0375 0.5236111109375 0.0375 0.50555555625 0.0190104171875 0.50555555625 0.0005208328124999999 0.50555555625 0.0005208328124999999 0.5236111109375 0.0005208328124999999 0.5416666671875 0.0190104171875 0.5416666671875 0.0375 0.5416666671875
1 0.5734375 0.684259259375 0.5734375 0.6615740734375 0.5734375 0.6388888890625 0.5359375 0.6388888890625 0.4984375 0.6388888890625 0.4984375 0.6615740734375 0.4984375 0.684259259375 0.5359375 0.684259259375 0.5734375 0.684259259375
3 0.2427083328125 0.7731481484375 0.2427083328125 0.7486111109375 0.2427083328125 0.7240740734375 0.2143229171875 0.7240740734375 0.1859375 0.7240740734375 0.1859375 0.7486111109375 0.1859375 0.7731481484375 0.2143229171875 0.7731481484375 0.2427083328125 0.7731481484375
3 0.4369791671875 0.8055555562500001 0.4369791671875 0.7754629625 0.4369791671875 0.7453703703125 0.40260416718750003 0.7453703703125 0.3682291671875 0.7453703703125 0.3682291671875 0.7754629625 0.3682291671875 0.8055555562500001 0.40260416718750003 0.8055555562500001 0.4369791671875 0.8055555562500001
3 0.5479166671875 0.7814814812499999 0.5479166671875 0.7541666671875 0.5479166671875 0.7268518515625 0.51953125 0.7268518515625 0.49114583281249996 0.7268518515625 0.49114583281249996 0.7541666671875 0.49114583281249996 0.7814814812499999 0.51953125 0.7814814812499999 0.5479166671875 0.7814814812499999
3 0.3557291671875 0.559259259375 0.3557291671875 0.5421296296875 0.3557291671875 0.525 0.3359375 0.525 0.3161458328125 0.525 0.3161458328125 0.5421296296875 0.3161458328125 0.559259259375 0.3359375 0.559259259375 0.3557291671875 0.559259259375