1 0.4869791671875 0.9481481484375 0.4869791671875 0.8490740734375001 0.4869791671875 0.75 0.4296875 0.75 0.3723958328125 0.75 0.3723958328125 0.8490740734375001 0.3723958328125 0.9481481484375 0.4296875 0.9481481484375 0.4869791671875 0.9481481484375
1 1 0.5981481484375 0.92734375 0.5981481484375 0.8546875 0.5981481484375 0.8546875 0.6763888890625 0.8546875 0.7546296296875 0.92734375 0.7546296296875 1 0.7546296296875 1 0.6763888890625 1 0.5981481484375
1 0.690625 0.34722222187499996 0.690625 0.29675925937500003 0.690625 0.246296296875 0.6393229171875 0.246296296875 0.5880208328125 0.246296296875 0.5880208328125 0.29675925937500003 0.5880208328125 0.34722222187499996 0.6393229171875 0.34722222187499996 0.690625 0.34722222187499996
0 0.5109375 0.7138888890625 0.5109375 0.684259259375 0.5109375 0.6546296296875 0.4888020828125 0.6546296296875 0.46666666718750005 0.6546296296875 0.46666666718750005 0.684259259375 0.46666666718750005 0.7138888890625 0.4888020828125 0.7138888890625 0.5109375 0.7138888890625
0 0.6385416671875 0.4 0.6385416671875 0.3643518515625 0.6385416671875 0.328703703125 0.6096354171875 0.328703703125 0.5807291671875 0.328703703125 0.5807291671875 0.3643518515625 0.5807291671875 0.4 0.6096354171875 0.4 0.6385416671875 0.4
0 0.8338541671874999 0.30740740781250003 0.8338541671874999 0.2856481484375 0.8338541671874999 0.2638888890625 0.81640625 0.2638888890625 0.7989583328125 0.2638888890625 0.7989583328125 0.2856481484375 0.7989583328125 0.30740740781250003 0.81640625 0.30740740781250003 0.8338541671874999 0.30740740781250003
0 0.7244791671875 0.10092592656249999 0.7244791671875 0.0736111109375 0.7244791671875 0.046296296875 0.70703125 0.046296296875 0.6895833328125 0.046296296875 0.6895833328125 0.0736111109375 0.6895833328125 0.10092592656249999 0.70703125 0.10092592656249999 0.7244791671875 0.10092592656249999
0 0.5828125 0.1648148140625 0.5828125 0.1324074078125 0.5828125 0.1 0.5653645828125 0.1 0.5479166671875 0.1 0.5479166671875 0.1324074078125 0.5479166671875 0.1648148140625 0.5653645828125 0.1648148140625 0.5828125 0.1648148140625
0 0.609375 0.146296296875 0.609375 0.11805555625 0.609375 0.0898148140625 0.5921875 0.0898148140625 0.575 0.0898148140625 0.575 0.11805555625 0.575 0.146296296875 0.5921875 0.146296296875 0.609375 0.146296296875
0 0.43645833281249996 0.2379629625 0.43645833281249996 0.20972222187499998 0.43645833281249996 0.18148148125000002 0.4171875 0.18148148125000002 0.39791666718749996 0.18148148125000002 0.39791666718749996 0.20972222187499998 0.39791666718749996 0.2379629625 0.4171875 0.2379629625 0.43645833281249996 0.2379629625
0 0.1375 0.5166666671875 0.1375 0.49583333281249997 0.1375 0.475 0.121875 0.475 0.10625 0.475 0.10625 0.49583333281249997 0.10625 0.5166666671875 0.121875 0.5166666671875 0.1375 0.5166666671875
0 0.08125 0.40277777812500004 0.08125 0.3634259265625 0.08125 0.3240740734375 0.0575520828125 0.3240740734375 0.0338541671875 0.3240740734375 0.0338541671875 0.3634259265625 0.0338541671875 0.40277777812500004 0.0575520828125 0.40277777812500004 0.08125 0.40277777812500004
0 0.1354166671875 0.1824074078125 0.1354166671875 0.15555555625 0.1354166671875 0.12870370312499999 0.11484375 0.12870370312499999 0.09427083281250001 0.12870370312499999 0.09427083281250001 0.15555555625 0.09427083281250001 0.1824074078125 0.11484375 0.1824074078125 0.1354166671875 0.1824074078125
3 0.5010416671875 0.196296296875 0.5010416671875 0.178703703125 0.5010416671875 0.1611111109375 0.48541666718750004 0.1611111109375 0.46979166718750004 0.1611111109375 0.46979166718750004 0.178703703125 0.46979166718750004 0.196296296875 0.48541666718750004 0.196296296875 0.5010416671875 0.196296296875
3 0.8635416671874999 0.18148148125000002 0.8635416671874999 0.1296296296875 0.8635416671874999 0.077777778125 0.83125 0.077777778125 0.7989583328125 0.077777778125 0.7989583328125 0.1296296296875 0.7989583328125 0.18148148125000002 0.83125 0.18148148125000002 0.8635416671874999 0.18148148125000002
3 0.46510416718750003 0.44166666718750003 0.46510416718750003 0.40277777812500004 0.46510416718750003 0.3638888890625 0.4359375 0.3638888890625 0.4067708328125 0.3638888890625 0.4067708328125 0.40277777812500004 0.4067708328125 0.44166666718750003 0.4359375 0.44166666718750003 0.46510416718750003 0.44166666718750003