1 0.4713541671875 0.8462962968750001 0.4713541671875 0.7375 0.4713541671875 0.628703703125 0.4359375 0.628703703125 0.40052083281249995 0.628703703125 0.40052083281249995 0.7375 0.40052083281249995 0.8462962968750001 0.4359375 0.8462962968750001 0.4713541671875 0.8462962968750001
0 0.475 1 0.475 0.9824074078124999 0.475 0.9648148140625 0.453125 0.9648148140625 0.43125 0.9648148140625 0.43125 0.9824074078124999 0.43125 1 0.453125 1 0.475 1
0 0.053125 0.7481481484375 0.053125 0.7203703703125 0.053125 0.6925925921875 0.0361979171875 0.6925925921875 0.0192708328125 0.6925925921875 0.0192708328125 0.7203703703125 0.0192708328125 0.7481481484375 0.0361979171875 0.7481481484375 0.053125 0.7481481484375
0 0.075 0.3638888890625 0.075 0.3384259265625 0.075 0.3129629625 0.056510417187499995 0.3129629625 0.0380208328125 0.3129629625 0.0380208328125 0.3384259265625 0.0380208328125 0.3638888890625 0.056510417187499995 0.3638888890625 0.075 0.3638888890625
0 0.396875 0.44259259218749997 0.396875 0.4106481484375 0.396875 0.378703703125 0.3768229171875 0.378703703125 0.3567708328125 0.378703703125 0.3567708328125 0.4106481484375 0.3567708328125 0.44259259218749997 0.3768229171875 0.44259259218749997 0.396875 0.44259259218749997
0 0.5802083328125 0.325 0.5802083328125 0.3083333328125 0.5802083328125 0.2916666671875 0.565625 0.2916666671875 0.5510416671875 0.2916666671875 0.5510416671875 0.3083333328125 0.5510416671875 0.325 0.565625 0.325 0.5802083328125 0.325
0 0.5588541671875 0.352777778125 0.5588541671875 0.322222221875 0.5588541671875 0.2916666671875 0.5369791671875 0.2916666671875 0.5151041671875001 0.2916666671875 0.5151041671875001 0.322222221875 0.5151041671875001 0.352777778125 0.5369791671875 0.352777778125 0.5588541671875 0.352777778125
0 0.6125 0.16388888906250001 0.6125 0.14398148125000002 0.6125 0.12407407343750002 0.5966145828125 0.12407407343750002 0.5807291671875 0.12407407343750002 0.5807291671875 0.14398148125000002 0.5807291671875 0.16388888906250001 0.5966145828125 0.16388888906250001 0.6125 0.16388888906250001
0 0.7046875 0.28611111093749997 0.7046875 0.25555555625 0.7046875 0.225 0.6875 0.225 0.6703125 0.225 0.6703125 0.25555555625 0.6703125 0.28611111093749997 0.6875 0.28611111093749997 0.7046875 0.28611111093749997
0 0.8291666671875 0.527777778125 0.8291666671875 0.5050925921875 0.8291666671875 0.4824074078125 0.8088541671874999 0.4824074078125 0.7885416671875001 0.4824074078125 0.7885416671875001 0.5050925921875 0.7885416671875001 0.527777778125 0.8088541671874999 0.527777778125 0.8291666671875 0.527777778125
0 0.6208333328125 0.65 0.6208333328125 0.5921296296875 0.6208333328125 0.534259259375 0.5869791671875 0.534259259375 0.553125 0.534259259375 0.553125 0.5921296296875 0.553125 0.65 0.5869791671875 0.65 0.6208333328125 0.65
3 0.08333333281250001 0.8444444437499999 0.08333333281250001 0.8018518515625 0.08333333281250001 0.759259259375 0.05546875 0.759259259375 0.0276041671875 0.759259259375 0.0276041671875 0.8018518515625 0.0276041671875 0.8444444437499999 0.05546875 0.8444444437499999 0.08333333281250001 0.8444444437499999
3 0.4682291671875 0.40277777812500004 0.4682291671875 0.38009259218749997 0.4682291671875 0.3574074078125 0.4526041671875 0.3574074078125 0.4369791671875 0.3574074078125 0.4369791671875 0.38009259218749997 0.4369791671875 0.40277777812500004 0.4526041671875 0.40277777812500004 0.4682291671875 0.40277777812500004
3 0.8395833328125001 0.3768518515625 0.8395833328125001 0.32453703749999996 0.8395833328125001 0.272222221875 0.8106770828125001 0.272222221875 0.7817708328124999 0.272222221875 0.7817708328124999 0.32453703749999996 0.7817708328124999 0.3768518515625 0.8106770828125001 0.3768518515625 0.8395833328125001 0.3768518515625
3 0.42291666718750004 0.671296296875 0.42291666718750004 0.6319444437499999 0.42291666718750004 0.5925925921874999 0.3958333328125 0.5925925921874999 0.36875 0.5925925921874999 0.36875 0.6319444437499999 0.36875 0.671296296875 0.3958333328125 0.671296296875 0.42291666718750004 0.671296296875
1 0.6776041671875 0.5740740734374999 0.6776041671875 0.5111111109375 0.6776041671875 0.4481481484375 0.6223958328125 0.4481481484375 0.5671875 0.4481481484375 0.5671875 0.5111111109375 0.5671875 0.5740740734374999 0.6223958328125 0.5740740734374999 0.6776041671875 0.5740740734374999
0 0.1395833328125 0.4166666671875 0.1395833328125 0.39398148125 0.1395833328125 0.371296296875 0.1276041671875 0.371296296875 0.115625 0.371296296875 0.115625 0.39398148125 0.115625 0.4166666671875 0.1276041671875 0.4166666671875 0.1395833328125 0.4166666671875
0 0.26614583281250004 0.2259259265625 0.26614583281250004 0.2004629625 0.26614583281250004 0.175 0.246875 0.175 0.22760416718749998 0.175 0.22760416718749998 0.2004629625 0.22760416718749998 0.2259259265625 0.246875 0.2259259265625 0.26614583281250004 0.2259259265625
0 0.3802083328125 0.25555555625 0.3802083328125 0.23148148124999998 0.3802083328125 0.20740740781250003 0.36875 0.20740740781250003 0.3572916671875 0.20740740781250003 0.3572916671875 0.23148148124999998 0.3572916671875 0.25555555625 0.36875 0.25555555625 0.3802083328125 0.25555555625