0 0.31979166718749996 0.740740740625 0.31979166718749996 0.7175925921874999 0.31979166718749996 0.6944444437499999 0.30416666718749996 0.6944444437499999 0.28854166718749996 0.6944444437499999 0.28854166718749996 0.7175925921874999 0.28854166718749996 0.740740740625 0.30416666718749996 0.740740740625 0.31979166718749996 0.740740740625
0 0.1442708328125 0.6370370375000001 0.1442708328125 0.61851851875 0.1442708328125 0.6 0.1317708328125 0.6 0.11927083281249999 0.6 0.11927083281249999 0.61851851875 0.11927083281249999 0.6370370375000001 0.1317708328125 0.6370370375000001 0.1442708328125 0.6370370375000001
0 0.23125 0.6416666671875 0.23125 0.6203703703125 0.23125 0.5990740734375 0.21484375 0.5990740734375 0.1984375 0.5990740734375 0.1984375 0.6203703703125 0.1984375 0.6416666671875 0.21484375 0.6416666671875 0.23125 0.6416666671875
0 0.3807291671875 0.5287037031249999 0.3807291671875 0.5138888890625 0.3807291671875 0.4990740734375 0.3684895828125 0.4990740734375 0.35625 0.4990740734375 0.35625 0.5138888890625 0.35625 0.5287037031249999 0.3684895828125 0.5287037031249999 0.3807291671875 0.5287037031249999
0 0.9 0.197222221875 0.9 0.1768518515625 0.9 0.15648148125 0.8864583328125001 0.15648148125 0.8729166671874999 0.15648148125 0.8729166671874999 0.1768518515625 0.8729166671874999 0.197222221875 0.8864583328125001 0.197222221875 0.9 0.197222221875
0 0.5661458328125 0.42129629687500003 0.5661458328125 0.403703703125 0.5661458328125 0.3861111109375 0.5520833328125 0.3861111109375 0.5380208328125 0.3861111109375 0.5380208328125 0.403703703125 0.5380208328125 0.42129629687500003 0.5520833328125 0.42129629687500003 0.5661458328125 0.42129629687500003
0 0.6484375 0.43981481406249995 0.6484375 0.409259259375 0.6484375 0.378703703125 0.6276041671875 0.378703703125 0.6067708328125 0.378703703125 0.6067708328125 0.409259259375 0.6067708328125 0.43981481406249995 0.6276041671875 0.43981481406249995 0.6484375 0.43981481406249995
0 0.8010416671874999 0.6370370375000001 0.8010416671874999 0.609259259375 0.8010416671874999 0.58148148125 0.7809895828125 0.58148148125 0.7609375 0.58148148125 0.7609375 0.609259259375 0.7609375 0.6370370375000001 0.7809895828125 0.6370370375000001 0.8010416671874999 0.6370370375000001
0 0.23177083281250002 1 0.23177083281250002 0.9634259265624999 0.23177083281250002 0.9268518515625 0.2049479171875 0.9268518515625 0.178125 0.9268518515625 0.178125 0.9634259265624999 0.178125 1 0.2049479171875 1 0.23177083281250002 1
0 0.12552083281249998 0.934259259375 0.12552083281249998 0.9050925921875 0.12552083281249998 0.8759259265624999 0.1067708328125 0.8759259265624999 0.0880208328125 0.8759259265624999 0.0880208328125 0.9050925921875 0.0880208328125 0.934259259375 0.1067708328125 0.934259259375 0.12552083281249998 0.934259259375
0 0.35989583281250004 0.9685185187500001 0.35989583281250004 0.940740740625 0.35989583281250004 0.9129629625 0.34322916718749996 0.9129629625 0.3265625 0.9129629625 0.3265625 0.940740740625 0.3265625 0.9685185187500001 0.34322916718749996 0.9685185187500001 0.35989583281250004 0.9685185187500001
1 0.3682291671875 0.7675925921875 0.3682291671875 0.7328703703125 0.3682291671875 0.6981481484375001 0.33932291718749996 0.6981481484375001 0.3104166671875 0.6981481484375001 0.3104166671875 0.7328703703125 0.3104166671875 0.7675925921875 0.33932291718749996 0.7675925921875 0.3682291671875 0.7675925921875
3 0.49635416718750003 0.4879629625 0.49635416718750003 0.46342592656250003 0.49635416718750003 0.4388888890625 0.47552083281249996 0.4388888890625 0.4546875 0.4388888890625 0.4546875 0.46342592656250003 0.4546875 0.4879629625 0.47552083281249996 0.4879629625 0.49635416718750003 0.4879629625
3 1 0.7009259265625001 0.9768229171874999 0.7009259265625001 0.9536458328125 0.7009259265625001 0.9536458328125 0.75648148125 0.9536458328125 0.8120370375 0.9768229171874999 0.8120370375 1 0.8120370375 1 0.75648148125 1 0.7009259265625001
3 0.8015625 0.7583333328124999 0.8015625 0.7013888890625 0.8015625 0.64444444375 0.75390625 0.64444444375 0.70625 0.64444444375 0.70625 0.7013888890625 0.70625 0.7583333328124999 0.75390625 0.7583333328124999 0.8015625 0.7583333328124999