0 0.5203125 0.49444444374999996 0.5203125 0.4671296296875 0.5203125 0.43981481406249995 0.5044270828124999 0.43981481406249995 0.48854166718750003 0.43981481406249995 0.48854166718750003 0.4671296296875 0.48854166718750003 0.49444444374999996 0.5044270828124999 0.49444444374999996 0.5203125 0.49444444374999996
0 0.6005208328125 0.540740740625 0.6005208328125 0.5097222218749999 0.6005208328125 0.478703703125 0.5848958328125 0.478703703125 0.5692708328125 0.478703703125 0.5692708328125 0.5097222218749999 0.5692708328125 0.540740740625 0.5848958328125 0.540740740625 0.6005208328125 0.540740740625
0 0.3916666671875 0.5925925921874999 0.3916666671875 0.5671296296875 0.3916666671875 0.5416666671875 0.378125 0.5416666671875 0.3645833328125 0.5416666671875 0.3645833328125 0.5671296296875 0.3645833328125 0.5925925921874999 0.378125 0.5925925921874999 0.3916666671875 0.5925925921874999
0 0.825 1 0.825 0.971759259375 0.825 0.94351851875 0.8020833328125001 0.94351851875 0.7791666671875 0.94351851875 0.7791666671875 0.971759259375 0.7791666671875 1 0.8020833328125001 1 0.825 1
0 0.5432291671875 0.7351851859375 0.5432291671875 0.7078703703125 0.5432291671875 0.6805555562500001 0.5299479171875 0.6805555562500001 0.5166666671875 0.6805555562500001 0.5166666671875 0.7078703703125 0.5166666671875 0.7351851859375 0.5299479171875 0.7351851859375 0.5432291671875 0.7351851859375
0 0.1375 0.334259259375 0.1375 0.315740740625 0.1375 0.29722222187499997 0.1234375 0.29722222187499997 0.109375 0.29722222187499997 0.109375 0.315740740625 0.109375 0.334259259375 0.1234375 0.334259259375 0.1375 0.334259259375
0 0.1932291671875 0.3324074078125 0.1932291671875 0.3111111109375 0.1932291671875 0.2898148140625 0.1807291671875 0.2898148140625 0.1682291671875 0.2898148140625 0.1682291671875 0.3111111109375 0.1682291671875 0.3324074078125 0.1807291671875 0.3324074078125 0.1932291671875 0.3324074078125
0 0.2416666671875 0.3879629625 0.2416666671875 0.365740740625 0.2416666671875 0.34351851875 0.228125 0.34351851875 0.21458333281250003 0.34351851875 0.21458333281250003 0.365740740625 0.21458333281250003 0.3879629625 0.228125 0.3879629625 0.2416666671875 0.3879629625
0 0.23020833281250003 0.6490740734375 0.23020833281250003 0.6263888890625 0.23020833281250003 0.603703703125 0.21380208281250002 0.603703703125 0.1973958328125 0.603703703125 0.1973958328125 0.6263888890625 0.1973958328125 0.6490740734375 0.21380208281250002 0.6490740734375 0.23020833281250003 0.6490740734375
0 0.3385416671875 0.8203703703125 0.3385416671875 0.7875 0.3385416671875 0.7546296296875 0.3221354171875 0.7546296296875 0.3057291671875 0.7546296296875 0.3057291671875 0.7875 0.3057291671875 0.8203703703125 0.3221354171875 0.8203703703125 0.3385416671875 0.8203703703125
0 0.1619791671875 0.7351851859375 0.1619791671875 0.6972222218749999 0.1619791671875 0.659259259375 0.14296875 0.659259259375 0.12395833281249999 0.659259259375 0.12395833281249999 0.6972222218749999 0.12395833281249999 0.7351851859375 0.14296875 0.7351851859375 0.1619791671875 0.7351851859375
0 0.0880208328125 0.75555555625 0.0880208328125 0.7185185187500001 0.0880208328125 0.68148148125 0.06588541718749999 0.68148148125 0.04375 0.68148148125 0.04375 0.7185185187500001 0.04375 0.75555555625 0.06588541718749999 0.75555555625 0.0880208328125 0.75555555625
0 0.1625 1 0.1625 0.9629629625 0.1625 0.9259259265625 0.134375 0.9259259265625 0.10625 0.9259259265625 0.10625 0.9629629625 0.10625 1 0.134375 1 0.1625 1
0 0.60625 0.8833333328125 0.60625 0.8495370375 0.60625 0.815740740625 0.5895833328125 0.815740740625 0.5729166671875 0.815740740625 0.5729166671875 0.8495370375 0.5729166671875 0.8833333328125 0.5895833328125 0.8833333328125 0.60625 0.8833333328125