1 0.965625 0.8546296296874999 0.965625 0.7648148140625 0.965625 0.675 0.92109375 0.675 0.8765625 0.675 0.8765625 0.7648148140625 0.8765625 0.8546296296874999 0.92109375 0.8546296296874999 0.965625 0.8546296296874999
0 0.3057291671875 0.1759259265625 0.3057291671875 0.15555555625 0.3057291671875 0.1351851859375 0.28958333281250004 0.1351851859375 0.2734375 0.1351851859375 0.2734375 0.15555555625 0.2734375 0.1759259265625 0.28958333281250004 0.1759259265625 0.3057291671875 0.1759259265625
0 0.44375 0.177777778125 0.44375 0.1606481484375 0.44375 0.14351851875 0.42890625 0.14351851875 0.4140625 0.14351851875 0.4140625 0.1606481484375 0.4140625 0.177777778125 0.42890625 0.177777778125 0.44375 0.177777778125
0 0.9515625 0.2 0.9515625 0.17916666718750002 0.9515625 0.1583333328125 0.9221354171874999 0.1583333328125 0.8927083328125001 0.1583333328125 0.8927083328125001 0.17916666718750002 0.8927083328125001 0.2 0.9221354171874999 0.2 0.9515625 0.2
0 0.1619791671875 0.3648148140625 0.1619791671875 0.34120370312500004 0.1619791671875 0.31759259218749997 0.14296875 0.31759259218749997 0.12395833281249999 0.31759259218749997 0.12395833281249999 0.34120370312500004 0.12395833281249999 0.3648148140625 0.14296875 0.3648148140625 0.1619791671875 0.3648148140625
0 0.1197916671875 0.36851851875 0.1197916671875 0.34351851875 0.1197916671875 0.31851851875000003 0.0994791671875 0.31851851875000003 0.0791666671875 0.31851851875000003 0.0791666671875 0.34351851875 0.0791666671875 0.36851851875 0.0994791671875 0.36851851875 0.1197916671875 0.36851851875
0 0.0479166671875 0.3888888890625 0.0479166671875 0.365740740625 0.0479166671875 0.3425925921875 0.0299479171875 0.3425925921875 0.0119791671875 0.3425925921875 0.0119791671875 0.365740740625 0.0119791671875 0.3888888890625 0.0299479171875 0.3888888890625 0.0479166671875 0.3888888890625
0 0.153125 0.45 0.153125 0.4296296296875 0.153125 0.409259259375 0.13619791718750002 0.409259259375 0.11927083281249999 0.409259259375 0.11927083281249999 0.4296296296875 0.11927083281249999 0.45 0.13619791718750002 0.45 0.153125 0.45
0 0.2052083328125 0.40277777812500004 0.2052083328125 0.384722221875 0.2052083328125 0.36666666718749996 0.19140625 0.36666666718749996 0.1776041671875 0.36666666718749996 0.1776041671875 0.384722221875 0.1776041671875 0.40277777812500004 0.19140625 0.40277777812500004 0.2052083328125 0.40277777812500004
0 0.1932291671875 0.45185185156249996 0.1932291671875 0.42592592656250006 0.1932291671875 0.4 0.1731770828125 0.4 0.153125 0.4 0.153125 0.42592592656250006 0.153125 0.45185185156249996 0.1731770828125 0.45185185156249996 0.1932291671875 0.45185185156249996
0 0.1296875 0.584259259375 0.1296875 0.55648148125 0.1296875 0.5287037031249999 0.1125 0.5287037031249999 0.0953125 0.5287037031249999 0.0953125 0.55648148125 0.0953125 0.584259259375 0.1125 0.584259259375 0.1296875 0.584259259375
0 0.15625 0.7240740734375 0.15625 0.6953703703125 0.15625 0.6666666671875 0.1359375 0.6666666671875 0.115625 0.6666666671875 0.115625 0.6953703703125 0.115625 0.7240740734375 0.1359375 0.7240740734375 0.15625 0.7240740734375
0 0.3416666671875 0.6555555562500001 0.3416666671875 0.63101851875 0.3416666671875 0.60648148125 0.3231770828125 0.60648148125 0.3046875 0.60648148125 0.3046875 0.63101851875 0.3046875 0.6555555562500001 0.3231770828125 0.6555555562500001 0.3416666671875 0.6555555562500001
0 0.3921875 0.7490740734375 0.3921875 0.7171296296875 0.3921875 0.6851851859375 0.3690104171875 0.6851851859375 0.3458333328125 0.6851851859375 0.3458333328125 0.7171296296875 0.3458333328125 0.7490740734375 0.3690104171875 0.7490740734375 0.3921875 0.7490740734375
0 0.446875 0.7768518515625 0.446875 0.746296296875 0.446875 0.715740740625 0.4252604171875 0.715740740625 0.4036458328125 0.715740740625 0.4036458328125 0.746296296875 0.4036458328125 0.7768518515625 0.4252604171875 0.7768518515625 0.446875 0.7768518515625
1 0.3307291671875 0.5268518515625 0.3307291671875 0.4796296296875 0.3307291671875 0.43240740781250003 0.2901041671875 0.43240740781250003 0.2494791671875 0.43240740781250003 0.2494791671875 0.4796296296875 0.2494791671875 0.5268518515625 0.2901041671875 0.5268518515625 0.3307291671875 0.5268518515625
3 0.2567708328125 0.3898148140625 0.2567708328125 0.3643518515625 0.2567708328125 0.33888888906250003 0.23411458281250003 0.33888888906250003 0.2114583328125 0.33888888906250003 0.2114583328125 0.3643518515625 0.2114583328125 0.3898148140625 0.23411458281250003 0.3898148140625 0.2567708328125 0.3898148140625