3 0.24722222187499998 0.891358025 0.24722222187499998 0.8209876546875 0.24722222187499998 0.750617284375 0.18819444375 0.750617284375 0.1291666671875 0.750617284375 0.1291666671875 0.8209876546875 0.1291666671875 0.891358025 0.18819444375 0.891358025 0.24722222187499998 0.891358025
0 0.73055555625 0.97283950625 0.73055555625 0.9148148140625001 0.73055555625 0.8567901234375 0.6881944437499999 0.8567901234375 0.6458333328125 0.8567901234375 0.6458333328125 0.9148148140625001 0.6458333328125 0.97283950625 0.6881944437499999 0.97283950625 0.73055555625 0.97283950625
0 0.7597222218749999 0.8197530859375 0.7597222218749999 0.7839506171874999 0.7597222218749999 0.7481481484375 0.725 0.7481481484375 0.690277778125 0.7481481484375 0.690277778125 0.7839506171874999 0.690277778125 0.8197530859375 0.725 0.8197530859375 0.7597222218749999 0.8197530859375
0 0.6986111109375 0.7753086421875001 0.6986111109375 0.723456790625 0.6986111109375 0.6716049374999999 0.6729166671875 0.6716049374999999 0.647222221875 0.6716049374999999 0.647222221875 0.723456790625 0.647222221875 0.7753086421875001 0.6729166671875 0.7753086421875001 0.6986111109375 0.7753086421875001
0 0.8194444437499999 0.7432098765624999 0.8194444437499999 0.68148148125 0.8194444437499999 0.6197530859375 0.778472221875 0.6197530859375 0.7375 0.6197530859375 0.7375 0.68148148125 0.7375 0.7432098765624999 0.778472221875 0.7432098765624999 0.8194444437499999 0.7432098765624999
0 0.8166666671874999 0.5283950625 0.8166666671874999 0.46790123437500003 0.8166666671874999 0.4074074078125 0.778472221875 0.4074074078125 0.7402777781250001 0.4074074078125 0.7402777781250001 0.46790123437500003 0.7402777781250001 0.5283950625 0.778472221875 0.5283950625 0.8166666671874999 0.5283950625
0 0.727777778125 0.5851851859375 0.727777778125 0.530864196875 0.727777778125 0.47654320937500005 0.696527778125 0.47654320937500005 0.665277778125 0.47654320937500005 0.665277778125 0.530864196875 0.665277778125 0.5851851859375 0.696527778125 0.5851851859375 0.727777778125 0.5851851859375
0 0.6180555562500001 0.8617283953125 0.6180555562500001 0.8012345671875 0.6180555562500001 0.740740740625 0.5611111109375 0.740740740625 0.5041666671875 0.740740740625 0.5041666671875 0.8012345671875 0.5041666671875 0.8617283953125 0.5611111109375 0.8617283953125 0.6180555562500001 0.8617283953125
0 0.4888888890625 0.9037037031249999 0.4888888890625 0.8518518515625001 0.4888888890625 0.8 0.4604166671875 0.8 0.43194444374999996 0.8 0.43194444374999996 0.8518518515625001 0.43194444374999996 0.9037037031249999 0.4604166671875 0.9037037031249999 0.4888888890625 0.9037037031249999
0 0.5125 0.713580246875 0.5125 0.6654320984375001 0.5125 0.61728395 0.47361111093749997 0.61728395 0.434722221875 0.61728395 0.434722221875 0.6654320984375001 0.434722221875 0.713580246875 0.47361111093749997 0.713580246875 0.5125 0.713580246875
0 0.3611111109375 0.723456790625 0.3611111109375 0.6666666671875 0.3611111109375 0.60987654375 0.33055555625 0.60987654375 0.3 0.60987654375 0.3 0.6666666671875 0.3 0.723456790625 0.33055555625 0.723456790625 0.3611111109375 0.723456790625
0 0.2625 0.7629629625 0.2625 0.703703703125 0.2625 0.64444444375 0.22569444375 0.64444444375 0.1888888890625 0.64444444375 0.1888888890625 0.703703703125 0.1888888890625 0.7629629625 0.22569444375 0.7629629625 0.2625 0.7629629625
0 0.3166666671875 0.6567901234375 0.3166666671875 0.5839506171875 0.3166666671875 0.5111111109375 0.2798611109375 0.5111111109375 0.24305555625 0.5111111109375 0.24305555625 0.5839506171875 0.24305555625 0.6567901234375 0.2798611109375 0.6567901234375 0.3166666671875 0.6567901234375
0 0.3986111109375 0.577777778125 0.3986111109375 0.4802469140625 0.3986111109375 0.38271605000000003 0.3604166671875 0.38271605000000003 0.322222221875 0.38271605000000003 0.322222221875 0.4802469140625 0.322222221875 0.577777778125 0.3604166671875 0.577777778125 0.3986111109375 0.577777778125
0 0.6 0.35308642031250004 0.6 0.296296296875 0.6 0.2395061734375 0.5673611109375 0.2395061734375 0.534722221875 0.2395061734375 0.534722221875 0.296296296875 0.534722221875 0.35308642031250004 0.5673611109375 0.35308642031250004 0.6 0.35308642031250004
0 0.7291666671875 0.25679012343749996 0.7291666671875 0.2123456796875 0.7291666671875 0.16790123437499999 0.6944444437499999 0.16790123437499999 0.659722221875 0.16790123437499999 0.659722221875 0.2123456796875 0.659722221875 0.25679012343749996 0.6944444437499999 0.25679012343749996 0.7291666671875 0.25679012343749996
0 0.447222221875 0.1975308640625 0.447222221875 0.141975309375 0.447222221875 0.086419753125 0.4138888890625 0.086419753125 0.38055555625 0.086419753125 0.38055555625 0.141975309375 0.38055555625 0.1975308640625 0.4138888890625 0.1975308640625 0.447222221875 0.1975308640625
0 0.38194444375000003 0.2740740734375 0.38194444375000003 0.23827160468750003 0.38194444375000003 0.20246913593750002 0.3583333328125 0.20246913593750002 0.334722221875 0.20246913593750002 0.334722221875 0.23827160468750003 0.334722221875 0.2740740734375 0.3583333328125 0.2740740734375 0.38194444375000003 0.2740740734375
0 0.20416666718749998 0.42469135781249995 0.20416666718749998 0.37283950625 0.20416666718749998 0.3209876546875 0.1729166671875 0.3209876546875 0.1416666671875 0.3209876546875 0.1416666671875 0.37283950625 0.1416666671875 0.42469135781249995 0.1729166671875 0.42469135781249995 0.20416666718749998 0.42469135781249995
0 0.23611111093749998 0.3111111109375 0.23611111093749998 0.2543209875 0.23611111093749998 0.1975308640625 0.196527778125 0.1975308640625 0.15694444375 0.1975308640625 0.15694444375 0.2543209875 0.15694444375 0.3111111109375 0.196527778125 0.3111111109375 0.23611111093749998 0.3111111109375
0 0.28194444375 0.12345679062499999 0.28194444375 0.0876543203125 0.28194444375 0.051851851562499995 0.2576388890625 0.051851851562499995 0.23333333281250002 0.051851851562499995 0.23333333281250002 0.0876543203125 0.23333333281250002 0.12345679062499999 0.2576388890625 0.12345679062499999 0.28194444375 0.12345679062499999