1 0.66944444375 0.3975308640625 0.66944444375 0.34444444375 0.66944444375 0.29135802499999996 0.6263888890625 0.29135802499999996 0.5833333328125 0.29135802499999996 0.5833333328125 0.34444444375 0.5833333328125 0.3975308640625 0.6263888890625 0.3975308640625 0.66944444375 0.3975308640625
2 0.63055555625 0.6246913578125 0.63055555625 0.591358025 0.63055555625 0.558024690625 0.615972221875 0.558024690625 0.6013888890625 0.558024690625 0.6013888890625 0.591358025 0.6013888890625 0.6246913578125 0.615972221875 0.6246913578125 0.63055555625 0.6246913578125
0 0.08194444375 1 0.08194444375 0.9703703703125001 0.08194444375 0.940740740625 0.04375 0.940740740625 0.00555555625 0.940740740625 0.00555555625 0.9703703703125001 0.00555555625 1 0.04375 1 0.08194444375 1
0 0.5527777781250001 0.9086419749999999 0.5527777781250001 0.8469135796874999 0.5527777781250001 0.7851851859375001 0.5097222218749999 0.7851851859375001 0.46666666718750005 0.7851851859375001 0.46666666718750005 0.8469135796874999 0.46666666718750005 0.9086419749999999 0.5097222218749999 0.9086419749999999 0.5527777781250001 0.9086419749999999
0 0.997222221875 0.9432098765625 0.997222221875 0.88148148125 0.997222221875 0.8197530859375 0.9729166671874999 0.8197530859375 0.9486111109375001 0.8197530859375 0.9486111109375001 0.88148148125 0.9486111109375001 0.9432098765625 0.9729166671874999 0.9432098765625 0.997222221875 0.9432098765625
0 0.7375 0.6617283953124999 0.7375 0.6086419750000001 0.7375 0.5555555562500001 0.70694444375 0.5555555562500001 0.6763888890625 0.5555555562500001 0.6763888890625 0.6086419750000001 0.6763888890625 0.6617283953124999 0.70694444375 0.6617283953124999 0.7375 0.6617283953124999
0 0.4986111109375 0.2666666671875 0.4986111109375 0.2148148140625 0.4986111109375 0.1629629625 0.4611111109375 0.1629629625 0.4236111109375 0.1629629625 0.4236111109375 0.2148148140625 0.4236111109375 0.2666666671875 0.4611111109375 0.2666666671875 0.4986111109375 0.2666666671875
0 0.5388888890625 0.1382716046875 0.5388888890625 0.09012345625 0.5388888890625 0.041975309375 0.5069444437499999 0.041975309375 0.475 0.041975309375 0.475 0.09012345625 0.475 0.1382716046875 0.5069444437499999 0.1382716046875 0.5388888890625 0.1382716046875
3 0.1861111109375 0.6617283953124999 0.1861111109375 0.5925925921874999 0.1861111109375 0.523456790625 0.1458333328125 0.523456790625 0.10555555624999999 0.523456790625 0.10555555624999999 0.5925925921874999 0.10555555624999999 0.6617283953124999 0.1458333328125 0.6617283953124999 0.1861111109375 0.6617283953124999
3 0.45277777812500003 0.886419753125 0.45277777812500003 0.8222222218749999 0.45277777812500003 0.758024690625 0.40694444374999994 0.758024690625 0.3611111109375 0.758024690625 0.3611111109375 0.8222222218749999 0.3611111109375 0.886419753125 0.40694444374999994 0.886419753125 0.45277777812500003 0.886419753125
3 0.49305555625 1 0.49305555625 0.9580246906250001 0.49305555625 0.9160493828125 0.4548611109375 0.9160493828125 0.4166666671875 0.9160493828125 0.4166666671875 0.9580246906250001 0.4166666671875 1 0.4548611109375 1 0.49305555625 1
3 0.875 0.8320987656250001 0.875 0.740740740625 0.875 0.649382715625 0.81875 0.649382715625 0.7625 0.649382715625 0.7625 0.740740740625 0.7625 0.8320987656250001 0.81875 0.8320987656250001 0.875 0.8320987656250001
3 0.9486111109375001 0.691358025 0.9486111109375001 0.6061728390625001 0.9486111109375001 0.5209876546875 0.9 0.5209876546875 0.8513888890624999 0.5209876546875 0.8513888890624999 0.6061728390625001 0.8513888890624999 0.691358025 0.9 0.691358025 0.9486111109375001 0.691358025
3 0.7861111109375 0.5061728390625 0.7861111109375 0.440740740625 0.7861111109375 0.3753086421875 0.746527778125 0.3753086421875 0.70694444375 0.3753086421875 0.70694444375 0.440740740625 0.70694444375 0.5061728390625 0.746527778125 0.5061728390625 0.7861111109375 0.5061728390625
3 0.5722222218749999 0.35308642031250004 0.5722222218749999 0.29753086406249996 0.5722222218749999 0.24197530937499998 0.534722221875 0.24197530937499998 0.497222221875 0.24197530937499998 0.497222221875 0.29753086406249996 0.497222221875 0.35308642031250004 0.534722221875 0.35308642031250004 0.5722222218749999 0.35308642031250004
3 0.41805555625 0.395061728125 0.41805555625 0.340740740625 0.41805555625 0.286419753125 0.38680555625 0.286419753125 0.35555555625 0.286419753125 0.35555555625 0.340740740625 0.35555555625 0.395061728125 0.38680555625 0.395061728125 0.41805555625 0.395061728125