3 0.5986111109375 1 0.5986111109375 0.9148148140625001 0.5986111109375 0.8296296296874999 0.5541666671875001 0.8296296296874999 0.5097222218749999 0.8296296296874999 0.5097222218749999 0.9148148140625001 0.5097222218749999 1 0.5541666671875001 1 0.5986111109375 1
0 0.1888888890625 0.23209876562499998 0.1888888890625 0.150617284375 0.1888888890625 0.06913580312499999 0.1458333328125 0.06913580312499999 0.102777778125 0.06913580312499999 0.102777778125 0.150617284375 0.102777778125 0.23209876562499998 0.1458333328125 0.23209876562499998 0.1888888890625 0.23209876562499998
0 0.4291666671875 0.7456790125 0.4291666671875 0.6876543203125001 0.4291666671875 0.6296296296875 0.3916666671875 0.6296296296875 0.3541666671875 0.6296296296875 0.3541666671875 0.6876543203125001 0.3541666671875 0.7456790125 0.3916666671875 0.7456790125 0.4291666671875 0.7456790125
0 0.5111111109375 0.7629629625 0.5111111109375 0.70987654375 0.5111111109375 0.6567901234375 0.477777778125 0.6567901234375 0.44444444375 0.6567901234375 0.44444444375 0.70987654375 0.44444444375 0.7629629625 0.477777778125 0.7629629625 0.5111111109375 0.7629629625
0 0.6041666671875 0.659259259375 0.6041666671875 0.5987654328125 0.6041666671875 0.5382716046875 0.57430555625 0.5382716046875 0.54444444375 0.5382716046875 0.54444444375 0.5987654328125 0.54444444375 0.659259259375 0.57430555625 0.659259259375 0.6041666671875 0.659259259375
0 0.6972222218749999 0.8271604937499999 0.6972222218749999 0.77283950625 0.6972222218749999 0.7185185187500001 0.6659722218749999 0.7185185187500001 0.6347222218749999 0.7185185187500001 0.6347222218749999 0.77283950625 0.6347222218749999 0.8271604937499999 0.6659722218749999 0.8271604937499999 0.6972222218749999 0.8271604937499999
0 0.25833333281250004 0.9481481484375 0.25833333281250004 0.8753086421875 0.25833333281250004 0.8024691359375 0.20833333281250002 0.8024691359375 0.1583333328125 0.8024691359375 0.1583333328125 0.8753086421875 0.1583333328125 0.9481481484375 0.20833333281250002 0.9481481484375 0.25833333281250004 0.9481481484375
0 0.8166666671874999 0.9037037031249999 0.8166666671874999 0.840740740625 0.8166666671874999 0.777777778125 0.7819444437499999 0.777777778125 0.747222221875 0.777777778125 0.747222221875 0.840740740625 0.747222221875 0.9037037031249999 0.7819444437499999 0.9037037031249999 0.8166666671874999 0.9037037031249999
0 0.6708333328125 0.40493827187500003 0.6708333328125 0.35308642031250004 0.6708333328125 0.30123456718749997 0.6388888890625 0.30123456718749997 0.60694444375 0.30123456718749997 0.60694444375 0.35308642031250004 0.60694444375 0.40493827187500003 0.6388888890625 0.40493827187500003 0.6708333328125 0.40493827187500003
0 0.665277778125 0.6246913578125 0.665277778125 0.577777778125 0.665277778125 0.530864196875 0.647222221875 0.530864196875 0.6291666671875 0.530864196875 0.6291666671875 0.577777778125 0.6291666671875 0.6246913578125 0.647222221875 0.6246913578125 0.665277778125 0.6246913578125
0 0.7375 0.46419753124999996 0.7375 0.39382716093750003 0.7375 0.323456790625 0.71319444375 0.323456790625 0.6888888890625 0.323456790625 0.6888888890625 0.39382716093750003 0.6888888890625 0.46419753124999996 0.71319444375 0.46419753124999996 0.7375 0.46419753124999996
0 0.76944444375 0.37283950625 0.76944444375 0.31728395 0.76944444375 0.2617283953125 0.747222221875 0.2617283953125 0.725 0.2617283953125 0.725 0.31728395 0.725 0.37283950625 0.747222221875 0.37283950625 0.76944444375 0.37283950625
0 0.74444444375 0.2888888890625 0.74444444375 0.2395061734375 0.74444444375 0.19012345625 0.7180555562500001 0.19012345625 0.6916666671875 0.19012345625 0.6916666671875 0.2395061734375 0.6916666671875 0.2888888890625 0.7180555562500001 0.2888888890625 0.74444444375 0.2888888890625
0 0.765277778125 0.1925925921875 0.765277778125 0.1481481484375 0.765277778125 0.10370370312499999 0.734722221875 0.10370370312499999 0.7041666671875 0.10370370312499999 0.7041666671875 0.1481481484375 0.7041666671875 0.1925925921875 0.734722221875 0.1925925921875 0.765277778125 0.1925925921875