1 0.309375 0.3583333328125 0.309375 0.2759259265625 0.309375 0.19351851874999998 0.2794270828125 0.19351851874999998 0.2494791671875 0.19351851874999998 0.2494791671875 0.2759259265625 0.2494791671875 0.3583333328125 0.2794270828125 0.3583333328125 0.309375 0.3583333328125
0 0.0682291671875 0.1833333328125 0.0682291671875 0.1495370375 0.0682291671875 0.11574074062499999 0.051041667187499994 0.11574074062499999 0.0338541671875 0.11574074062499999 0.0338541671875 0.1495370375 0.0338541671875 0.1833333328125 0.051041667187499994 0.1833333328125 0.0682291671875 0.1833333328125
0 0.45625 0.3490740734375 0.45625 0.3106481484375 0.45625 0.272222221875 0.4390625 0.272222221875 0.421875 0.272222221875 0.421875 0.3106481484375 0.421875 0.3490740734375 0.4390625 0.3490740734375 0.45625 0.3490740734375
0 0.5484375 0.952777778125 0.5484375 0.896759259375 0.5484375 0.840740740625 0.5127604171875 0.840740740625 0.4770833328125 0.840740740625 0.4770833328125 0.896759259375 0.4770833328125 0.952777778125 0.5127604171875 0.952777778125 0.5484375 0.952777778125
3 0.490625 0.45370370312499997 0.490625 0.42129629687500003 0.490625 0.3888888890625 0.4674479171875 0.3888888890625 0.44427083281249996 0.3888888890625 0.44427083281249996 0.42129629687500003 0.44427083281249996 0.45370370312499997 0.4674479171875 0.45370370312499997 0.490625 0.45370370312499997
3 0.4328125 0.65 0.4328125 0.6106481484375 0.4328125 0.571296296875 0.403125 0.571296296875 0.3734375 0.571296296875 0.3734375 0.6106481484375 0.3734375 0.65 0.403125 0.65 0.4328125 0.65
2 0.3703125 0.2638888890625 0.3703125 0.2393518515625 0.3703125 0.2148148140625 0.35390625 0.2148148140625 0.3375 0.2148148140625 0.3375 0.2393518515625 0.3375 0.2638888890625 0.35390625 0.2638888890625 0.3703125 0.2638888890625
2 0.63125 0.7018518515625 0.63125 0.6675925921875 0.63125 0.6333333328124999 0.61015625 0.6333333328124999 0.5890625 0.6333333328124999 0.5890625 0.6675925921875 0.5890625 0.7018518515625 0.61015625 0.7018518515625 0.63125 0.7018518515625
2 0.5270833328125 0.7851851859375001 0.5270833328125 0.75 0.5270833328125 0.7148148140624999 0.5059895828125 0.7148148140624999 0.4848958328125 0.7148148140624999 0.4848958328125 0.75 0.4848958328125 0.7851851859375001 0.5059895828125 0.7851851859375001 0.5270833328125 0.7851851859375001
2 0.4458333328125 0.7490740734375 0.4458333328125 0.7189814812499999 0.4458333328125 0.6888888890625 0.42578125 0.6888888890625 0.4057291671875 0.6888888890625 0.4057291671875 0.7189814812499999 0.4057291671875 0.7490740734375 0.42578125 0.7490740734375 0.4458333328125 0.7490740734375
2 0.21614583281250002 0.477777778125 0.21614583281250002 0.4513888890625 0.21614583281250002 0.425 0.19765625 0.425 0.17916666718750002 0.425 0.17916666718750002 0.4513888890625 0.17916666718750002 0.477777778125 0.19765625 0.477777778125 0.21614583281250002 0.477777778125