0 0.2791666671875 1 0.2791666671875 0.9481481484375 0.2791666671875 0.896296296875 0.21944444375 0.896296296875 0.15972222187500001 0.896296296875 0.15972222187500001 0.9481481484375 0.15972222187500001 1 0.21944444375 1 0.2791666671875 1
0 0.1166666671875 0.8617283953125 0.1166666671875 0.7876543203125 0.1166666671875 0.713580246875 0.0625 0.713580246875 0.0083333328125 0.713580246875 0.0083333328125 0.7876543203125 0.0083333328125 0.8617283953125 0.0625 0.8617283953125 0.1166666671875 0.8617283953125
0 0.21944444375 0.750617284375 0.21944444375 0.6641975312499999 0.21944444375 0.577777778125 0.16180555624999998 0.577777778125 0.1041666671875 0.577777778125 0.1041666671875 0.6641975312499999 0.1041666671875 0.750617284375 0.16180555624999998 0.750617284375 0.21944444375 0.750617284375
0 0.85694444375 0.6740740734374999 0.85694444375 0.6012345671875 0.85694444375 0.5283950625 0.809722221875 0.5283950625 0.7625 0.5283950625 0.7625 0.6012345671875 0.7625 0.6740740734374999 0.809722221875 0.6740740734374999 0.85694444375 0.6740740734374999
0 0.9583333328125001 0.9111111109375001 0.9583333328125001 0.8271604937499999 0.9583333328125001 0.7432098765624999 0.92430555625 0.7432098765624999 0.890277778125 0.7432098765624999 0.890277778125 0.8271604937499999 0.890277778125 0.9111111109375001 0.92430555625 0.9111111109375001 0.9583333328125001 0.9111111109375001
0 0.890277778125 0.8765432093750001 0.890277778125 0.786419753125 0.890277778125 0.696296296875 0.8375 0.696296296875 0.784722221875 0.696296296875 0.784722221875 0.786419753125 0.784722221875 0.8765432093750001 0.8375 0.8765432093750001 0.890277778125 0.8765432093750001
0 0.675 0.9160493828125 0.675 0.823456790625 0.675 0.730864196875 0.61875 0.730864196875 0.5625 0.730864196875 0.5625 0.823456790625 0.5625 0.9160493828125 0.61875 0.9160493828125 0.675 0.9160493828125
0 0.16944444375 0.4395061734375 0.16944444375 0.33703703749999997 0.16944444375 0.23456790156250001 0.1125 0.23456790156250001 0.055555556250000006 0.23456790156250001 0.055555556250000006 0.33703703749999997 0.055555556250000006 0.4395061734375 0.1125 0.4395061734375 0.16944444375 0.4395061734375
0 0.10833333281249999 0.5530864203125 0.10833333281249999 0.44444444375 0.10833333281249999 0.33580246874999997 0.05625 0.33580246874999997 0.0041666671875 0.33580246874999997 0.0041666671875 0.44444444375 0.0041666671875 0.5530864203125 0.05625 0.5530864203125 0.10833333281249999 0.5530864203125
0 0.4583333328125 0.9876543203124999 0.4583333328125 0.8740740734375001 0.4583333328125 0.7604938265625 0.39305555625 0.7604938265625 0.32777777812500003 0.7604938265625 0.32777777812500003 0.8740740734375001 0.32777777812500003 0.9876543203124999 0.39305555625 0.9876543203124999 0.4583333328125 0.9876543203124999
0 0.7875 0.8839506171875 0.7875 0.81851851875 0.7875 0.7530864203125 0.734027778125 0.7530864203125 0.6805555562500001 0.7530864203125 0.6805555562500001 0.81851851875 0.6805555562500001 0.8839506171875 0.734027778125 0.8839506171875 0.7875 0.8839506171875
0 0.9472222218749999 0.708641975 0.9472222218749999 0.650617284375 0.9472222218749999 0.5925925921874999 0.909722221875 0.5925925921874999 0.872222221875 0.5925925921874999 0.872222221875 0.650617284375 0.872222221875 0.708641975 0.909722221875 0.708641975 0.9472222218749999 0.708641975
0 0.8430555562500001 0.4888888890625 0.8430555562500001 0.440740740625 0.8430555562500001 0.3925925921875 0.8083333328125001 0.3925925921875 0.7736111109375 0.3925925921875 0.7736111109375 0.440740740625 0.7736111109375 0.4888888890625 0.8083333328125001 0.4888888890625 0.8430555562500001 0.4888888890625
0 0.56805555625 0.432098765625 0.56805555625 0.38765432031249997 0.56805555625 0.3432098765625 0.53680555625 0.3432098765625 0.50555555625 0.3432098765625 0.50555555625 0.38765432031249997 0.50555555625 0.432098765625 0.53680555625 0.432098765625 0.56805555625 0.432098765625
0 0.3513888890625 0.46913580312500003 0.3513888890625 0.41234567968749997 0.3513888890625 0.35555555625 0.31944444375000003 0.35555555625 0.2875 0.35555555625 0.2875 0.41234567968749997 0.2875 0.46913580312500003 0.31944444375000003 0.46913580312500003 0.3513888890625 0.46913580312500003