3 1 0.7530864203125 0.9604166671875 0.7530864203125 0.9208333328125 0.7530864203125 0.9208333328125 0.8567901234375 0.9208333328125 0.9604938265625 0.9604166671875 0.9604938265625 1 0.9604938265625 1 0.8567901234375 1 0.7530864203125
3 0.8041666671875 0.7530864203125 0.8041666671875 0.641975309375 0.8041666671875 0.530864196875 0.7430555562500001 0.530864196875 0.68194444375 0.530864196875 0.68194444375 0.641975309375 0.68194444375 0.7530864203125 0.7430555562500001 0.7530864203125 0.8041666671875 0.7530864203125
3 0.9208333328125 0.9530864203125 0.9208333328125 0.840740740625 0.9208333328125 0.7283950625 0.85555555625 0.7283950625 0.790277778125 0.7283950625 0.790277778125 0.840740740625 0.790277778125 0.9530864203125 0.85555555625 0.9530864203125 0.9208333328125 0.9530864203125
3 0.8375 1 0.8375 0.922222221875 0.8375 0.8444444437499999 0.7770833328125 0.8444444437499999 0.7166666671875 0.8444444437499999 0.7166666671875 0.922222221875 0.7166666671875 1 0.7770833328125 1 0.8375 1
0 0.40833333281249995 0.26419753125 0.40833333281249995 0.186419753125 0.40833333281249995 0.10864197499999999 0.3673611109375 0.10864197499999999 0.3263888890625 0.10864197499999999 0.3263888890625 0.186419753125 0.3263888890625 0.26419753125 0.3673611109375 0.26419753125 0.40833333281249995 0.26419753125
0 0.33055555625 0.25679012343749996 0.33055555625 0.18148148125000002 0.33055555625 0.1061728390625 0.30555555624999997 0.1061728390625 0.28055555625 0.1061728390625 0.28055555625 0.18148148125000002 0.28055555625 0.25679012343749996 0.30555555624999997 0.25679012343749996 0.33055555625 0.25679012343749996
0 0.46805555625000006 0.3975308640625 0.46805555625000006 0.340740740625 0.46805555625000006 0.28395061718750003 0.4388888890625 0.28395061718750003 0.40972222187499996 0.28395061718750003 0.40972222187499996 0.340740740625 0.40972222187499996 0.3975308640625 0.4388888890625 0.3975308640625 0.46805555625000006 0.3975308640625
0 0.48472222187499997 0.6716049374999999 0.48472222187499997 0.6197530859375 0.48472222187499997 0.5679012343750001 0.459027778125 0.5679012343750001 0.43333333281249997 0.5679012343750001 0.43333333281249997 0.6197530859375 0.43333333281249997 0.6716049374999999 0.459027778125 0.6716049374999999 0.48472222187499997 0.6716049374999999
0 0.7194444437499999 0.8296296296874999 0.7194444437499999 0.7530864203125 0.7194444437499999 0.676543209375 0.6673611109375 0.676543209375 0.6152777781250001 0.676543209375 0.6152777781250001 0.7530864203125 0.6152777781250001 0.8296296296874999 0.6673611109375 0.8296296296874999 0.7194444437499999 0.8296296296874999
0 0.68194444375 0.259259259375 0.68194444375 0.1839506171875 0.68194444375 0.10864197499999999 0.64444444375 0.10864197499999999 0.60694444375 0.10864197499999999 0.60694444375 0.1839506171875 0.60694444375 0.259259259375 0.64444444375 0.259259259375 0.68194444375 0.259259259375
0 0.9708333328125001 0.3432098765625 0.9708333328125001 0.2530864203125 0.9708333328125001 0.1629629625 0.925 0.1629629625 0.8791666671874999 0.1629629625 0.8791666671874999 0.2530864203125 0.8791666671874999 0.3432098765625 0.925 0.3432098765625 0.9708333328125001 0.3432098765625
0 0.909722221875 0.5209876546875 0.909722221875 0.4469135796875 0.909722221875 0.37283950625 0.8625 0.37283950625 0.815277778125 0.37283950625 0.815277778125 0.4469135796875 0.815277778125 0.5209876546875 0.8625 0.5209876546875 0.909722221875 0.5209876546875
0 0.9888888890624999 0.691358025 0.9888888890624999 0.6123456796875 0.9888888890624999 0.5333333328125 0.953472221875 0.5333333328125 0.91805555625 0.5333333328125 0.91805555625 0.6123456796875 0.91805555625 0.691358025 0.953472221875 0.691358025 0.9888888890624999 0.691358025
3 0.7166666671875 0.41728395 0.7166666671875 0.34444444375 0.7166666671875 0.2716049375 0.6520833328125 0.2716049375 0.5875 0.2716049375 0.5875 0.34444444375 0.5875 0.41728395 0.6520833328125 0.41728395 0.7166666671875 0.41728395
3 0.6138888890625 0.45679012343750003 0.6138888890625 0.4 0.6138888890625 0.3432098765625 0.5631944437499999 0.3432098765625 0.5125 0.3432098765625 0.5125 0.4 0.5125 0.45679012343750003 0.5631944437499999 0.45679012343750003 0.6138888890625 0.45679012343750003
3 0.60555555625 0.604938271875 0.60555555625 0.5518518515624999 0.60555555625 0.4987654328125 0.565972221875 0.4987654328125 0.5263888890625 0.4987654328125 0.5263888890625 0.5518518515624999 0.5263888890625 0.604938271875 0.565972221875 0.604938271875 0.60555555625 0.604938271875
3 0.5638888890625 0.740740740625 0.5638888890625 0.686419753125 0.5638888890625 0.632098765625 0.527777778125 0.632098765625 0.4916666671875 0.632098765625 0.4916666671875 0.686419753125 0.4916666671875 0.740740740625 0.527777778125 0.740740740625 0.5638888890625 0.740740740625
3 0.5305555562500001 0.88148148125 0.5305555562500001 0.803703703125 0.5305555562500001 0.7259259265625 0.48125 0.7259259265625 0.43194444374999996 0.7259259265625 0.43194444374999996 0.803703703125 0.43194444374999996 0.88148148125 0.48125 0.88148148125 0.5305555562500001 0.88148148125
3 0.6541666671875 1 0.6541666671875 0.9308641968750001 0.6541666671875 0.8617283953125 0.6104166671875 0.8617283953125 0.5666666671875 0.8617283953125 0.5666666671875 0.9308641968750001 0.5666666671875 1 0.6104166671875 1 0.6541666671875 1
3 0.3166666671875 0.967901234375 0.3166666671875 0.8629629624999999 0.3166666671875 0.758024690625 0.26180555625 0.758024690625 0.20694444375 0.758024690625 0.20694444375 0.8629629624999999 0.20694444375 0.967901234375 0.26180555625 0.967901234375 0.3166666671875 0.967901234375
3 0.3638888890625 0.4839506171875 0.3638888890625 0.4296296296875 0.3638888890625 0.3753086421875 0.32430555625 0.3753086421875 0.28472222187499996 0.3753086421875 0.28472222187499996 0.4296296296875 0.28472222187499996 0.4839506171875 0.32430555625 0.4839506171875 0.3638888890625 0.4839506171875