3 0.5375 0.5061728390625 0.5375 0.4604938265625 0.5375 0.4148148140625 0.48472222187499997 0.4148148140625 0.43194444374999996 0.4148148140625 0.43194444374999996 0.4604938265625 0.43194444374999996 0.5061728390625 0.48472222187499997 0.5061728390625 0.5375 0.5061728390625
3 0.4763888890625 0.5925925921874999 0.4763888890625 0.53580246875 0.4763888890625 0.47901234531250003 0.43263888906250003 0.47901234531250003 0.3888888890625 0.47901234531250003 0.3888888890625 0.53580246875 0.3888888890625 0.5925925921874999 0.43263888906250003 0.5925925921874999 0.4763888890625 0.5925925921874999
3 0.63055555625 0.3802469140625 0.63055555625 0.3246913578125 0.63055555625 0.269135803125 0.5868055562500001 0.269135803125 0.54305555625 0.269135803125 0.54305555625 0.3246913578125 0.54305555625 0.3802469140625 0.5868055562500001 0.3802469140625 0.63055555625 0.3802469140625
3 0.8430555562500001 0.6567901234375 0.8430555562500001 0.59012345625 0.8430555562500001 0.523456790625 0.809027778125 0.523456790625 0.775 0.523456790625 0.775 0.59012345625 0.775 0.6567901234375 0.809027778125 0.6567901234375 0.8430555562500001 0.6567901234375
3 0.890277778125 0.8345679015625 0.890277778125 0.750617284375 0.890277778125 0.6666666671875 0.8423611109375001 0.6666666671875 0.79444444375 0.6666666671875 0.79444444375 0.750617284375 0.79444444375 0.8345679015625 0.8423611109375001 0.8345679015625 0.890277778125 0.8345679015625
3 0.934722221875 0.9481481484375 0.934722221875 0.8666666671875 0.934722221875 0.7851851859375001 0.884027778125 0.7851851859375001 0.8333333328125001 0.7851851859375001 0.8333333328125001 0.8666666671875 0.8333333328125001 0.9481481484375 0.884027778125 0.9481481484375 0.934722221875 0.9481481484375
3 0.6111111109375 0.6987654328125 0.6111111109375 0.641975309375 0.6111111109375 0.5851851859375 0.577777778125 0.5851851859375 0.54444444375 0.5851851859375 0.54444444375 0.641975309375 0.54444444375 0.6987654328125 0.577777778125 0.6987654328125 0.6111111109375 0.6987654328125
0 0.8208333328125 0.1925925921875 0.8208333328125 0.1543209875 0.8208333328125 0.11604938281249999 0.7875 0.11604938281249999 0.7541666671875 0.11604938281249999 0.7541666671875 0.1543209875 0.7541666671875 0.1925925921875 0.7875 0.1925925921875 0.8208333328125 0.1925925921875
0 0.490277778125 0.18024691406249999 0.490277778125 0.12592592656249998 0.490277778125 0.0716049375 0.46458333281249997 0.0716049375 0.4388888890625 0.0716049375 0.4388888890625 0.12592592656249998 0.4388888890625 0.18024691406249999 0.46458333281249997 0.18024691406249999 0.490277778125 0.18024691406249999
0 0.43333333281249997 0.7703703703125 0.43333333281249997 0.7061728390625001 0.43333333281249997 0.641975309375 0.39097222187499997 0.641975309375 0.34861111093749997 0.641975309375 0.34861111093749997 0.7061728390625001 0.34861111093749997 0.7703703703125 0.39097222187499997 0.7703703703125 0.43333333281249997 0.7703703703125
0 0.5138888890625 0.8296296296874999 0.5138888890625 0.777777778125 0.5138888890625 0.7259259265625 0.48194444374999995 0.7259259265625 0.45 0.7259259265625 0.45 0.777777778125 0.45 0.8296296296874999 0.48194444374999995 0.8296296296874999 0.5138888890625 0.8296296296874999
0 0.527777778125 0.604938271875 0.527777778125 0.558024690625 0.527777778125 0.5111111109375 0.5006944437499999 0.5111111109375 0.47361111093749997 0.5111111109375 0.47361111093749997 0.558024690625 0.47361111093749997 0.604938271875 0.5006944437499999 0.604938271875 0.527777778125 0.604938271875
0 0.652777778125 0.5950617281249999 0.652777778125 0.5345679015625 0.652777778125 0.47407407343749997 0.6166666671875001 0.47407407343749997 0.58055555625 0.47407407343749997 0.58055555625 0.5345679015625 0.58055555625 0.5950617281249999 0.6166666671875001 0.5950617281249999 0.652777778125 0.5950617281249999
0 0.7819444437499999 0.5456790125000001 0.7819444437499999 0.5024691359375 0.7819444437499999 0.459259259375 0.7520833328125 0.459259259375 0.722222221875 0.459259259375 0.722222221875 0.5024691359375 0.722222221875 0.5456790125000001 0.7520833328125 0.5456790125000001 0.7819444437499999 0.5456790125000001
2 0.8680555562500001 0.5950617281249999 0.8680555562500001 0.5629629625 0.8680555562500001 0.530864196875 0.8534722218749999 0.530864196875 0.8388888890624999 0.530864196875 0.8388888890624999 0.5629629625 0.8388888890624999 0.5950617281249999 0.8534722218749999 0.5950617281249999 0.8680555562500001 0.5950617281249999
2 0.2375 0.5333333328125 0.2375 0.5024691359375 0.2375 0.4716049375 0.222222221875 0.4716049375 0.20694444375 0.4716049375 0.20694444375 0.5024691359375 0.20694444375 0.5333333328125 0.222222221875 0.5333333328125 0.2375 0.5333333328125
2 0.45555555625000005 0.29135802499999996 0.45555555625000005 0.2703703703125 0.45555555625000005 0.249382715625 0.4458333328125 0.249382715625 0.4361111109375 0.249382715625 0.4361111109375 0.2703703703125 0.4361111109375 0.29135802499999996 0.4458333328125 0.29135802499999996 0.45555555625000005 0.29135802499999996
0 0.722222221875 0.12345679062499999 0.722222221875 0.0802469140625 0.722222221875 0.037037037499999995 0.6861111109375 0.037037037499999995 0.65 0.037037037499999995 0.65 0.0802469140625 0.65 0.12345679062499999 0.6861111109375 0.12345679062499999 0.722222221875 0.12345679062499999