3 0.6171875 0.8916666671875 0.6171875 0.840277778125 0.6171875 0.7888888890625 0.5799479171875 0.7888888890625 0.5427083328125 0.7888888890625 0.5427083328125 0.840277778125 0.5427083328125 0.8916666671875 0.5799479171875 0.8916666671875 0.6171875 0.8916666671875
0 0.4817708328125 0.45555555625000005 0.4817708328125 0.4365740734375 0.4817708328125 0.4175925921875 0.4703125 0.4175925921875 0.45885416718750005 0.4175925921875 0.45885416718750005 0.4365740734375 0.45885416718750005 0.45555555625000005 0.4703125 0.45555555625000005 0.4817708328125 0.45555555625000005
0 0.2260416671875 0.515740740625 0.2260416671875 0.471759259375 0.2260416671875 0.427777778125 0.2046875 0.427777778125 0.1833333328125 0.427777778125 0.1833333328125 0.471759259375 0.1833333328125 0.515740740625 0.2046875 0.515740740625 0.2260416671875 0.515740740625
0 0.8755208328125 0.4703703703125 0.8755208328125 0.44166666718750003 0.8755208328125 0.4129629625 0.86015625 0.4129629625 0.8447916671875 0.4129629625 0.8447916671875 0.44166666718750003 0.8447916671875 0.4703703703125 0.86015625 0.4703703703125 0.8755208328125 0.4703703703125
0 0.8677083328125 0.5314814812499999 0.8677083328125 0.503240740625 0.8677083328125 0.475 0.8494791671874999 0.475 0.83125 0.475 0.83125 0.503240740625 0.83125 0.5314814812499999 0.8494791671874999 0.5314814812499999 0.8677083328125 0.5314814812499999
0 0.6770833328125 0.39351851875 0.6770833328125 0.3638888890625 0.6770833328125 0.334259259375 0.6622395828125 0.334259259375 0.6473958328125 0.334259259375 0.6473958328125 0.3638888890625 0.6473958328125 0.39351851875 0.6622395828125 0.39351851875 0.6770833328125 0.39351851875
0 0.6807291671875 0.46666666718750005 0.6807291671875 0.43518518593750005 0.6807291671875 0.403703703125 0.66484375 0.403703703125 0.6489583328124999 0.403703703125 0.6489583328124999 0.43518518593750005 0.6489583328124999 0.46666666718750005 0.66484375 0.46666666718750005 0.6807291671875 0.46666666718750005
0 0.6390625 0.5518518515624999 0.6390625 0.5203703703125 0.6390625 0.4888888890625 0.62109375 0.4888888890625 0.603125 0.4888888890625 0.603125 0.5203703703125 0.603125 0.5518518515624999 0.62109375 0.5518518515624999 0.6390625 0.5518518515624999
0 0.484375 0.5694444437499999 0.484375 0.5453703703125 0.484375 0.521296296875 0.465625 0.521296296875 0.446875 0.521296296875 0.446875 0.5453703703125 0.446875 0.5694444437499999 0.465625 0.5694444437499999 0.484375 0.5694444437499999
0 0.4265625 0.628703703125 0.4265625 0.5976851859375001 0.4265625 0.5666666671875 0.40520833281249996 0.5666666671875 0.3838541671875 0.5666666671875 0.3838541671875 0.5976851859375001 0.3838541671875 0.628703703125 0.40520833281249996 0.628703703125 0.4265625 0.628703703125
0 0.5119791671875 0.7333333328125 0.5119791671875 0.6949074078125 0.5119791671875 0.6564814812499999 0.48723958281249996 0.6564814812499999 0.4625 0.6564814812499999 0.4625 0.6949074078125 0.4625 0.7333333328125 0.48723958281249996 0.7333333328125 0.5119791671875 0.7333333328125
0 0.2484375 0.7620370375000001 0.2484375 0.7226851859375001 0.2484375 0.6833333328125 0.2203125 0.6833333328125 0.1921875 0.6833333328125 0.1921875 0.7226851859375001 0.1921875 0.7620370375000001 0.2203125 0.7620370375000001 0.2484375 0.7620370375000001
0 0.8072916671874999 0.7009259265625001 0.8072916671874999 0.6708333328125 0.8072916671874999 0.640740740625 0.7822916671875 0.640740740625 0.7572916671875001 0.640740740625 0.7572916671875001 0.6708333328125 0.7572916671875001 0.7009259265625001 0.7822916671875 0.7009259265625001 0.8072916671874999 0.7009259265625001
0 0.8255208328125001 1 0.8255208328125001 0.9708333328125001 0.8255208328125001 0.9416666671874999 0.7861979171875 0.9416666671874999 0.746875 0.9416666671874999 0.746875 0.9708333328125001 0.746875 1 0.7861979171875 1 0.8255208328125001 1