3 0.34861111093749997 0.1283950625 0.34861111093749997 0.077777778125 0.34861111093749997 0.027160493749999997 0.31736111093749997 0.027160493749999997 0.28611111093749997 0.027160493749999997 0.28611111093749997 0.077777778125 0.28611111093749997 0.1283950625 0.31736111093749997 0.1283950625 0.34861111093749997 0.1283950625
2 0.3958333328125 0.9802469140625 0.3958333328125 0.950617284375 0.3958333328125 0.9209876546875 0.3791666671875 0.9209876546875 0.3625 0.9209876546875 0.3625 0.950617284375 0.3625 0.9802469140625 0.3791666671875 0.9802469140625 0.3958333328125 0.9802469140625
2 0.727777778125 0.7481481484375 0.727777778125 0.7185185187500001 0.727777778125 0.6888888890625 0.7090277781250001 0.6888888890625 0.690277778125 0.6888888890625 0.690277778125 0.7185185187500001 0.690277778125 0.7481481484375 0.7090277781250001 0.7481481484375 0.727777778125 0.7481481484375
0 0.5986111109375 1 0.5986111109375 0.9444444437499999 0.5986111109375 0.8888888890625 0.5625 0.8888888890625 0.5263888890625 0.8888888890625 0.5263888890625 0.9444444437499999 0.5263888890625 1 0.5625 1 0.5986111109375 1
0 0.3416666671875 0.9160493828125 0.3416666671875 0.858024690625 0.3416666671875 0.8 0.30416666718749996 0.8 0.2666666671875 0.8 0.2666666671875 0.858024690625 0.2666666671875 0.9160493828125 0.30416666718749996 0.9160493828125 0.3416666671875 0.9160493828125
0 0.17916666718750002 0.622222221875 0.17916666718750002 0.5629629625 0.17916666718750002 0.503703703125 0.140972221875 0.503703703125 0.102777778125 0.503703703125 0.102777778125 0.5629629625 0.102777778125 0.622222221875 0.140972221875 0.622222221875 0.17916666718750002 0.622222221875
0 0.6569444437499999 0.6469135796875001 0.6569444437499999 0.5938271609375 0.6569444437499999 0.540740740625 0.628472221875 0.540740740625 0.6 0.540740740625 0.6 0.5938271609375 0.6 0.6469135796875001 0.628472221875 0.6469135796875001 0.6569444437499999 0.6469135796875001
0 0.609722221875 0.6987654328125 0.609722221875 0.6629629625 0.609722221875 0.62716049375 0.58055555625 0.62716049375 0.5513888890625 0.62716049375 0.5513888890625 0.6629629625 0.5513888890625 0.6987654328125 0.58055555625 0.6987654328125 0.609722221875 0.6987654328125
0 0.6208333328125 0.503703703125 0.6208333328125 0.45432098749999994 0.6208333328125 0.40493827187500003 0.5923611109375 0.40493827187500003 0.5638888890625 0.40493827187500003 0.5638888890625 0.45432098749999994 0.5638888890625 0.503703703125 0.5923611109375 0.503703703125 0.6208333328125 0.503703703125
0 0.6763888890625 0.3061728390625 0.6763888890625 0.276543209375 0.6763888890625 0.2469135796875 0.65625 0.2469135796875 0.6361111109375 0.2469135796875 0.6361111109375 0.276543209375 0.6361111109375 0.3061728390625 0.65625 0.3061728390625 0.6763888890625 0.3061728390625
0 0.7361111109375 0.1925925921875 0.7361111109375 0.1543209875 0.7361111109375 0.11604938281249999 0.7125 0.11604938281249999 0.6888888890625 0.11604938281249999 0.6888888890625 0.1543209875 0.6888888890625 0.1925925921875 0.7125 0.1925925921875 0.7361111109375 0.1925925921875
3 0.1041666671875 0.7876543203125 0.1041666671875 0.703703703125 0.1041666671875 0.6197530859375 0.0548611109375 0.6197530859375 0.00555555625 0.6197530859375 0.00555555625 0.703703703125 0.00555555625 0.7876543203125 0.0548611109375 0.7876543203125 0.1041666671875 0.7876543203125
3 0.1833333328125 0.7456790125 0.1833333328125 0.6851851859375 0.1833333328125 0.6246913578125 0.1395833328125 0.6246913578125 0.0958333328125 0.6246913578125 0.0958333328125 0.6851851859375 0.0958333328125 0.7456790125 0.1395833328125 0.7456790125 0.1833333328125 0.7456790125