0 0.709722221875 0.6024691359375 0.709722221875 0.5555555562500001 0.709722221875 0.508641975 0.6868055562500001 0.508641975 0.6638888890625 0.508641975 0.6638888890625 0.5555555562500001 0.6638888890625 0.6024691359375 0.6868055562500001 0.6024691359375 0.709722221875 0.6024691359375
2 0.8416666671874999 0.6987654328125 0.8416666671874999 0.667901234375 0.8416666671874999 0.6370370375000001 0.8173611109375001 0.6370370375000001 0.79305555625 0.6370370375000001 0.79305555625 0.667901234375 0.79305555625 0.6987654328125 0.8173611109375001 0.6987654328125 0.8416666671874999 0.6987654328125
0 0.140277778125 0.33580246874999997 0.140277778125 0.24444444375000002 0.140277778125 0.1530864203125 0.090277778125 0.1530864203125 0.040277778125000004 0.1530864203125 0.040277778125000004 0.24444444375000002 0.040277778125000004 0.33580246874999997 0.090277778125 0.33580246874999997 0.140277778125 0.33580246874999997
0 0.2875 0.37283950625 0.2875 0.308641975 0.2875 0.24444444375000002 0.24444444375000002 0.24444444375000002 0.20138888906250002 0.24444444375000002 0.20138888906250002 0.308641975 0.20138888906250002 0.37283950625 0.24444444375000002 0.37283950625 0.2875 0.37283950625
0 0.427777778125 0.7604938265625 0.427777778125 0.695061728125 0.427777778125 0.6296296296875 0.38819444375 0.6296296296875 0.34861111093749997 0.6296296296875 0.34861111093749997 0.695061728125 0.34861111093749997 0.7604938265625 0.38819444375 0.7604938265625 0.427777778125 0.7604938265625
0 0.19583333281249998 0.977777778125 0.19583333281249998 0.9086419749999999 0.19583333281249998 0.8395061734375 0.14444444375 0.8395061734375 0.09305555625 0.8395061734375 0.09305555625 0.9086419749999999 0.09305555625 0.977777778125 0.14444444375 0.977777778125 0.19583333281249998 0.977777778125
0 0.3458333328125 0.977777778125 0.3458333328125 0.9135802468750001 0.3458333328125 0.8493827156249999 0.30416666718749996 0.8493827156249999 0.2625 0.8493827156249999 0.2625 0.9135802468750001 0.2625 0.977777778125 0.30416666718749996 0.977777778125 0.3458333328125 0.977777778125
0 0.652777778125 1 0.652777778125 0.9135802468750001 0.652777778125 0.8271604937499999 0.6104166671875 0.8271604937499999 0.56805555625 0.8271604937499999 0.56805555625 0.9135802468750001 0.56805555625 1 0.6104166671875 1 0.652777778125 1
0 0.7888888890625 0.558024690625 0.7888888890625 0.503703703125 0.7888888890625 0.449382715625 0.7569444437499999 0.449382715625 0.725 0.449382715625 0.725 0.503703703125 0.725 0.558024690625 0.7569444437499999 0.558024690625 0.7888888890625 0.558024690625
0 0.772222221875 0.3925925921875 0.772222221875 0.3296296296875 0.772222221875 0.2666666671875 0.7361111109375 0.2666666671875 0.7 0.2666666671875 0.7 0.3296296296875 0.7 0.3925925921875 0.7361111109375 0.3925925921875 0.772222221875 0.3925925921875
0 0.872222221875 0.2148148140625 0.872222221875 0.158024690625 0.872222221875 0.10123456718749999 0.8430555562500001 0.10123456718749999 0.8138888890624999 0.10123456718749999 0.8138888890624999 0.158024690625 0.8138888890624999 0.2148148140625 0.8430555562500001 0.2148148140625 0.872222221875 0.2148148140625
3 0.2 0.5432098765625 0.2 0.440740740625 0.2 0.3382716046875 0.13819444375 0.3382716046875 0.07638888906249999 0.3382716046875 0.07638888906249999 0.440740740625 0.07638888906249999 0.5432098765625 0.13819444375 0.5432098765625 0.2 0.5432098765625
3 0.2736111109375 0.5333333328125 0.2736111109375 0.45432098749999994 0.2736111109375 0.3753086421875 0.23263888906250002 0.3753086421875 0.1916666671875 0.3753086421875 0.1916666671875 0.45432098749999994 0.1916666671875 0.5333333328125 0.23263888906250002 0.5333333328125 0.2736111109375 0.5333333328125