3 0.41111111093749997 0.767901234375 0.41111111093749997 0.6753086421875001 0.41111111093749997 0.5827160499999999 0.3673611109375 0.5827160499999999 0.3236111109375 0.5827160499999999 0.3236111109375 0.6753086421875001 0.3236111109375 0.767901234375 0.3673611109375 0.767901234375 0.41111111093749997 0.767901234375
2 0.275 0.523456790625 0.275 0.5074074078125 0.275 0.491358025 0.2625 0.491358025 0.25 0.491358025 0.25 0.5074074078125 0.25 0.523456790625 0.2625 0.523456790625 0.275 0.523456790625
0 0.8263888890625 0.7432098765624999 0.8263888890625 0.686419753125 0.8263888890625 0.6296296296875 0.79375 0.6296296296875 0.7611111109375 0.6296296296875 0.7611111109375 0.686419753125 0.7611111109375 0.7432098765624999 0.79375 0.7432098765624999 0.8263888890625 0.7432098765624999
0 0.6805555562500001 0.64444444375 0.6805555562500001 0.591358025 0.6805555562500001 0.5382716046875 0.65069444375 0.5382716046875 0.6208333328125 0.5382716046875 0.6208333328125 0.591358025 0.6208333328125 0.64444444375 0.65069444375 0.64444444375 0.6805555562500001 0.64444444375
0 0.8430555562500001 0.38765432031249997 0.8430555562500001 0.3296296296875 0.8430555562500001 0.2716049375 0.81805555625 0.2716049375 0.79305555625 0.2716049375 0.79305555625 0.3296296296875 0.79305555625 0.38765432031249997 0.81805555625 0.38765432031249997 0.8430555562500001 0.38765432031249997
0 0.6555555562500001 0.8790123453125 0.6555555562500001 0.8222222218749999 0.6555555562500001 0.7654320984375 0.622222221875 0.7654320984375 0.5888888890625 0.7654320984375 0.5888888890625 0.8222222218749999 0.5888888890625 0.8790123453125 0.622222221875 0.8790123453125 0.6555555562500001 0.8790123453125
0 0.5625 0.8148148140625 0.5625 0.750617284375 0.5625 0.686419753125 0.5270833328125 0.686419753125 0.4916666671875 0.686419753125 0.4916666671875 0.750617284375 0.4916666671875 0.8148148140625 0.5270833328125 0.8148148140625 0.5625 0.8148148140625
0 0.4916666671875 0.9753086421875 0.4916666671875 0.9209876546875 0.4916666671875 0.8666666671875 0.45277777812500003 0.8666666671875 0.4138888890625 0.8666666671875 0.4138888890625 0.9209876546875 0.4138888890625 0.9753086421875 0.45277777812500003 0.9753086421875 0.4916666671875 0.9753086421875
0 0.32777777812500003 0.4148148140625 0.32777777812500003 0.3604938265625 0.32777777812500003 0.3061728390625 0.2986111109375 0.3061728390625 0.26944444375 0.3061728390625 0.26944444375 0.3604938265625 0.26944444375 0.4148148140625 0.2986111109375 0.4148148140625 0.32777777812500003 0.4148148140625
0 0.0986111109375 0.3703703703125 0.0986111109375 0.3209876546875 0.0986111109375 0.2716049375 0.0625 0.2716049375 0.026388889062499997 0.2716049375 0.026388889062499997 0.3209876546875 0.026388889062499997 0.3703703703125 0.0625 0.3703703703125 0.0986111109375 0.3703703703125
0 0.21805555625 0.3061728390625 0.21805555625 0.2629629625 0.21805555625 0.2197530859375 0.17916666718750002 0.2197530859375 0.140277778125 0.2197530859375 0.140277778125 0.2629629625 0.140277778125 0.3061728390625 0.17916666718750002 0.3061728390625 0.21805555625 0.3061728390625
0 0.10555555624999999 0.1753086421875 0.10555555624999999 0.130864196875 0.10555555624999999 0.086419753125 0.077777778125 0.086419753125 0.05 0.086419753125 0.05 0.130864196875 0.05 0.1753086421875 0.077777778125 0.1753086421875 0.10555555624999999 0.1753086421875
0 0.1888888890625 0.19012345625 0.1888888890625 0.13580246875 0.1888888890625 0.08148148125 0.153472221875 0.08148148125 0.11805555625 0.08148148125 0.11805555625 0.13580246875 0.11805555625 0.19012345625 0.153472221875 0.19012345625 0.1888888890625 0.19012345625
3 0.6861111109375 0.47901234531250003 0.6861111109375 0.4024691359375 0.6861111109375 0.32592592656249997 0.6291666671875 0.32592592656249997 0.5722222218749999 0.32592592656249997 0.5722222218749999 0.4024691359375 0.5722222218749999 0.47901234531250003 0.6291666671875 0.47901234531250003 0.6861111109375 0.47901234531250003
3 0.5416666671875 0.4987654328125 0.5416666671875 0.4209876546875 0.5416666671875 0.3432098765625 0.5083333328124999 0.3432098765625 0.475 0.3432098765625 0.475 0.4209876546875 0.475 0.4987654328125 0.5083333328124999 0.4987654328125 0.5416666671875 0.4987654328125