0 0.1864583328125 0.559259259375 0.1864583328125 0.534259259375 0.1864583328125 0.509259259375 0.17421875 0.509259259375 0.1619791671875 0.509259259375 0.1619791671875 0.534259259375 0.1619791671875 0.559259259375 0.17421875 0.559259259375 0.1864583328125 0.559259259375
0 0.17916666718750002 0.4268518515625 0.17916666718750002 0.4018518515625 0.17916666718750002 0.3768518515625 0.16744791718750002 0.3768518515625 0.15572916718750002 0.3768518515625 0.15572916718750002 0.4018518515625 0.15572916718750002 0.4268518515625 0.16744791718750002 0.4268518515625 0.17916666718750002 0.4268518515625
0 0.7125 0.377777778125 0.7125 0.35 0.7125 0.322222221875 0.6963541671875 0.322222221875 0.6802083328124999 0.322222221875 0.6802083328124999 0.35 0.6802083328124999 0.377777778125 0.6963541671875 0.377777778125 0.7125 0.377777778125
1 0.6208333328125 0.859259259375 0.6208333328125 0.784259259375 0.6208333328125 0.709259259375 0.56953125 0.709259259375 0.5182291671875 0.709259259375 0.5182291671875 0.784259259375 0.5182291671875 0.859259259375 0.56953125 0.859259259375 0.6208333328125 0.859259259375
0 0.1458333328125 0.8768518515625001 0.1458333328125 0.846759259375 0.1458333328125 0.8166666671874999 0.1276041671875 0.8166666671874999 0.109375 0.8166666671874999 0.109375 0.846759259375 0.109375 0.8768518515625001 0.1276041671875 0.8768518515625001 0.1458333328125 0.8768518515625001
0 0.20052083281250002 0.7231481484375 0.20052083281250002 0.696296296875 0.20052083281250002 0.66944444375 0.1864583328125 0.66944444375 0.17239583281249998 0.66944444375 0.17239583281249998 0.696296296875 0.17239583281249998 0.7231481484375 0.1864583328125 0.7231481484375 0.20052083281250002 0.7231481484375
0 0.23020833281250003 0.60648148125 0.23020833281250003 0.58148148125 0.23020833281250003 0.55648148125 0.2143229171875 0.55648148125 0.1984375 0.55648148125 0.1984375 0.58148148125 0.1984375 0.60648148125 0.2143229171875 0.60648148125 0.23020833281250003 0.60648148125
0 0.4057291671875 0.7240740734375 0.4057291671875 0.6898148140625 0.4057291671875 0.6555555562500001 0.3916666671875 0.6555555562500001 0.3776041671875 0.6555555562500001 0.3776041671875 0.6898148140625 0.3776041671875 0.7240740734375 0.3916666671875 0.7240740734375 0.4057291671875 0.7240740734375
0 0.4145833328125 0.6351851859375001 0.4145833328125 0.6111111109375 0.4145833328125 0.5870370375 0.40442708281249995 0.5870370375 0.3942708328125 0.5870370375 0.3942708328125 0.6111111109375 0.3942708328125 0.6351851859375001 0.40442708281249995 0.6351851859375001 0.4145833328125 0.6351851859375001
0 0.8244791671874999 0.9861111109375 0.8244791671874999 0.9444444437499999 0.8244791671874999 0.902777778125 0.7927083328125 0.902777778125 0.7609375 0.902777778125 0.7609375 0.9444444437499999 0.7609375 0.9861111109375 0.7927083328125 0.9861111109375 0.8244791671874999 0.9861111109375
0 0.7151041671875 0.7601851859375001 0.7151041671875 0.7333333328125 0.7151041671875 0.70648148125 0.6989583328125 0.70648148125 0.6828125 0.70648148125 0.6828125 0.7333333328125 0.6828125 0.7601851859375001 0.6989583328125 0.7601851859375001 0.7151041671875 0.7601851859375001
0 0.9130208328125 0.571296296875 0.9130208328125 0.540740740625 0.9130208328125 0.5101851859375001 0.8932291671874999 0.5101851859375001 0.8734375 0.5101851859375001 0.8734375 0.540740740625 0.8734375 0.571296296875 0.8932291671874999 0.571296296875 0.9130208328125 0.571296296875
3 0.259375 0.5074074078125 0.259375 0.48194444374999995 0.259375 0.45648148125 0.23359375 0.45648148125 0.2078125 0.45648148125 0.2078125 0.48194444374999995 0.2078125 0.5074074078125 0.23359375 0.5074074078125 0.259375 0.5074074078125