0 0.3302083328125 0.8768518515625001 0.3302083328125 0.8541666671874999 0.3302083328125 0.83148148125 0.31692708281250004 0.83148148125 0.3036458328125 0.83148148125 0.3036458328125 0.8541666671874999 0.3036458328125 0.8768518515625001 0.31692708281250004 0.8768518515625001 0.3302083328125 0.8768518515625001
0 0.5604166671875 0.5240740734375 0.5604166671875 0.5023148140625 0.5604166671875 0.48055555625 0.5502604171875001 0.48055555625 0.5401041671875 0.48055555625 0.5401041671875 0.5023148140625 0.5401041671875 0.5240740734375 0.5502604171875001 0.5240740734375 0.5604166671875 0.5240740734375
0 0.40416666718750005 0.7351851859375 0.40416666718750005 0.7138888890625 0.40416666718750005 0.6925925921875 0.39296875 0.6925925921875 0.3817708328125 0.6925925921875 0.3817708328125 0.7138888890625 0.3817708328125 0.7351851859375 0.39296875 0.7351851859375 0.40416666718750005 0.7351851859375
0 0.6744791671875 0.2925925921875 0.6744791671875 0.25833333281250004 0.6744791671875 0.22407407343750002 0.6533854171875 0.22407407343750002 0.6322916671875001 0.22407407343750002 0.6322916671875001 0.25833333281250004 0.6322916671875001 0.2925925921875 0.6533854171875 0.2925925921875 0.6744791671875 0.2925925921875
0 0.8880208328125001 0.27870370312500004 0.8880208328125001 0.246296296875 0.8880208328125001 0.2138888890625 0.8703125 0.2138888890625 0.8526041671875 0.2138888890625 0.8526041671875 0.246296296875 0.8526041671875 0.27870370312500004 0.8703125 0.27870370312500004 0.8880208328125001 0.27870370312500004
0 1 0.2398148140625 0.9786458328125001 0.2398148140625 0.9572916671874999 0.2398148140625 0.9572916671874999 0.2703703703125 0.9572916671874999 0.3009259265625 0.9786458328125001 0.3009259265625 1 0.3009259265625 1 0.2703703703125 1 0.2398148140625
0 0.7411458328125 0.45185185156249996 0.7411458328125 0.42175925937500003 0.7411458328125 0.3916666671875 0.7221354171875001 0.3916666671875 0.703125 0.3916666671875 0.703125 0.42175925937500003 0.703125 0.45185185156249996 0.7221354171875001 0.45185185156249996 0.7411458328125 0.45185185156249996
0 0.4359375 0.934259259375 0.4359375 0.9023148140625 0.4359375 0.8703703703125001 0.41588541718750005 0.8703703703125001 0.3958333328125 0.8703703703125001 0.3958333328125 0.9023148140625 0.3958333328125 0.934259259375 0.41588541718750005 0.934259259375 0.4359375 0.934259259375
1 0.5114583328125 1 0.5114583328125 0.91851851875 0.5114583328125 0.8370370375 0.46119791718750003 0.8370370375 0.4109375 0.8370370375 0.4109375 0.91851851875 0.4109375 1 0.46119791718750003 1 0.5114583328125 1
0 0.5651041671875 0.934259259375 0.5651041671875 0.896759259375 0.5651041671875 0.859259259375 0.5440104171875 0.859259259375 0.5229166671875001 0.859259259375 0.5229166671875001 0.896759259375 0.5229166671875001 0.934259259375 0.5440104171875 0.934259259375 0.5651041671875 0.934259259375
3 0.3635416671875 1 0.3635416671875 0.9638888890624999 0.3635416671875 0.9277777781250001 0.3369791671875 0.9277777781250001 0.3104166671875 0.9277777781250001 0.3104166671875 0.9638888890624999 0.3104166671875 1 0.3369791671875 1 0.3635416671875 1