0 0.547222221875 0.9308641968750001 0.547222221875 0.8481481484375 0.547222221875 0.7654320984375 0.49930555625000006 0.7654320984375 0.4513888890625 0.7654320984375 0.4513888890625 0.8481481484375 0.4513888890625 0.9308641968750001 0.49930555625000006 0.9308641968750001 0.547222221875 0.9308641968750001
0 0.5305555562500001 0.3382716046875 0.5305555562500001 0.2629629625 0.5305555562500001 0.1876543203125 0.4895833328125 0.1876543203125 0.4486111109375 0.1876543203125 0.4486111109375 0.2629629625 0.4486111109375 0.3382716046875 0.4895833328125 0.3382716046875 0.5305555562500001 0.3382716046875
3 0.0875 0.7061728390625001 0.0875 0.5987654328125 0.0875 0.491358025 0.04444444375 0.491358025 0.0013888890625 0.491358025 0.0013888890625 0.5987654328125 0.0013888890625 0.7061728390625001 0.04444444375 0.7061728390625001 0.0875 0.7061728390625001
0 0.94305555625 0.9012345671875 0.94305555625 0.81728395 0.94305555625 0.7333333328125 0.9013888890624999 0.7333333328125 0.859722221875 0.7333333328125 0.859722221875 0.81728395 0.859722221875 0.9012345671875 0.9013888890624999 0.9012345671875 0.94305555625 0.9012345671875
0 0.95 0.6123456796875 0.95 0.559259259375 0.95 0.5061728390625 0.922222221875 0.5061728390625 0.89444444375 0.5061728390625 0.89444444375 0.559259259375 0.89444444375 0.6123456796875 0.922222221875 0.6123456796875 0.95 0.6123456796875
0 0.9791666671874999 0.42716049375000004 0.9791666671874999 0.37283950625 0.9791666671874999 0.31851851875000003 0.9548611109375 0.31851851875000003 0.9305555562500001 0.31851851875000003 0.9305555562500001 0.37283950625 0.9305555562500001 0.42716049375000004 0.9548611109375 0.42716049375000004 0.9791666671874999 0.42716049375000004
0 0.7513888890625 0.6197530859375 0.7513888890625 0.5666666671875 0.7513888890625 0.5135802468749999 0.722222221875 0.5135802468749999 0.69305555625 0.5135802468749999 0.69305555625 0.5666666671875 0.69305555625 0.6197530859375 0.722222221875 0.6197530859375 0.7513888890625 0.6197530859375
0 0.6708333328125 0.8148148140625 0.6708333328125 0.759259259375 0.6708333328125 0.703703703125 0.6416666671875 0.703703703125 0.6125 0.703703703125 0.6125 0.759259259375 0.6125 0.8148148140625 0.6416666671875 0.8148148140625 0.6708333328125 0.8148148140625
0 0.5638888890625 0.77283950625 0.5638888890625 0.70987654375 0.5638888890625 0.6469135796875001 0.5319444437499999 0.6469135796875001 0.5 0.6469135796875001 0.5 0.70987654375 0.5 0.77283950625 0.5319444437499999 0.77283950625 0.5638888890625 0.77283950625
0 0.45555555625000005 0.53580246875 0.45555555625000005 0.46296296249999996 0.45555555625000005 0.39012345625 0.41041666718750003 0.39012345625 0.365277778125 0.39012345625 0.365277778125 0.46296296249999996 0.365277778125 0.53580246875 0.41041666718750003 0.53580246875 0.45555555625000005 0.53580246875
0 0.702777778125 0.25679012343749996 0.702777778125 0.21728394999999998 0.702777778125 0.177777778125 0.66944444375 0.177777778125 0.6361111109375 0.177777778125 0.6361111109375 0.21728394999999998 0.6361111109375 0.25679012343749996 0.66944444375 0.25679012343749996 0.702777778125 0.25679012343749996
0 0.61944444375 0.2296296296875 0.61944444375 0.1518518515625 0.61944444375 0.0740740734375 0.58055555625 0.0740740734375 0.5416666671875 0.0740740734375 0.5416666671875 0.1518518515625 0.5416666671875 0.2296296296875 0.58055555625 0.2296296296875 0.61944444375 0.2296296296875
3 0.6388888890625 0.38271605000000003 0.6388888890625 0.303703703125 0.6388888890625 0.2246913578125 0.584722221875 0.2246913578125 0.5305555562500001 0.2246913578125 0.5305555562500001 0.303703703125 0.5305555562500001 0.38271605000000003 0.584722221875 0.38271605000000003 0.6388888890625 0.38271605000000003