3 0.08333333281250001 0.5802469140625 0.08333333281250001 0.5160493828125 0.08333333281250001 0.45185185156249996 0.05 0.45185185156249996 0.0166666671875 0.45185185156249996 0.0166666671875 0.5160493828125 0.0166666671875 0.5802469140625 0.05 0.5802469140625 0.08333333281250001 0.5802469140625
3 0.9083333328125001 0.7975308640625001 0.9083333328125001 0.7345679015625 0.9083333328125001 0.6716049374999999 0.8680555562500001 0.6716049374999999 0.827777778125 0.6716049374999999 0.827777778125 0.7345679015625 0.827777778125 0.7975308640625001 0.8680555562500001 0.7975308640625001 0.9083333328125001 0.7975308640625001
3 0.815277778125 0.950617284375 0.815277778125 0.8790123453125 0.815277778125 0.8074074078125 0.7763888890625 0.8074074078125 0.7375 0.8074074078125 0.7375 0.8790123453125 0.7375 0.950617284375 0.7763888890625 0.950617284375 0.815277778125 0.950617284375
0 0.51944444375 0.44197530937499996 0.51944444375 0.40493827187500003 0.51944444375 0.367901234375 0.49583333281249997 0.367901234375 0.47222222187499996 0.367901234375 0.47222222187499996 0.40493827187500003 0.47222222187499996 0.44197530937499996 0.49583333281249997 0.44197530937499996 0.51944444375 0.44197530937499996
0 0.5625 0.3851851859375 0.5625 0.3345679015625 0.5625 0.28395061718750003 0.53680555625 0.28395061718750003 0.5111111109375 0.28395061718750003 0.5111111109375 0.3345679015625 0.5111111109375 0.3851851859375 0.53680555625 0.3851851859375 0.5625 0.3851851859375
0 0.5083333328124999 0.259259259375 0.5083333328124999 0.2123456796875 0.5083333328124999 0.1654320984375 0.48472222187499997 0.1654320984375 0.4611111109375 0.1654320984375 0.4611111109375 0.2123456796875 0.4611111109375 0.259259259375 0.48472222187499997 0.259259259375 0.5083333328124999 0.259259259375
0 0.540277778125 0.0716049375 0.540277778125 0.037037037499999995 0.540277778125 0.0024691359375 0.5201388890625 0.0024691359375 0.5 0.0024691359375 0.5 0.037037037499999995 0.5 0.0716049375 0.5201388890625 0.0716049375 0.540277778125 0.0716049375
0 0.86944444375 0.0987654328125 0.86944444375 0.05308642031250001 0.86944444375 0.0074074078125 0.8395833328125001 0.0074074078125 0.809722221875 0.0074074078125 0.809722221875 0.05308642031250001 0.809722221875 0.0987654328125 0.8395833328125001 0.0987654328125 0.86944444375 0.0987654328125
0 0.959722221875 0.37283950625 0.959722221875 0.32716049375 0.959722221875 0.28148148125 0.9305555562500001 0.28148148125 0.9013888890624999 0.28148148125 0.9013888890624999 0.32716049375 0.9013888890624999 0.37283950625 0.9305555562500001 0.37283950625 0.959722221875 0.37283950625
0 0.252777778125 0.9604938265625 0.252777778125 0.8938271609375 0.252777778125 0.8271604937499999 0.215277778125 0.8271604937499999 0.177777778125 0.8271604937499999 0.177777778125 0.8938271609375 0.177777778125 0.9604938265625 0.215277778125 0.9604938265625 0.252777778125 0.9604938265625
0 0.2833333328125 0.703703703125 0.2833333328125 0.6469135796875001 0.2833333328125 0.59012345625 0.2479166671875 0.59012345625 0.2125 0.59012345625 0.2125 0.6469135796875001 0.2125 0.703703703125 0.2479166671875 0.703703703125 0.2833333328125 0.703703703125
0 0.527777778125 0.6839506171874999 0.527777778125 0.6395061734375 0.527777778125 0.5950617281249999 0.5 0.5950617281249999 0.47222222187499996 0.5950617281249999 0.47222222187499996 0.6395061734375 0.47222222187499996 0.6839506171874999 0.5 0.6839506171874999 0.527777778125 0.6839506171874999
0 0.527777778125 0.77283950625 0.527777778125 0.7259259265625 0.527777778125 0.6790123453125 0.49791666718750005 0.6790123453125 0.46805555625000006 0.6790123453125 0.46805555625000006 0.7259259265625 0.46805555625000006 0.77283950625 0.49791666718750005 0.77283950625 0.527777778125 0.77283950625
0 0.64444444375 0.8543209875000001 0.64444444375 0.8024691359375 0.64444444375 0.750617284375 0.6166666671875001 0.750617284375 0.5888888890625 0.750617284375 0.5888888890625 0.8024691359375 0.5888888890625 0.8543209875000001 0.6166666671875001 0.8543209875000001 0.64444444375 0.8543209875000001
2 0.3458333328125 0.7333333328125 0.3458333328125 0.713580246875 0.3458333328125 0.6938271609375 0.32847222187499997 0.6938271609375 0.3111111109375 0.6938271609375 0.3111111109375 0.713580246875 0.3111111109375 0.7333333328125 0.32847222187499997 0.7333333328125 0.3458333328125 0.7333333328125