0 0.058333332812500006 0.967901234375 0.058333332812500006 0.8987654328125 0.058333332812500006 0.8296296296874999 0.0298611109375 0.8296296296874999 0.0013888890625 0.8296296296874999 0.0013888890625 0.8987654328125 0.0013888890625 0.967901234375 0.0298611109375 0.967901234375 0.058333332812500006 0.967901234375
3 0.8916666671875 0.2938271609375 0.8916666671875 0.25061728437499997 0.8916666671875 0.20740740781250003 0.86319444375 0.20740740781250003 0.834722221875 0.20740740781250003 0.834722221875 0.25061728437499997 0.834722221875 0.2938271609375 0.86319444375 0.2938271609375 0.8916666671875 0.2938271609375
3 0.915277778125 0.4074074078125 0.915277778125 0.35308642031250004 0.915277778125 0.2987654328125 0.8756944437499999 0.2987654328125 0.8361111109375001 0.2987654328125 0.8361111109375001 0.35308642031250004 0.8361111109375001 0.4074074078125 0.8756944437499999 0.4074074078125 0.915277778125 0.4074074078125
3 0.8763888890624999 0.46913580312500003 0.8763888890624999 0.41111111093749997 0.8763888890624999 0.35308642031250004 0.847222221875 0.35308642031250004 0.81805555625 0.35308642031250004 0.81805555625 0.41111111093749997 0.81805555625 0.46913580312500003 0.847222221875 0.46913580312500003 0.8763888890624999 0.46913580312500003
3 0.89305555625 0.7654320984375 0.89305555625 0.686419753125 0.89305555625 0.6074074078125 0.8611111109375 0.6074074078125 0.8291666671875 0.6074074078125 0.8291666671875 0.686419753125 0.8291666671875 0.7654320984375 0.8611111109375 0.7654320984375 0.89305555625 0.7654320984375
3 1 0.7012345671875 0.9638888890624999 0.7012345671875 0.9277777781250001 0.7012345671875 0.9277777781250001 0.7740740734375 0.9277777781250001 0.8469135796874999 0.9638888890624999 0.8469135796874999 1 0.8469135796874999 1 0.7740740734375 1 0.7012345671875
3 0.8819444437499999 1 0.8819444437499999 0.896296296875 0.8819444437499999 0.7925925921875 0.83055555625 0.7925925921875 0.7791666671875 0.7925925921875 0.7791666671875 0.896296296875 0.7791666671875 1 0.83055555625 1 0.8819444437499999 1
3 0.702777778125 0.2395061734375 0.702777778125 0.17901234531250002 0.702777778125 0.11851851875 0.67569444375 0.11851851875 0.6486111109375 0.11851851875 0.6486111109375 0.17901234531250002 0.6486111109375 0.2395061734375 0.67569444375 0.2395061734375 0.702777778125 0.2395061734375
3 0.5611111109375 0.10370370312499999 0.5611111109375 0.054320987499999994 0.5611111109375 0.004938271875 0.51944444375 0.004938271875 0.477777778125 0.004938271875 0.477777778125 0.054320987499999994 0.477777778125 0.10370370312499999 0.51944444375 0.10370370312499999 0.5611111109375 0.10370370312499999
3 0.2513888890625 0.249382715625 0.2513888890625 0.20246913593750002 0.2513888890625 0.15555555625 0.215277778125 0.15555555625 0.17916666718750002 0.15555555625 0.17916666718750002 0.20246913593750002 0.17916666718750002 0.249382715625 0.215277778125 0.249382715625 0.2513888890625 0.249382715625
3 0.30555555624999997 0.32592592656249997 0.30555555624999997 0.2790123453125 0.30555555624999997 0.23209876562499998 0.26944444375 0.23209876562499998 0.23333333281250002 0.23209876562499998 0.23333333281250002 0.2790123453125 0.23333333281250002 0.32592592656249997 0.26944444375 0.32592592656249997 0.30555555624999997 0.32592592656249997
3 0.5375 0.48148148125 0.5375 0.42839506250000003 0.5375 0.3753086421875 0.509027778125 0.3753086421875 0.48055555625 0.3753086421875 0.48055555625 0.42839506250000003 0.48055555625 0.48148148125 0.509027778125 0.48148148125 0.5375 0.48148148125
3 0.6180555562500001 0.46913580312500003 0.6180555562500001 0.403703703125 0.6180555562500001 0.3382716046875 0.5763888890625 0.3382716046875 0.534722221875 0.3382716046875 0.534722221875 0.403703703125 0.534722221875 0.46913580312500003 0.5763888890625 0.46913580312500003 0.6180555562500001 0.46913580312500003
3 0.652777778125 0.5333333328125 0.652777778125 0.43827160468750004 0.652777778125 0.3432098765625 0.61875 0.3432098765625 0.584722221875 0.3432098765625 0.584722221875 0.43827160468750004 0.584722221875 0.5333333328125 0.61875 0.5333333328125 0.652777778125 0.5333333328125
3 0.40555555625000006 0.5111111109375 0.40555555625000006 0.43333333281249997 0.40555555625000006 0.35555555625 0.35625 0.35555555625 0.30694444375 0.35555555625 0.30694444375 0.43333333281249997 0.30694444375 0.5111111109375 0.35625 0.5111111109375 0.40555555625000006 0.5111111109375
3 0.565277778125 0.6246913578125 0.565277778125 0.5703703703125 0.565277778125 0.5160493828125 0.5409722218749999 0.5160493828125 0.5166666671875 0.5160493828125 0.5166666671875 0.5703703703125 0.5166666671875 0.6246913578125 0.5409722218749999 0.6246913578125 0.565277778125 0.6246913578125
3 0.384722221875 0.691358025 0.384722221875 0.6234567906249999 0.384722221875 0.5555555562500001 0.34027777812500004 0.5555555562500001 0.2958333328125 0.5555555562500001 0.2958333328125 0.6234567906249999 0.2958333328125 0.691358025 0.34027777812500004 0.691358025 0.384722221875 0.691358025
3 0.315277778125 0.78271605 0.315277778125 0.7283950625 0.315277778125 0.6740740734374999 0.2798611109375 0.6740740734374999 0.24444444375000002 0.6740740734374999 0.24444444375000002 0.7283950625 0.24444444375000002 0.78271605 0.2798611109375 0.78271605 0.315277778125 0.78271605
3 0.475 0.9012345671875 0.475 0.795061728125 0.475 0.6888888890625 0.41111111093749997 0.6888888890625 0.34722222187499996 0.6888888890625 0.34722222187499996 0.795061728125 0.34722222187499996 0.9012345671875 0.41111111093749997 0.9012345671875 0.475 0.9012345671875
3 0.32777777812500003 0.9802469140625 0.32777777812500003 0.8888888890625 0.32777777812500003 0.7975308640625001 0.275 0.7975308640625001 0.222222221875 0.7975308640625001 0.222222221875 0.8888888890625 0.222222221875 0.9802469140625 0.275 0.9802469140625 0.32777777812500003 0.9802469140625
3 0.45 1 0.45 0.9518518515625001 0.45 0.9037037031249999 0.397222221875 0.9037037031249999 0.34444444375 0.9037037031249999 0.34444444375 0.9518518515625001 0.34444444375 1 0.397222221875 1 0.45 1
0 0.8958333328125001 0.032098765625 0.8958333328125001 0.01728395 0.8958333328125001 0.0024691359375 0.875 0.0024691359375 0.8541666671874999 0.0024691359375 0.8541666671874999 0.01728395 0.8541666671874999 0.032098765625 0.875 0.032098765625 0.8958333328125001 0.032098765625
0 0.7541666671875 0.051851851562499995 0.7541666671875 0.027160493749999997 0.7541666671875 0.0024691359375 0.7256944437499999 0.0024691359375 0.6972222218749999 0.0024691359375 0.6972222218749999 0.027160493749999997 0.6972222218749999 0.051851851562499995 0.7256944437499999 0.051851851562499995 0.7541666671875 0.051851851562499995
0 0.6569444437499999 0.0987654328125 0.6569444437499999 0.06419753125 0.6569444437499999 0.0296296296875 0.6333333328124999 0.0296296296875 0.609722221875 0.0296296296875 0.609722221875 0.06419753125 0.609722221875 0.0987654328125 0.6333333328124999 0.0987654328125 0.6569444437499999 0.0987654328125
0 0.7666666671875 0.22716049374999997 0.7666666671875 0.18024691406249999 0.7666666671875 0.13333333281249998 0.7388888890625 0.13333333281249998 0.7111111109375 0.13333333281249998 0.7111111109375 0.18024691406249999 0.7111111109375 0.22716049374999997 0.7388888890625 0.22716049374999997 0.7666666671875 0.22716049374999997
0 0.94305555625 0.222222221875 0.94305555625 0.18148148125000002 0.94305555625 0.140740740625 0.9145833328125 0.140740740625 0.8861111109375001 0.140740740625 0.8861111109375001 0.18148148125000002 0.8861111109375001 0.222222221875 0.9145833328125 0.222222221875 0.94305555625 0.222222221875
0 0.5708333328124999 0.296296296875 0.5708333328124999 0.249382715625 0.5708333328124999 0.20246913593750002 0.5423611109375 0.20246913593750002 0.5138888890625 0.20246913593750002 0.5138888890625 0.249382715625 0.5138888890625 0.296296296875 0.5423611109375 0.296296296875 0.5708333328124999 0.296296296875
0 0.6763888890625 0.3382716046875 0.6763888890625 0.2802469140625 0.6763888890625 0.222222221875 0.6361111109375 0.222222221875 0.5958333328125 0.222222221875 0.5958333328125 0.2802469140625 0.5958333328125 0.3382716046875 0.6361111109375 0.3382716046875 0.6763888890625 0.3382716046875
0 0.7458333328125 0.37283950625 0.7458333328125 0.33209876562499996 0.7458333328125 0.29135802499999996 0.7118055562500001 0.29135802499999996 0.6777777781250001 0.29135802499999996 0.6777777781250001 0.33209876562499996 0.6777777781250001 0.37283950625 0.7118055562500001 0.37283950625 0.7458333328125 0.37283950625
0 0.81805555625 0.42716049375000004 0.81805555625 0.377777778125 0.81805555625 0.3283950625 0.7833333328125 0.3283950625 0.7486111109375 0.3283950625 0.7486111109375 0.377777778125 0.7486111109375 0.42716049375000004 0.7833333328125 0.42716049375000004 0.81805555625 0.42716049375000004
0 0.7388888890625 0.4839506171875 0.7388888890625 0.42469135781249995 0.7388888890625 0.3654320984375 0.70069444375 0.3654320984375 0.6625 0.3654320984375 0.6625 0.42469135781249995 0.6625 0.4839506171875 0.70069444375 0.4839506171875 0.7388888890625 0.4839506171875
0 0.8041666671875 0.558024690625 0.8041666671875 0.49382716093749995 0.8041666671875 0.4296296296875 0.7701388890625 0.4296296296875 0.7361111109375 0.4296296296875 0.7361111109375 0.49382716093749995 0.7361111109375 0.558024690625 0.7701388890625 0.558024690625 0.8041666671875 0.558024690625
0 0.747222221875 0.7876543203125 0.747222221875 0.7123456796875 0.747222221875 0.6370370375000001 0.72430555625 0.6370370375000001 0.7013888890625 0.6370370375000001 0.7013888890625 0.7123456796875 0.7013888890625 0.7876543203125 0.72430555625 0.7876543203125 0.747222221875 0.7876543203125
0 0.7375 0.6370370375000001 0.7375 0.5802469140625 0.7375 0.523456790625 0.70069444375 0.523456790625 0.6638888890625 0.523456790625 0.6638888890625 0.5802469140625 0.6638888890625 0.6370370375000001 0.70069444375 0.6370370375000001 0.7375 0.6370370375000001
0 0.8194444437499999 0.6938271609375 0.8194444437499999 0.6432098765625 0.8194444437499999 0.5925925921874999 0.7861111109375 0.5925925921874999 0.752777778125 0.5925925921874999 0.752777778125 0.6432098765625 0.752777778125 0.6938271609375 0.7861111109375 0.6938271609375 0.8194444437499999 0.6938271609375
0 0.8125 0.841975309375 0.8125 0.7839506171874999 0.8125 0.7259259265625 0.7833333328125 0.7259259265625 0.7541666671875 0.7259259265625 0.7541666671875 0.7839506171874999 0.7541666671875 0.841975309375 0.7833333328125 0.841975309375 0.8125 0.841975309375
0 0.525 1 0.525 0.9308641968750001 0.525 0.8617283953125 0.475 0.8617283953125 0.425 0.8617283953125 0.425 0.9308641968750001 0.425 1 0.475 1 0.525 1
0 0.515277778125 0.7160493828125001 0.515277778125 0.64444444375 0.515277778125 0.57283950625 0.4770833328125 0.57283950625 0.4388888890625 0.57283950625 0.4388888890625 0.64444444375 0.4388888890625 0.7160493828125001 0.4770833328125 0.7160493828125001 0.515277778125 0.7160493828125001
0 0.6041666671875 0.9061728390624999 0.6041666671875 0.823456790625 0.6041666671875 0.740740740625 0.5611111109375 0.740740740625 0.51805555625 0.740740740625 0.51805555625 0.823456790625 0.51805555625 0.9061728390624999 0.5611111109375 0.9061728390624999 0.6041666671875 0.9061728390624999
0 0.7291666671875 0.9876543203124999 0.7291666671875 0.8938271609375 0.7291666671875 0.8 0.6777777781250001 0.8 0.6263888890625 0.8 0.6263888890625 0.8938271609375 0.6263888890625 0.9876543203124999 0.6777777781250001 0.9876543203124999 0.7291666671875 0.9876543203124999
0 0.7569444437499999 0.967901234375 0.7569444437499999 0.8975308640625 0.7569444437499999 0.8271604937499999 0.7395833328125 0.8271604937499999 0.722222221875 0.8271604937499999 0.722222221875 0.8975308640625 0.722222221875 0.967901234375 0.7395833328125 0.967901234375 0.7569444437499999 0.967901234375
0 0.6041666671875 0.7703703703125 0.6041666671875 0.6876543203125001 0.6041666671875 0.604938271875 0.565277778125 0.604938271875 0.5263888890625 0.604938271875 0.5263888890625 0.6876543203125001 0.5263888890625 0.7703703703125 0.565277778125 0.7703703703125 0.6041666671875 0.7703703703125
0 0.7083333328125 0.7876543203125 0.7083333328125 0.713580246875 0.7083333328125 0.6395061734375 0.66180555625 0.6395061734375 0.6152777781250001 0.6395061734375 0.6152777781250001 0.713580246875 0.6152777781250001 0.7876543203125 0.66180555625 0.7876543203125 0.7083333328125 0.7876543203125
2 0.51805555625 0.11604938281249999 0.51805555625 0.10370370312499999 0.51805555625 0.091358025 0.50625 0.091358025 0.49444444374999996 0.091358025 0.49444444374999996 0.10370370312499999 0.49444444374999996 0.11604938281249999 0.50625 0.11604938281249999 0.51805555625 0.11604938281249999
2 0.372222221875 0.024691357812500002 0.372222221875 0.0148148140625 0.372222221875 0.004938271875 0.3576388890625 0.004938271875 0.34305555625 0.004938271875 0.34305555625 0.0148148140625 0.34305555625 0.024691357812500002 0.3576388890625 0.024691357812500002 0.372222221875 0.024691357812500002
2 0.7958333328125 0.28395061718750003 0.7958333328125 0.2629629625 0.7958333328125 0.24197530937499998 0.7854166671875 0.24197530937499998 0.775 0.24197530937499998 0.775 0.2629629625 0.775 0.28395061718750003 0.7854166671875 0.28395061718750003 0.7958333328125 0.28395061718750003
2 0.6208333328125 0.9654320984375 0.6208333328125 0.9432098765625 0.6208333328125 0.9209876546875 0.6083333328125 0.9209876546875 0.5958333328125 0.9209876546875 0.5958333328125 0.9432098765625 0.5958333328125 0.9654320984375 0.6083333328125 0.9654320984375 0.6208333328125 0.9654320984375
0 0.31944444375000003 0.2296296296875 0.31944444375000003 0.17901234531250002 0.31944444375000003 0.1283950625 0.28958333281250004 0.1283950625 0.259722221875 0.1283950625 0.259722221875 0.17901234531250002 0.259722221875 0.2296296296875 0.28958333281250004 0.2296296296875 0.31944444375000003 0.2296296296875
3 0.19305555624999998 0.78271605 0.19305555624999998 0.72716049375 0.19305555624999998 0.6716049374999999 0.16388888906250001 0.6716049374999999 0.134722221875 0.6716049374999999 0.134722221875 0.72716049375 0.134722221875 0.78271605 0.16388888906250001 0.78271605 0.19305555624999998 0.78271605