1 0.309722221875 0.6740740734374999 0.309722221875 0.6518518515625 0.309722221875 0.6296296296875 0.28819444375000003 0.6296296296875 0.2666666671875 0.6296296296875 0.2666666671875 0.6518518515625 0.2666666671875 0.6740740734374999 0.28819444375000003 0.6740740734374999 0.309722221875 0.6740740734374999
1 0.61944444375 0.5851851859375 0.61944444375 0.5271604937500001 0.61944444375 0.46913580312500003 0.5451388890625 0.46913580312500003 0.47083333281249995 0.46913580312500003 0.47083333281249995 0.5271604937500001 0.47083333281249995 0.5851851859375 0.5451388890625 0.5851851859375 0.61944444375 0.5851851859375
2 0.80694444375 0.6839506171874999 0.80694444375 0.650617284375 0.80694444375 0.61728395 0.777777778125 0.61728395 0.7486111109375 0.61728395 0.7486111109375 0.650617284375 0.7486111109375 0.6839506171874999 0.777777778125 0.6839506171874999 0.80694444375 0.6839506171874999
2 0.9472222218749999 1 0.9472222218749999 0.92716049375 0.9472222218749999 0.8543209875000001 0.9055555562500001 0.8543209875000001 0.8638888890624999 0.8543209875000001 0.8638888890624999 0.92716049375 0.8638888890624999 1 0.9055555562500001 1 0.9472222218749999 1
2 0.847222221875 0.8839506171875 0.847222221875 0.8271604937499999 0.847222221875 0.7703703703125 0.8076388890624999 0.7703703703125 0.76805555625 0.7703703703125 0.76805555625 0.8271604937499999 0.76805555625 0.8839506171875 0.8076388890624999 0.8839506171875 0.847222221875 0.8839506171875
3 0.6 0.8716049375000001 0.6 0.8012345671875 0.6 0.730864196875 0.5527777781250001 0.730864196875 0.50555555625 0.730864196875 0.50555555625 0.8012345671875 0.50555555625 0.8716049375000001 0.5527777781250001 0.8716049375000001 0.6 0.8716049375000001
0 0.8138888890624999 0.2666666671875 0.8138888890624999 0.23580246875 0.8138888890624999 0.204938271875 0.790277778125 0.204938271875 0.7666666671875 0.204938271875 0.7666666671875 0.23580246875 0.7666666671875 0.2666666671875 0.790277778125 0.2666666671875 0.8138888890624999 0.2666666671875
0 0.7916666671875 0.35555555625 0.7916666671875 0.3111111109375 0.7916666671875 0.2666666671875 0.7576388890625 0.2666666671875 0.7236111109375 0.2666666671875 0.7236111109375 0.3111111109375 0.7236111109375 0.35555555625 0.7576388890625 0.35555555625 0.7916666671875 0.35555555625
0 0.9513888890625 0.6469135796875001 0.9513888890625 0.6012345671875 0.9513888890625 0.5555555562500001 0.915277778125 0.5555555562500001 0.8791666671874999 0.5555555562500001 0.8791666671874999 0.6012345671875 0.8791666671874999 0.6469135796875001 0.915277778125 0.6469135796875001 0.9513888890625 0.6469135796875001
0 0.9694444437499999 0.77283950625 0.9694444437499999 0.722222221875 0.9694444437499999 0.6716049374999999 0.92430555625 0.6716049374999999 0.8791666671874999 0.6716049374999999 0.8791666671874999 0.722222221875 0.8791666671874999 0.77283950625 0.92430555625 0.77283950625 0.9694444437499999 0.77283950625
1 1 0.395061728125 0.9305555562500001 0.395061728125 0.8611111109375 0.395061728125 0.8611111109375 0.44444444375 0.8611111109375 0.49382716093749995 0.9305555562500001 0.49382716093749995 1 0.49382716093749995 1 0.44444444375 1 0.395061728125