3 0.1916666671875 0.222222221875 0.1916666671875 0.1617283953125 0.1916666671875 0.10123456718749999 0.14375 0.10123456718749999 0.0958333328125 0.10123456718749999 0.0958333328125 0.1617283953125 0.0958333328125 0.222222221875 0.14375 0.222222221875 0.1916666671875 0.222222221875
3 0.0861111109375 0.8148148140625 0.0861111109375 0.7370370375 0.0861111109375 0.659259259375 0.04375 0.659259259375 0.0013888890625 0.659259259375 0.0013888890625 0.7370370375 0.0013888890625 0.8148148140625 0.04375 0.8148148140625 0.0861111109375 0.8148148140625
3 0.1625 0.9308641968750001 0.1625 0.8617283953125 0.1625 0.7925925921875 0.11180555625 0.7925925921875 0.061111110937500004 0.7925925921875 0.061111110937500004 0.8617283953125 0.061111110937500004 0.9308641968750001 0.11180555625 0.9308641968750001 0.1625 0.9308641968750001
3 0.41111111093749997 0.2987654328125 0.41111111093749997 0.24444444375000002 0.41111111093749997 0.19012345625 0.37569444375 0.19012345625 0.34027777812500004 0.19012345625 0.34027777812500004 0.24444444375000002 0.34027777812500004 0.2987654328125 0.37569444375 0.2987654328125 0.41111111093749997 0.2987654328125
3 0.5694444437499999 0.4197530859375 0.5694444437499999 0.3469135796875 0.5694444437499999 0.2740740734375 0.5236111109375 0.2740740734375 0.477777778125 0.2740740734375 0.477777778125 0.3469135796875 0.477777778125 0.4197530859375 0.5236111109375 0.4197530859375 0.5694444437499999 0.4197530859375
3 0.5013888890625 0.550617284375 0.5013888890625 0.4839506171875 0.5013888890625 0.41728395 0.446527778125 0.41728395 0.3916666671875 0.41728395 0.3916666671875 0.4839506171875 0.3916666671875 0.550617284375 0.446527778125 0.550617284375 0.5013888890625 0.550617284375
3 0.5958333328125 0.7382716046875 0.5958333328125 0.6641975312499999 0.5958333328125 0.59012345625 0.5541666671875001 0.59012345625 0.5125 0.59012345625 0.5125 0.6641975312499999 0.5125 0.7382716046875 0.5541666671875001 0.7382716046875 0.5958333328125 0.7382716046875
3 0.8236111109375001 0.8024691359375 0.8236111109375001 0.7296296296875 0.8236111109375001 0.6567901234375 0.777777778125 0.6567901234375 0.73194444375 0.6567901234375 0.73194444375 0.7296296296875 0.73194444375 0.8024691359375 0.777777778125 0.8024691359375 0.8236111109375001 0.8024691359375
3 0.8083333328125001 0.9012345671875 0.8083333328125001 0.8493827156249999 0.8083333328125001 0.7975308640625001 0.7798611109375 0.7975308640625001 0.7513888890625 0.7975308640625001 0.7513888890625 0.8493827156249999 0.7513888890625 0.9012345671875 0.7798611109375 0.9012345671875 0.8083333328125001 0.9012345671875
3 0.8513888890624999 1 0.8513888890624999 0.9382716046875 0.8513888890624999 0.8765432093750001 0.8145833328125001 0.8765432093750001 0.777777778125 0.8765432093750001 0.777777778125 0.9382716046875 0.777777778125 1 0.8145833328125001 1 0.8513888890624999 1
0 0.190277778125 0.7703703703125 0.190277778125 0.708641975 0.190277778125 0.6469135796875001 0.15277777812499999 0.6469135796875001 0.115277778125 0.6469135796875001 0.115277778125 0.708641975 0.115277778125 0.7703703703125 0.15277777812499999 0.7703703703125 0.190277778125 0.7703703703125
0 0.8430555562500001 0.222222221875 0.8430555562500001 0.1753086421875 0.8430555562500001 0.1283950625 0.81805555625 0.1283950625 0.79305555625 0.1283950625 0.79305555625 0.1753086421875 0.79305555625 0.222222221875 0.81805555625 0.222222221875 0.8430555562500001 0.222222221875
0 0.95 0.5111111109375 0.95 0.477777778125 0.95 0.44444444375 0.9208333328125 0.44444444375 0.8916666671875 0.44444444375 0.8916666671875 0.477777778125 0.8916666671875 0.5111111109375 0.9208333328125 0.5111111109375 0.95 0.5111111109375
0 0.3583333328125 0.45185185156249996 0.3583333328125 0.4061728390625 0.3583333328125 0.3604938265625 0.334722221875 0.3604938265625 0.3111111109375 0.3604938265625 0.3111111109375 0.4061728390625 0.3111111109375 0.45185185156249996 0.334722221875 0.45185185156249996 0.3583333328125 0.45185185156249996
0 0.85694444375 0.4888888890625 0.85694444375 0.4469135796875 0.85694444375 0.40493827187500003 0.827777778125 0.40493827187500003 0.7986111109375 0.40493827187500003 0.7986111109375 0.4469135796875 0.7986111109375 0.4888888890625 0.827777778125 0.4888888890625 0.85694444375 0.4888888890625
0 0.7083333328125 0.49629629687500004 0.7083333328125 0.45432098749999994 0.7083333328125 0.41234567968749997 0.6791666671875001 0.41234567968749997 0.65 0.41234567968749997 0.65 0.45432098749999994 0.65 0.49629629687500004 0.6791666671875001 0.49629629687500004 0.7083333328125 0.49629629687500004
0 0.6138888890625 0.5851851859375 0.6138888890625 0.5382716046875 0.6138888890625 0.491358025 0.58125 0.491358025 0.5486111109375 0.491358025 0.5486111109375 0.5382716046875 0.5486111109375 0.5851851859375 0.58125 0.5851851859375 0.6138888890625 0.5851851859375
0 0.8958333328125001 0.7530864203125 0.8958333328125001 0.7024691359374999 0.8958333328125001 0.6518518515625 0.86944444375 0.6518518515625 0.8430555562500001 0.6518518515625 0.8430555562500001 0.7024691359374999 0.8430555562500001 0.7530864203125 0.86944444375 0.7530864203125 0.8958333328125001 0.7530864203125
0 0.49444444374999996 0.896296296875 0.49444444374999996 0.8345679015625 0.49444444374999996 0.77283950625 0.46180555625 0.77283950625 0.4291666671875 0.77283950625 0.4291666671875 0.8345679015625 0.4291666671875 0.896296296875 0.46180555625 0.896296296875 0.49444444374999996 0.896296296875
0 0.5944444437499999 0.8987654328125 0.5944444437499999 0.8358024687500001 0.5944444437499999 0.77283950625 0.5604166671875 0.77283950625 0.5263888890625 0.77283950625 0.5263888890625 0.8358024687500001 0.5263888890625 0.8987654328125 0.5604166671875 0.8987654328125 0.5944444437499999 0.8987654328125
0 0.7763888890625 1 0.7763888890625 0.959259259375 0.7763888890625 0.91851851875 0.7388888890625 0.91851851875 0.7013888890625 0.91851851875 0.7013888890625 0.959259259375 0.7013888890625 1 0.7388888890625 1 0.7763888890625 1
0 0.11388888906250001 0.1851851859375 0.11388888906250001 0.1197530859375 0.11388888906250001 0.054320987499999994 0.0666666671875 0.054320987499999994 0.019444443750000002 0.054320987499999994 0.019444443750000002 0.1197530859375 0.019444443750000002 0.1851851859375 0.0666666671875 0.1851851859375 0.11388888906250001 0.1851851859375
2 0.4458333328125 0.604938271875 0.4458333328125 0.58148148125 0.4458333328125 0.558024690625 0.43125 0.558024690625 0.4166666671875 0.558024690625 0.4166666671875 0.58148148125 0.4166666671875 0.604938271875 0.43125 0.604938271875 0.4458333328125 0.604938271875
2 0.2708333328125 0.46419753124999996 0.2708333328125 0.4370370375 0.2708333328125 0.40987654375 0.252777778125 0.40987654375 0.23472222187499997 0.40987654375 0.23472222187499997 0.4370370375 0.23472222187499997 0.46419753124999996 0.252777778125 0.46419753124999996 0.2708333328125 0.46419753124999996