0 0.3125 0.33580246874999997 0.3125 0.2469135796875 0.3125 0.158024690625 0.25555555625 0.158024690625 0.1986111109375 0.158024690625 0.1986111109375 0.2469135796875 0.1986111109375 0.33580246874999997 0.25555555625 0.33580246874999997 0.3125 0.33580246874999997
0 0.7263888890625 0.3456790125 0.7263888890625 0.30987654375 0.7263888890625 0.2740740734375 0.70555555625 0.2740740734375 0.684722221875 0.2740740734375 0.684722221875 0.30987654375 0.684722221875 0.3456790125 0.70555555625 0.3456790125 0.7263888890625 0.3456790125
0 0.68194444375 0.3432098765625 0.68194444375 0.3061728390625 0.68194444375 0.269135803125 0.66180555625 0.269135803125 0.6416666671875 0.269135803125 0.6416666671875 0.3061728390625 0.6416666671875 0.3432098765625 0.66180555625 0.3432098765625 0.68194444375 0.3432098765625
2 0.7236111109375 0.8222222218749999 0.7236111109375 0.8012345671875 0.7236111109375 0.7802469140625 0.7125 0.7802469140625 0.7013888890625 0.7802469140625 0.7013888890625 0.8012345671875 0.7013888890625 0.8222222218749999 0.7125 0.8222222218749999 0.7236111109375 0.8222222218749999
2 0.047222221875 0.49382716093749995 0.047222221875 0.4604938265625 0.047222221875 0.42716049375000004 0.032638889062499996 0.42716049375000004 0.01805555625 0.42716049375000004 0.01805555625 0.4604938265625 0.01805555625 0.49382716093749995 0.032638889062499996 0.49382716093749995 0.047222221875 0.49382716093749995
0 0.147222221875 0.367901234375 0.147222221875 0.29135802499999996 0.147222221875 0.2148148140625 0.1 0.2148148140625 0.052777778124999994 0.2148148140625 0.052777778124999994 0.29135802499999996 0.052777778124999994 0.367901234375 0.1 0.367901234375 0.147222221875 0.367901234375
0 0.3 0.5283950625 0.3 0.46296296249999996 0.3 0.3975308640625 0.25833333281250004 0.3975308640625 0.2166666671875 0.3975308640625 0.2166666671875 0.46296296249999996 0.2166666671875 0.5283950625 0.25833333281250004 0.5283950625 0.3 0.5283950625
0 0.12222222187500001 0.6543209875 0.12222222187500001 0.5987654328125 0.12222222187500001 0.5432098765625 0.08055555625000001 0.5432098765625 0.0388888890625 0.5432098765625 0.0388888890625 0.5987654328125 0.0388888890625 0.6543209875 0.08055555625000001 0.6543209875 0.12222222187500001 0.6543209875
0 0.0958333328125 0.8074074078125 0.0958333328125 0.7370370375 0.0958333328125 0.6666666671875 0.0576388890625 0.6666666671875 0.019444443750000002 0.6666666671875 0.019444443750000002 0.7370370375 0.019444443750000002 0.8074074078125 0.0576388890625 0.8074074078125 0.0958333328125 0.8074074078125
0 0.2166666671875 0.6888888890625 0.2166666671875 0.6234567906249999 0.2166666671875 0.558024690625 0.17569444375 0.558024690625 0.134722221875 0.558024690625 0.134722221875 0.6234567906249999 0.134722221875 0.6888888890625 0.17569444375 0.6888888890625 0.2166666671875 0.6888888890625
0 0.2611111109375 0.7851851859375001 0.2611111109375 0.7209876546875 0.2611111109375 0.6567901234375 0.22569444375 0.6567901234375 0.190277778125 0.6567901234375 0.190277778125 0.7209876546875 0.190277778125 0.7851851859375001 0.22569444375 0.7851851859375001 0.2611111109375 0.7851851859375001
0 0.2638888890625 0.432098765625 0.2638888890625 0.3481481484375 0.2638888890625 0.26419753125 0.21319444375000002 0.26419753125 0.1625 0.26419753125 0.1625 0.3481481484375 0.1625 0.432098765625 0.21319444375000002 0.432098765625 0.2638888890625 0.432098765625
0 0.4375 0.38271605000000003 0.4375 0.3395061734375 0.4375 0.296296296875 0.4076388890625 0.296296296875 0.377777778125 0.296296296875 0.377777778125 0.3395061734375 0.377777778125 0.38271605000000003 0.4076388890625 0.38271605000000003 0.4375 0.38271605000000003
0 0.3625 0.177777778125 0.3625 0.132098765625 0.3625 0.086419753125 0.3333333328125 0.086419753125 0.30416666718749996 0.086419753125 0.30416666718749996 0.132098765625 0.30416666718749996 0.177777778125 0.3333333328125 0.177777778125 0.3625 0.177777778125
0 0.29444444375 0.150617284375 0.29444444375 0.104938271875 0.29444444375 0.059259259375 0.24375 0.059259259375 0.19305555624999998 0.059259259375 0.19305555624999998 0.104938271875 0.19305555624999998 0.150617284375 0.24375 0.150617284375 0.29444444375 0.150617284375
3 0.4986111109375 0.767901234375 0.4986111109375 0.6666666671875 0.4986111109375 0.5654320984375001 0.45694444375 0.5654320984375001 0.415277778125 0.5654320984375001 0.415277778125 0.6666666671875 0.415277778125 0.767901234375 0.45694444375 0.767901234375 0.4986111109375 0.767901234375
3 0.559722221875 0.6 0.559722221875 0.5345679015625 0.559722221875 0.46913580312500003 0.53125 0.46913580312500003 0.502777778125 0.46913580312500003 0.502777778125 0.5345679015625 0.502777778125 0.6 0.53125 0.6 0.559722221875 0.6
3 0.3708333328125 0.6074074078125 0.3708333328125 0.53580246875 0.3708333328125 0.46419753124999996 0.3395833328125 0.46419753124999996 0.3083333328125 0.46419753124999996 0.3083333328125 0.53580246875 0.3083333328125 0.6074074078125 0.3395833328125 0.6074074078125 0.3708333328125 0.6074074078125
3 0.4263888890625 0.5209876546875 0.4263888890625 0.4604938265625 0.4263888890625 0.4 0.39097222187499997 0.4 0.35555555625 0.4 0.35555555625 0.4604938265625 0.35555555625 0.5209876546875 0.39097222187499997 0.5209876546875 0.4263888890625 0.5209876546875