0 0.5869791671875 0.4916666671875 0.5869791671875 0.4199074078125 0.5869791671875 0.3481481484375 0.5434895828124999 0.3481481484375 0.5 0.3481481484375 0.5 0.4199074078125 0.5 0.4916666671875 0.5434895828124999 0.4916666671875 0.5869791671875 0.4916666671875
0 0.625 0.6203703703125 0.625 0.553240740625 0.625 0.4861111109375 0.5807291671875 0.4861111109375 0.5364583328125 0.4861111109375 0.5364583328125 0.553240740625 0.5364583328125 0.6203703703125 0.5807291671875 0.6203703703125 0.625 0.6203703703125
0 0.590625 0.8231481484375 0.590625 0.7388888890625 0.590625 0.6546296296875 0.54765625 0.6546296296875 0.5046875 0.6546296296875 0.5046875 0.7388888890625 0.5046875 0.8231481484375 0.54765625 0.8231481484375 0.590625 0.8231481484375
0 0.45 1 0.45 0.9296296296875 0.45 0.859259259375 0.40729166718750004 0.859259259375 0.3645833328125 0.859259259375 0.3645833328125 0.9296296296875 0.3645833328125 1 0.40729166718750004 1 0.45 1
0 0.7041666671875 1 0.7041666671875 0.94305555625 0.7041666671875 0.8861111109375001 0.6614583328125 0.8861111109375001 0.61875 0.8861111109375001 0.61875 0.94305555625 0.61875 1 0.6614583328125 1 0.7041666671875 1
0 0.6276041671875 1 0.6276041671875 0.9078703703125001 0.6276041671875 0.815740740625 0.5703125 0.815740740625 0.5130208328125 0.815740740625 0.5130208328125 0.9078703703125001 0.5130208328125 1 0.5703125 1 0.6276041671875 1
0 0.7432291671875 0.7268518515625 0.7432291671875 0.6615740734375 0.7432291671875 0.5962962968750001 0.7028645828125 0.5962962968750001 0.6625 0.5962962968750001 0.6625 0.6615740734375 0.6625 0.7268518515625 0.7028645828125 0.7268518515625 0.7432291671875 0.7268518515625
0 0.5802083328125 0.1111111109375 0.5802083328125 0.058333332812500006 0.5802083328125 0.00555555625 0.53671875 0.00555555625 0.49322916718750004 0.00555555625 0.49322916718750004 0.058333332812500006 0.49322916718750004 0.1111111109375 0.53671875 0.1111111109375 0.5802083328125 0.1111111109375
3 0.3994791671875 0.9629629625 0.3994791671875 0.852777778125 0.3994791671875 0.7425925921875 0.33828125 0.7425925921875 0.2770833328125 0.7425925921875 0.2770833328125 0.852777778125 0.2770833328125 0.9629629625 0.33828125 0.9629629625 0.3994791671875 0.9629629625
3 0.47083333281249995 0.1481481484375 0.47083333281249995 0.0745370375 0.47083333281249995 0.0009259265625 0.43151041718750005 0.0009259265625 0.3921875 0.0009259265625 0.3921875 0.0745370375 0.3921875 0.1481481484375 0.43151041718750005 0.1481481484375 0.47083333281249995 0.1481481484375
2 0.4973958328125 0.48148148125 0.4973958328125 0.45277777812500003 0.4973958328125 0.4240740734375 0.4859375 0.4240740734375 0.47447916718750005 0.4240740734375 0.47447916718750005 0.45277777812500003 0.47447916718750005 0.48148148125 0.4859375 0.48148148125 0.4973958328125 0.48148148125
2 0.44947916718750003 0.5101851859375001 0.44947916718750003 0.48842592656250006 0.44947916718750003 0.46666666718750005 0.43958333281249995 0.46666666718750005 0.4296875 0.46666666718750005 0.4296875 0.48842592656250006 0.4296875 0.5101851859375001 0.43958333281249995 0.5101851859375001 0.44947916718750003 0.5101851859375001
2 0.2552083328125 0.196296296875 0.2552083328125 0.1708333328125 0.2552083328125 0.1453703703125 0.2388020828125 0.1453703703125 0.22239583281250003 0.1453703703125 0.22239583281250003 0.1708333328125 0.22239583281250003 0.196296296875 0.2388020828125 0.196296296875 0.2552083328125 0.196296296875
2 0.2401041671875 0.11574074062499999 0.2401041671875 0.0921296296875 0.2401041671875 0.06851851875000001 0.2231770828125 0.06851851875000001 0.20625 0.06851851875000001 0.20625 0.0921296296875 0.20625 0.11574074062499999 0.2231770828125 0.11574074062499999 0.2401041671875 0.11574074062499999