2 0.3864583328125 0.61851851875 0.3864583328125 0.5995370375 0.3864583328125 0.58055555625 0.3700520828125 0.58055555625 0.3536458328125 0.58055555625 0.3536458328125 0.5995370375 0.3536458328125 0.61851851875 0.3700520828125 0.61851851875 0.3864583328125 0.61851851875
2 0.17135416718750002 0.2611111109375 0.17135416718750002 0.23240740781250002 0.17135416718750002 0.20370370312500002 0.1455729171875 0.20370370312500002 0.1197916671875 0.20370370312500002 0.1197916671875 0.23240740781250002 0.1197916671875 0.2611111109375 0.1455729171875 0.2611111109375 0.17135416718750002 0.2611111109375
2 0.3109375 0.3111111109375 0.3109375 0.2731481484375 0.3109375 0.23518518593749999 0.28359375 0.23518518593749999 0.25625 0.23518518593749999 0.25625 0.2731481484375 0.25625 0.3111111109375 0.28359375 0.3111111109375 0.3109375 0.3111111109375
0 0.7822916671875 0.3916666671875 0.7822916671875 0.3384259265625 0.7822916671875 0.2851851859375 0.75234375 0.2851851859375 0.7223958328125 0.2851851859375 0.7223958328125 0.3384259265625 0.7223958328125 0.3916666671875 0.75234375 0.3916666671875 0.7822916671875 0.3916666671875
2 0.5838541671875 0.08148148125 0.5838541671875 0.054166667187499996 0.5838541671875 0.0268518515625 0.5713541671875 0.0268518515625 0.5588541671875 0.0268518515625 0.5588541671875 0.054166667187499996 0.5588541671875 0.08148148125 0.5713541671875 0.08148148125 0.5838541671875 0.08148148125
2 0.5421875 0.20648148125 0.5421875 0.1898148140625 0.5421875 0.17314814843749998 0.5231770828125 0.17314814843749998 0.5041666671875 0.17314814843749998 0.5041666671875 0.1898148140625 0.5041666671875 0.20648148125 0.5231770828125 0.20648148125 0.5421875 0.20648148125
2 0.7921875 0.21203703749999997 0.7921875 0.18379629687500001 0.7921875 0.15555555625 0.7747395828125 0.15555555625 0.7572916671875001 0.15555555625 0.7572916671875001 0.18379629687500001 0.7572916671875001 0.21203703749999997 0.7747395828125 0.21203703749999997 0.7921875 0.21203703749999997
2 0.5260416671875 0.40277777812500004 0.5260416671875 0.365277778125 0.5260416671875 0.32777777812500003 0.5122395828124999 0.32777777812500003 0.4984375 0.32777777812500003 0.4984375 0.365277778125 0.4984375 0.40277777812500004 0.5122395828124999 0.40277777812500004 0.5260416671875 0.40277777812500004
2 0.7020833328125 0.7203703703125 0.7020833328125 0.68101851875 0.7020833328125 0.6416666671875 0.6869791671875001 0.6416666671875 0.671875 0.6416666671875 0.671875 0.68101851875 0.671875 0.7203703703125 0.6869791671875001 0.7203703703125 0.7020833328125 0.7203703703125
2 0.5765625 0.872222221875 0.5765625 0.8449074078125 0.5765625 0.8175925921875 0.5567708328125 0.8175925921875 0.5369791671875 0.8175925921875 0.5369791671875 0.8449074078125 0.5369791671875 0.872222221875 0.5567708328125 0.872222221875 0.5765625 0.872222221875
2 0.6875 0.7833333328125 0.6875 0.7495370375 0.6875 0.715740740625 0.67265625 0.715740740625 0.6578125 0.715740740625 0.6578125 0.7495370375 0.6578125 0.7833333328125 0.67265625 0.7833333328125 0.6875 0.7833333328125