1 0.46805555625000006 0.46419753124999996 0.46805555625000006 0.3296296296875 0.46805555625000006 0.195061728125 0.434722221875 0.195061728125 0.40138888906250003 0.195061728125 0.40138888906250003 0.3296296296875 0.40138888906250003 0.46419753124999996 0.434722221875 0.46419753124999996 0.46805555625000006 0.46419753124999996
1 0.222222221875 1 0.222222221875 0.9395061734375 0.222222221875 0.8790123453125 0.16458333281249998 0.8790123453125 0.10694444375 0.8790123453125 0.10694444375 0.9395061734375 0.10694444375 1 0.16458333281249998 1 0.222222221875 1
1 0.41805555625 1 0.41805555625 0.88148148125 0.41805555625 0.7629629625 0.39027777812500003 0.7629629625 0.3625 0.7629629625 0.3625 0.88148148125 0.3625 1 0.39027777812500003 1 0.41805555625 1
1 0.459722221875 1 0.459722221875 0.9024691359375 0.459722221875 0.804938271875 0.4298611109375 0.804938271875 0.4 0.804938271875 0.4 0.9024691359375 0.4 1 0.4298611109375 1 0.459722221875 1
1 0.777777778125 0.859259259375 0.777777778125 0.7530864203125 0.777777778125 0.6469135796875001 0.6777777781250001 0.6469135796875001 0.577777778125 0.6469135796875001 0.577777778125 0.7530864203125 0.577777778125 0.859259259375 0.6777777781250001 0.859259259375 0.777777778125 0.859259259375
1 0.940277778125 0.6716049374999999 0.940277778125 0.6296296296875 0.940277778125 0.5876543203125 0.821527778125 0.5876543203125 0.702777778125 0.5876543203125 0.702777778125 0.6296296296875 0.702777778125 0.6716049374999999 0.821527778125 0.6716049374999999 0.940277778125 0.6716049374999999
1 1 0.5160493828125 0.8993055562500001 0.5160493828125 0.7986111109375 0.5160493828125 0.7986111109375 0.5950617281249999 0.7986111109375 0.6740740734374999 0.8993055562500001 0.6740740734374999 1 0.6740740734374999 1 0.5950617281249999 1 0.5160493828125
1 0.909722221875 1 0.909722221875 0.8888888890625 0.909722221875 0.777777778125 0.8048611109375001 0.777777778125 0.7 0.777777778125 0.7 0.8888888890625 0.7 1 0.8048611109375001 1 0.909722221875 1
0 0.8958333328125001 0.5135802468749999 0.8958333328125001 0.42345679062499997 0.8958333328125001 0.3333333328125 0.840972221875 0.3333333328125 0.7861111109375 0.3333333328125 0.7861111109375 0.42345679062499997 0.7861111109375 0.5135802468749999 0.840972221875 0.5135802468749999 0.8958333328125001 0.5135802468749999
0 0.75555555625 0.5629629625 0.75555555625 0.46296296249999996 0.75555555625 0.36296296250000004 0.7118055562500001 0.36296296250000004 0.66805555625 0.36296296250000004 0.66805555625 0.46296296249999996 0.66805555625 0.5629629625 0.7118055562500001 0.5629629625 0.75555555625 0.5629629625
0 0.6861111109375 0.33580246874999997 0.6861111109375 0.28148148125 0.6861111109375 0.22716049374999997 0.659027778125 0.22716049374999997 0.6319444437499999 0.22716049374999997 0.6319444437499999 0.28148148125 0.6319444437499999 0.33580246874999997 0.659027778125 0.33580246874999997 0.6861111109375 0.33580246874999997