3 0.8708333328125001 0.44197530937499996 0.8708333328125001 0.3851851859375 0.8708333328125001 0.3283950625 0.83055555625 0.3283950625 0.790277778125 0.3283950625 0.790277778125 0.3851851859375 0.790277778125 0.44197530937499996 0.83055555625 0.44197530937499996 0.8708333328125001 0.44197530937499996
3 0.3638888890625 0.4197530859375 0.3638888890625 0.36296296250000004 0.3638888890625 0.3061728390625 0.33055555625 0.3061728390625 0.29722222187499997 0.3061728390625 0.29722222187499997 0.36296296250000004 0.29722222187499997 0.4197530859375 0.33055555625 0.4197530859375 0.3638888890625 0.4197530859375
3 0.4291666671875 0.696296296875 0.4291666671875 0.5925925921874999 0.4291666671875 0.4888888890625 0.3645833328125 0.4888888890625 0.3 0.4888888890625 0.3 0.5925925921874999 0.3 0.696296296875 0.3645833328125 0.696296296875 0.4291666671875 0.696296296875
0 0.13055555624999998 0.4 0.13055555624999998 0.322222221875 0.13055555624999998 0.24444444375000002 0.077777778125 0.24444444375000002 0.025 0.24444444375000002 0.025 0.322222221875 0.025 0.4 0.077777778125 0.4 0.13055555624999998 0.4
2 0.1416666671875 0.8271604937499999 0.1416666671875 0.7703703703125 0.1416666671875 0.713580246875 0.1020833328125 0.713580246875 0.0625 0.713580246875 0.0625 0.7703703703125 0.0625 0.8271604937499999 0.1020833328125 0.8271604937499999 0.1416666671875 0.8271604937499999
2 0.3416666671875 0.6543209875 0.3416666671875 0.5888888890625 0.3416666671875 0.523456790625 0.31597222187499996 0.523456790625 0.290277778125 0.523456790625 0.290277778125 0.5888888890625 0.290277778125 0.6543209875 0.31597222187499996 0.6543209875 0.3416666671875 0.6543209875
2 0.5541666671875001 0.886419753125 0.5541666671875001 0.8246913578124999 0.5541666671875001 0.7629629625 0.515277778125 0.7629629625 0.4763888890625 0.7629629625 0.4763888890625 0.8246913578124999 0.4763888890625 0.886419753125 0.515277778125 0.886419753125 0.5541666671875001 0.886419753125
2 0.66944444375 1 0.66944444375 0.92716049375 0.66944444375 0.8543209875000001 0.6416666671875 0.8543209875000001 0.6138888890625 0.8543209875000001 0.6138888890625 0.92716049375 0.6138888890625 1 0.6416666671875 1 0.66944444375 1
2 0.7666666671875 0.2543209875 0.7666666671875 0.2123456796875 0.7666666671875 0.1703703703125 0.7430555562500001 0.1703703703125 0.7194444437499999 0.1703703703125 0.7194444437499999 0.2123456796875 0.7194444437499999 0.2543209875 0.7430555562500001 0.2543209875 0.7666666671875 0.2543209875
2 0.74444444375 0.5555555562500001 0.74444444375 0.5160493828125 0.74444444375 0.47654320937500005 0.7284722218749999 0.47654320937500005 0.7125 0.47654320937500005 0.7125 0.5160493828125 0.7125 0.5555555562500001 0.7284722218749999 0.5555555562500001 0.74444444375 0.5555555562500001
2 0.5041666671875 0.49629629687500004 0.5041666671875 0.4703703703125 0.5041666671875 0.44444444375 0.490277778125 0.44444444375 0.4763888890625 0.44444444375 0.4763888890625 0.4703703703125 0.4763888890625 0.49629629687500004 0.490277778125 0.49629629687500004 0.5041666671875 0.49629629687500004
2 0.20416666718749998 0.508641975 0.20416666718749998 0.46543209843750005 0.20416666718749998 0.42222222187499997 0.178472221875 0.42222222187499997 0.15277777812499999 0.42222222187499997 0.15277777812499999 0.46543209843750005 0.15277777812499999 0.508641975 0.178472221875 0.508641975 0.20416666718749998 0.508641975
1 0.4888888890625 0.7382716046875 0.4888888890625 0.6111111109375 0.4888888890625 0.4839506171875 0.45555555625000005 0.4839506171875 0.42222222187499997 0.4839506171875 0.42222222187499997 0.6111111109375 0.42222222187499997 0.7382716046875 0.45555555625000005 0.7382716046875 0.4888888890625 0.7382716046875