2 0.2888888890625 0.7012345671875 0.2888888890625 0.676543209375 0.2888888890625 0.6518518515625 0.2673611109375 0.6518518515625 0.24583333281250003 0.6518518515625 0.24583333281250003 0.676543209375 0.24583333281250003 0.7012345671875 0.2673611109375 0.7012345671875 0.2888888890625 0.7012345671875
2 0.35972222187499997 0.859259259375 0.35972222187499997 0.8160493828125001 0.35972222187499997 0.77283950625 0.34305555625 0.77283950625 0.3263888890625 0.77283950625 0.3263888890625 0.8160493828125001 0.3263888890625 0.859259259375 0.34305555625 0.859259259375 0.35972222187499997 0.859259259375
2 0.36666666718749996 0.758024690625 0.36666666718749996 0.7197530859375 0.36666666718749996 0.68148148125 0.3375 0.68148148125 0.3083333328125 0.68148148125 0.3083333328125 0.7197530859375 0.3083333328125 0.758024690625 0.3375 0.758024690625 0.36666666718749996 0.758024690625
2 0.2666666671875 0.9358024687500001 0.2666666671875 0.9074074078125 0.2666666671875 0.8790123453125 0.24722222187499998 0.8790123453125 0.22777777812500002 0.8790123453125 0.22777777812500002 0.9074074078125 0.22777777812500002 0.9358024687500001 0.24722222187499998 0.9358024687500001 0.2666666671875 0.9358024687500001
2 0.51805555625 0.7259259265625 0.51805555625 0.6975308640625 0.51805555625 0.669135803125 0.4861111109375 0.669135803125 0.45416666718750004 0.669135803125 0.45416666718750004 0.6975308640625 0.45416666718750004 0.7259259265625 0.4861111109375 0.7259259265625 0.51805555625 0.7259259265625
2 0.8513888890624999 0.649382715625 0.8513888890624999 0.6086419750000001 0.8513888890624999 0.5679012343750001 0.8194444437499999 0.5679012343750001 0.7875 0.5679012343750001 0.7875 0.6086419750000001 0.7875 0.649382715625 0.8194444437499999 0.649382715625 0.8513888890624999 0.649382715625
2 0.5513888890625 0.9209876546875 0.5513888890625 0.8851851859375 0.5513888890625 0.8493827156249999 0.52569444375 0.8493827156249999 0.5 0.8493827156249999 0.5 0.8851851859375 0.5 0.9209876546875 0.52569444375 0.9209876546875 0.5513888890625 0.9209876546875
2 0.86944444375 0.8716049375000001 0.86944444375 0.8456790125 0.86944444375 0.8197530859375 0.8506944437499999 0.8197530859375 0.83194444375 0.8197530859375 0.83194444375 0.8456790125 0.83194444375 0.8716049375000001 0.8506944437499999 0.8716049375000001 0.86944444375 0.8716049375000001
0 0.3416666671875 0.323456790625 0.3416666671875 0.29135802499999996 0.3416666671875 0.259259259375 0.3298611109375 0.259259259375 0.31805555625 0.259259259375 0.31805555625 0.29135802499999996 0.31805555625 0.323456790625 0.3298611109375 0.323456790625 0.3416666671875 0.323456790625
0 0.38194444375000003 0.47407407343749997 0.38194444375000003 0.4370370375 0.38194444375000003 0.4 0.3673611109375 0.4 0.352777778125 0.4 0.352777778125 0.4370370375 0.352777778125 0.47407407343749997 0.3673611109375 0.47407407343749997 0.38194444375000003 0.47407407343749997
0 0.684722221875 0.59012345625 0.684722221875 0.5456790125000001 0.684722221875 0.5012345671875 0.6583333328125 0.5012345671875 0.6319444437499999 0.5012345671875 0.6319444437499999 0.5456790125000001 0.6319444437499999 0.59012345625 0.6583333328125 0.59012345625 0.684722221875 0.59012345625
0 0.8388888890624999 0.29135802499999996 0.8388888890624999 0.2456790125 0.8388888890624999 0.2 0.809722221875 0.2 0.7805555562500001 0.2 0.7805555562500001 0.2456790125 0.7805555562500001 0.29135802499999996 0.809722221875 0.29135802499999996 0.8388888890624999 0.29135802499999996
1 0.897222221875 0.48148148125 0.897222221875 0.41604938281250003 0.897222221875 0.350617284375 0.8298611109375 0.350617284375 0.7625 0.350617284375 0.7625 0.41604938281250003 0.7625 0.48148148125 0.8298611109375 0.48148148125 0.897222221875 0.48148148125