3 0.3203125 0.2101851859375 0.3203125 0.1671296296875 0.3203125 0.12407407343750002 0.2841145828125 0.12407407343750002 0.2479166671875 0.12407407343750002 0.2479166671875 0.1671296296875 0.2479166671875 0.2101851859375 0.2841145828125 0.2101851859375 0.3203125 0.2101851859375
2 0.2677083328125 0.6805555562500001 0.2677083328125 0.6513888890625 0.2677083328125 0.622222221875 0.24192708281250003 0.622222221875 0.21614583281250002 0.622222221875 0.21614583281250002 0.6513888890625 0.21614583281250002 0.6805555562500001 0.24192708281250003 0.6805555562500001 0.2677083328125 0.6805555562500001
2 0.3973958328125 0.825 0.3973958328125 0.7875 0.3973958328125 0.75 0.3703125 0.75 0.34322916718749996 0.75 0.34322916718749996 0.7875 0.34322916718749996 0.825 0.3703125 0.825 0.3973958328125 0.825
2 0.4994791671875 0.9416666671874999 0.4994791671875 0.9226851859374999 0.4994791671875 0.9037037031249999 0.4875 0.9037037031249999 0.47552083281249996 0.9037037031249999 0.47552083281249996 0.9226851859374999 0.47552083281249996 0.9416666671874999 0.4875 0.9416666671874999 0.4994791671875 0.9416666671874999
0 0.6234375 0.1129629625 0.6234375 0.06898148125 0.6234375 0.025 0.58984375 0.025 0.55625 0.025 0.55625 0.06898148125 0.55625 0.1129629625 0.58984375 0.1129629625 0.6234375 0.1129629625
0 0.9270833328125001 0.2611111109375 0.9270833328125001 0.20370370312500002 0.9270833328125001 0.146296296875 0.89140625 0.146296296875 0.8557291671874999 0.146296296875 0.8557291671874999 0.20370370312500002 0.8557291671874999 0.2611111109375 0.89140625 0.2611111109375 0.9270833328125001 0.2611111109375
0 0.9229166671875 0.8018518515625 0.9229166671875 0.7365740734374999 0.9229166671875 0.671296296875 0.88515625 0.671296296875 0.8473958328125001 0.671296296875 0.8473958328125001 0.7365740734374999 0.8473958328125001 0.8018518515625 0.88515625 0.8018518515625 0.9229166671875 0.8018518515625
0 1 0.8324074078124999 0.9473958328125001 0.8324074078124999 0.8947916671874999 0.8324074078124999 0.8947916671874999 0.9083333328125001 0.8947916671874999 0.984259259375 0.9473958328125001 0.984259259375 1 0.984259259375 1 0.9083333328125001 1 0.8324074078124999
0 0.3692708328125 0.503703703125 0.3692708328125 0.46157407343749995 0.3692708328125 0.41944444374999995 0.3401041671875 0.41944444374999995 0.3109375 0.41944444374999995 0.3109375 0.46157407343749995 0.3109375 0.503703703125 0.3401041671875 0.503703703125 0.3692708328125 0.503703703125
0 0.4828125 0.665740740625 0.4828125 0.5976851859375001 0.4828125 0.5296296296875 0.44557291718750003 0.5296296296875 0.40833333281249995 0.5296296296875 0.40833333281249995 0.5976851859375001 0.40833333281249995 0.665740740625 0.44557291718750003 0.665740740625 0.4828125 0.665740740625
0 0.3786458328125 0.7 0.3786458328125 0.628240740625 0.3786458328125 0.55648148125 0.3328125 0.55648148125 0.2869791671875 0.55648148125 0.2869791671875 0.628240740625 0.2869791671875 0.7 0.3328125 0.7 0.3786458328125 0.7
0 0.0921875 0.85 0.0921875 0.7671296296875 0.0921875 0.684259259375 0.0463541671875 0.684259259375 0.0005208328124999999 0.684259259375 0.0005208328124999999 0.7671296296875 0.0005208328124999999 0.85 0.0463541671875 0.85 0.0921875 0.85