0 0.9776041671875 0.1425925921875 0.9776041671875 0.0949074078125 0.9776041671875 0.047222221875 0.9463541671875 0.047222221875 0.9151041671875 0.047222221875 0.9151041671875 0.0949074078125 0.9151041671875 0.1425925921875 0.9463541671875 0.1425925921875 0.9776041671875 0.1425925921875
0 0.8833333328125 1 0.8833333328125 0.946759259375 0.8833333328125 0.89351851875 0.8473958328125001 0.89351851875 0.8114583328125 0.89351851875 0.8114583328125 0.946759259375 0.8114583328125 1 0.8473958328125001 1 0.8833333328125 1
0 0.6541666671875 1 0.6541666671875 0.946759259375 0.6541666671875 0.89351851875 0.6221354171875 0.89351851875 0.5901041671875 0.89351851875 0.5901041671875 0.946759259375 0.5901041671875 1 0.6221354171875 1 0.6541666671875 1
0 0.5833333328125 0.9379629625 0.5833333328125 0.8796296296874999 0.5833333328125 0.821296296875 0.5614583328125 0.821296296875 0.5395833328124999 0.821296296875 0.5395833328124999 0.8796296296874999 0.5395833328124999 0.9379629625 0.5614583328125 0.9379629625 0.5833333328125 0.9379629625
0 0.540625 0.9546296296874999 0.540625 0.8768518515625001 0.540625 0.7990740734374999 0.5026041671875 0.7990740734374999 0.46458333281249997 0.7990740734374999 0.46458333281249997 0.8768518515625001 0.46458333281249997 0.9546296296874999 0.5026041671875 0.9546296296874999 0.540625 0.9546296296874999
0 0.5609375 0.6861111109375 0.5609375 0.6361111109375 0.5609375 0.5861111109375 0.5315104171875 0.5861111109375 0.5020833328125 0.5861111109375 0.5020833328125 0.6361111109375 0.5020833328125 0.6861111109375 0.5315104171875 0.6861111109375 0.5609375 0.6861111109375
0 0.6395833328125 0.621296296875 0.6395833328125 0.56851851875 0.6395833328125 0.515740740625 0.6046875 0.515740740625 0.5697916671875001 0.515740740625 0.5697916671875001 0.56851851875 0.5697916671875001 0.621296296875 0.6046875 0.621296296875 0.6395833328125 0.621296296875
0 0.6375 0.5083333328124999 0.6375 0.46527777812500004 0.6375 0.42222222187499997 0.6088541671875001 0.42222222187499997 0.5802083328125 0.42222222187499997 0.5802083328125 0.46527777812500004 0.5802083328125 0.5083333328124999 0.6088541671875001 0.5083333328124999 0.6375 0.5083333328124999
0 0.7723958328125 0.6120370375 0.7723958328125 0.5708333328124999 0.7723958328125 0.5296296296875 0.7442708328125 0.5296296296875 0.7161458328125 0.5296296296875 0.7161458328125 0.5708333328124999 0.7161458328125 0.6120370375 0.7442708328125 0.6120370375 0.7723958328125 0.6120370375
0 0.8052083328125 0.5851851859375 0.8052083328125 0.5328703703125 0.8052083328125 0.48055555625 0.77890625 0.48055555625 0.7526041671875 0.48055555625 0.7526041671875 0.5328703703125 0.7526041671875 0.5851851859375 0.77890625 0.5851851859375 0.8052083328125 0.5851851859375
0 0.7515625 0.5314814812499999 0.7515625 0.4791666671875 0.7515625 0.4268518515625 0.725 0.4268518515625 0.6984375 0.4268518515625 0.6984375 0.4791666671875 0.6984375 0.5314814812499999 0.725 0.5314814812499999 0.7515625 0.5314814812499999
0 0.8473958328125001 0.48425925937500003 0.8473958328125001 0.4361111109375 0.8473958328125001 0.3879629625 0.8255208328125001 0.3879629625 0.8036458328125 0.3879629625 0.8036458328125 0.4361111109375 0.8036458328125 0.48425925937500003 0.8255208328125001 0.48425925937500003 0.8473958328125001 0.48425925937500003
3 0.7822916671875 1 0.7822916671875 0.9361111109375001 0.7822916671875 0.872222221875 0.7403645828125 0.872222221875 0.6984375 0.872222221875 0.6984375 0.9361111109375001 0.6984375 1 0.7403645828125 1 0.7822916671875 1
3 0.5994791671875 0.4731481484375 0.5994791671875 0.409259259375 0.5994791671875 0.3453703703125 0.5598958328125 0.3453703703125 0.5203125 0.3453703703125 0.5203125 0.409259259375 0.5203125 0.4731481484375 0.5598958328125 0.4731481484375 0.5994791671875 0.4731481484375
3 0.18802083281249998 0.9083333328125001 0.18802083281249998 0.8504629625 0.18802083281249998 0.7925925921875 0.1583333328125 0.7925925921875 0.1286458328125 0.7925925921875 0.1286458328125 0.8504629625 0.1286458328125 0.9083333328125001 0.1583333328125 0.9083333328125001 0.18802083281249998 0.9083333328125001
2 0.11510416718750001 0.621296296875 0.11510416718750001 0.6046296296875 0.11510416718750001 0.5879629625 0.0947916671875 0.5879629625 0.0744791671875 0.5879629625 0.0744791671875 0.6046296296875 0.0744791671875 0.621296296875 0.0947916671875 0.621296296875 0.11510416718750001 0.621296296875
2 0.2416666671875 0.8416666671874999 0.2416666671875 0.8111111109375001 0.2416666671875 0.7805555562500001 0.2265625 0.7805555562500001 0.2114583328125 0.7805555562500001 0.2114583328125 0.8111111109375001 0.2114583328125 0.8416666671874999 0.2265625 0.8416666671874999 0.2416666671875 0.8416666671874999
2 0.15625 0.7824074078125001 0.15625 0.765740740625 0.15625 0.7490740734375 0.14791666718750002 0.7490740734375 0.1395833328125 0.7490740734375 0.1395833328125 0.765740740625 0.1395833328125 0.7824074078125001 0.14791666718750002 0.7824074078125001 0.15625 0.7824074078125001
2 0.41770833281249997 0.8481481484375 0.41770833281249997 0.8300925921875001 0.41770833281249997 0.8120370375 0.409375 0.8120370375 0.4010416671875 0.8120370375 0.4010416671875 0.8300925921875001 0.4010416671875 0.8481481484375 0.409375 0.8481481484375 0.41770833281249997 0.8481481484375
2 0.3458333328125 0.4611111109375 0.3458333328125 0.447222221875 0.3458333328125 0.43333333281249997 0.33515625 0.43333333281249997 0.3244791671875 0.43333333281249997 0.3244791671875 0.447222221875 0.3244791671875 0.4611111109375 0.33515625 0.4611111109375 0.3458333328125 0.4611111109375
0 0.7536458328125 0.10833333281249999 0.7536458328125 0.061111110937500004 0.7536458328125 0.013888889062500001 0.7255208328125 0.013888889062500001 0.6973958328125 0.013888889062500001 0.6973958328125 0.061111110937500004 0.6973958328125 0.10833333281249999 0.7255208328125 0.10833333281249999 0.7536458328125 0.10833333281249999