2 0.08194444375 0.0740740734375 0.08194444375 0.0456790125 0.08194444375 0.01728395 0.0548611109375 0.01728395 0.027777778125000003 0.01728395 0.027777778125000003 0.0456790125 0.027777778125000003 0.0740740734375 0.0548611109375 0.0740740734375 0.08194444375 0.0740740734375
2 0.334722221875 0.2148148140625 0.334722221875 0.2 0.334722221875 0.1851851859375 0.322222221875 0.1851851859375 0.309722221875 0.1851851859375 0.309722221875 0.2 0.309722221875 0.2148148140625 0.322222221875 0.2148148140625 0.334722221875 0.2148148140625
2 0.20555555625 0.5432098765625 0.20555555625 0.5246913578125 0.20555555625 0.5061728390625 0.18125 0.5061728390625 0.15694444375 0.5061728390625 0.15694444375 0.5246913578125 0.15694444375 0.5432098765625 0.18125 0.5432098765625 0.20555555625 0.5432098765625
2 0.13055555624999998 0.150617284375 0.13055555624999998 0.13580246875 0.13055555624999998 0.12098765468749999 0.11319444375000001 0.12098765468749999 0.0958333328125 0.12098765468749999 0.0958333328125 0.13580246875 0.0958333328125 0.150617284375 0.11319444375000001 0.150617284375 0.13055555624999998 0.150617284375
2 0.15277777812499999 0.47901234531250003 0.15277777812499999 0.4604938265625 0.15277777812499999 0.44197530937499996 0.1291666671875 0.44197530937499996 0.10555555624999999 0.44197530937499996 0.10555555624999999 0.4604938265625 0.10555555624999999 0.47901234531250003 0.1291666671875 0.47901234531250003 0.15277777812499999 0.47901234531250003
2 0.0791666671875 0.8518518515625001 0.0791666671875 0.841975309375 0.0791666671875 0.8320987656250001 0.065972221875 0.8320987656250001 0.052777778124999994 0.8320987656250001 0.052777778124999994 0.841975309375 0.052777778124999994 0.8518518515625001 0.065972221875 0.8518518515625001 0.0791666671875 0.8518518515625001
2 0.30416666718749996 0.8345679015625 0.30416666718749996 0.8197530859375 0.30416666718749996 0.804938271875 0.28958333281250004 0.804938271875 0.275 0.804938271875 0.275 0.8197530859375 0.275 0.8345679015625 0.28958333281250004 0.8345679015625 0.30416666718749996 0.8345679015625
0 0.16805555625 0.6641975312499999 0.16805555625 0.604938271875 0.16805555625 0.5456790125000001 0.084722221875 0.5456790125000001 0.0013888890625 0.5456790125000001 0.0013888890625 0.604938271875 0.0013888890625 0.6641975312499999 0.084722221875 0.6641975312499999 0.16805555625 0.6641975312499999
0 0.24583333281250003 0.7851851859375001 0.24583333281250003 0.749382715625 0.24583333281250003 0.713580246875 0.21111111093749999 0.713580246875 0.1763888890625 0.713580246875 0.1763888890625 0.749382715625 0.1763888890625 0.7851851859375001 0.21111111093749999 0.7851851859375001 0.24583333281250003 0.7851851859375001
0 0.3361111109375 0.7185185187500001 0.3361111109375 0.669135803125 0.3361111109375 0.6197530859375 0.29375 0.6197530859375 0.2513888890625 0.6197530859375 0.2513888890625 0.669135803125 0.2513888890625 0.7185185187500001 0.29375 0.7185185187500001 0.3361111109375 0.7185185187500001
2 0.3791666671875 0.5654320984375001 0.3791666671875 0.550617284375 0.3791666671875 0.53580246875 0.36875 0.53580246875 0.3583333328125 0.53580246875 0.3583333328125 0.550617284375 0.3583333328125 0.5654320984375001 0.36875 0.5654320984375001 0.3791666671875 0.5654320984375001
2 0.565277778125 0.486419753125 0.565277778125 0.46296296249999996 0.565277778125 0.4395061734375 0.5527777781250001 0.4395061734375 0.540277778125 0.4395061734375 0.540277778125 0.46296296249999996 0.540277778125 0.486419753125 0.5527777781250001 0.486419753125 0.565277778125 0.486419753125
2 0.459722221875 0.62716049375 0.459722221875 0.6148148140624999 0.459722221875 0.6024691359375 0.4486111109375 0.6024691359375 0.4375 0.6024691359375 0.4375 0.6148148140624999 0.4375 0.62716049375 0.4486111109375 0.62716049375 0.459722221875 0.62716049375
2 0.4611111109375 0.5876543203125 0.4611111109375 0.5753086421875 0.4611111109375 0.5629629625 0.4513888890625 0.5629629625 0.44166666718750003 0.5629629625 0.44166666718750003 0.5753086421875 0.44166666718750003 0.5876543203125 0.4513888890625 0.5876543203125 0.4611111109375 0.5876543203125
2 0.41944444374999995 0.604938271875 0.41944444374999995 0.5938271609375 0.41944444374999995 0.5827160499999999 0.4076388890625 0.5827160499999999 0.3958333328125 0.5827160499999999 0.3958333328125 0.5938271609375 0.3958333328125 0.604938271875 0.4076388890625 0.604938271875 0.41944444374999995 0.604938271875
2 0.5944444437499999 0.3975308640625 0.5944444437499999 0.377777778125 0.5944444437499999 0.35802469062500003 0.58194444375 0.35802469062500003 0.5694444437499999 0.35802469062500003 0.5694444437499999 0.377777778125 0.5694444437499999 0.3975308640625 0.58194444375 0.3975308640625 0.5944444437499999 0.3975308640625
2 0.5694444437499999 0.4 0.5694444437499999 0.38271605000000003 0.5694444437499999 0.3654320984375 0.5520833328125 0.3654320984375 0.534722221875 0.3654320984375 0.534722221875 0.38271605000000003 0.534722221875 0.4 0.5520833328125 0.4 0.5694444437499999 0.4
2 0.9361111109375001 0.53580246875 0.9361111109375001 0.5135802468749999 0.9361111109375001 0.491358025 0.9166666671874999 0.491358025 0.897222221875 0.491358025 0.897222221875 0.5135802468749999 0.897222221875 0.53580246875 0.9166666671874999 0.53580246875 0.9361111109375001 0.53580246875
0 0.48333333281249996 1 0.48333333281249996 0.9839506171875 0.48333333281249996 0.967901234375 0.46319444374999996 0.967901234375 0.44305555625000004 0.967901234375 0.44305555625000004 0.9839506171875 0.44305555625000004 1 0.46319444374999996 1 0.48333333281249996 1
0 0.477777778125 0.8938271609375 0.477777778125 0.8506172843750001 0.477777778125 0.8074074078125 0.4451388890625 0.8074074078125 0.4125 0.8074074078125 0.4125 0.8506172843750001 0.4125 0.8938271609375 0.4451388890625 0.8938271609375 0.477777778125 0.8938271609375
0 0.54444444375 0.7185185187500001 0.54444444375 0.6555555562500001 0.54444444375 0.5925925921874999 0.49930555625000006 0.5925925921874999 0.45416666718750004 0.5925925921874999 0.45416666718750004 0.6555555562500001 0.45416666718750004 0.7185185187500001 0.49930555625000006 0.7185185187500001 0.54444444375 0.7185185187500001
0 0.86944444375 0.491358025 0.86944444375 0.43827160468750004 0.86944444375 0.3851851859375 0.8083333328125001 0.3851851859375 0.747222221875 0.3851851859375 0.747222221875 0.43827160468750004 0.747222221875 0.491358025 0.8083333328125001 0.491358025 0.86944444375 0.491358025
0 0.665277778125 0.7629629625 0.665277778125 0.722222221875 0.665277778125 0.68148148125 0.6361111109375 0.68148148125 0.60694444375 0.68148148125 0.60694444375 0.722222221875 0.60694444375 0.7629629625 0.6361111109375 0.7629629625 0.665277778125 0.7629629625
0 0.6888888890625 0.676543209375 0.6888888890625 0.6382716046875 0.6888888890625 0.6 0.65069444375 0.6 0.6125 0.6 0.6125 0.6382716046875 0.6125 0.676543209375 0.65069444375 0.676543209375 0.6888888890625 0.676543209375
0 0.652777778125 0.9925925921875001 0.652777778125 0.96419753125 0.652777778125 0.9358024687500001 0.6263888890625 0.9358024687500001 0.6 0.9358024687500001 0.6 0.96419753125 0.6 0.9925925921875001 0.6263888890625 0.9925925921875001 0.652777778125 0.9925925921875001
0 0.7819444437499999 0.8987654328125 0.7819444437499999 0.86419753125 0.7819444437499999 0.8296296296874999 0.7576388890625 0.8296296296874999 0.7333333328125 0.8296296296874999 0.7333333328125 0.86419753125 0.7333333328125 0.8987654328125 0.7576388890625 0.8987654328125 0.7819444437499999 0.8987654328125
0 0.9069444437499999 0.7604938265625 0.9069444437499999 0.7333333328125 0.9069444437499999 0.7061728390625001 0.8798611109375001 0.7061728390625001 0.852777778125 0.7061728390625001 0.852777778125 0.7333333328125 0.852777778125 0.7604938265625 0.8798611109375001 0.7604938265625 0.9069444437499999 0.7604938265625
0 0.972222221875 0.7185185187500001 0.972222221875 0.6876543203125001 0.972222221875 0.6567901234375 0.946527778125 0.6567901234375 0.9208333328125 0.6567901234375 0.9208333328125 0.6876543203125001 0.9208333328125 0.7185185187500001 0.946527778125 0.7185185187500001 0.972222221875 0.7185185187500001
3 0.85694444375 0.9012345671875 0.85694444375 0.88148148125 0.85694444375 0.8617283953125 0.8298611109375 0.8617283953125 0.8027777781250001 0.8617283953125 0.8027777781250001 0.88148148125 0.8027777781250001 0.9012345671875 0.8298611109375 0.9012345671875 0.85694444375 0.9012345671875
3 0.3541666671875 0.2938271609375 0.3541666671875 0.26419753125 0.3541666671875 0.23456790156250001 0.33055555625 0.23456790156250001 0.30694444375 0.23456790156250001 0.30694444375 0.26419753125 0.30694444375 0.2938271609375 0.33055555625 0.2938271609375 0.3541666671875 0.2938271609375
3 0.36666666718749996 0.4197530859375 0.36666666718749996 0.3839506171875 0.36666666718749996 0.3481481484375 0.3375 0.3481481484375 0.3083333328125 0.3481481484375 0.3083333328125 0.3839506171875 0.3083333328125 0.4197530859375 0.3375 0.4197530859375 0.36666666718749996 0.4197530859375
3 0.4763888890625 0.4 0.4763888890625 0.3481481484375 0.4763888890625 0.296296296875 0.44305555625000004 0.296296296875 0.40972222187499996 0.296296296875 0.40972222187499996 0.3481481484375 0.40972222187499996 0.4 0.44305555625000004 0.4 0.4763888890625 0.4
3 0.49583333281249997 0.286419753125 0.49583333281249997 0.2370370375 0.49583333281249997 0.1876543203125 0.45694444375 0.1876543203125 0.41805555625 0.1876543203125 0.41805555625 0.2370370375 0.41805555625 0.286419753125 0.45694444375 0.286419753125 0.49583333281249997 0.286419753125
3 0.6555555562500001 0.3061728390625 0.6555555562500001 0.2432098765625 0.6555555562500001 0.18024691406249999 0.6173611109375 0.18024691406249999 0.5791666671875 0.18024691406249999 0.5791666671875 0.2432098765625 0.5791666671875 0.3061728390625 0.6173611109375 0.3061728390625 0.6555555562500001 0.3061728390625
3 0.8138888890624999 0.0987654328125 0.8138888890624999 0.050617284375 0.8138888890624999 0.0024691359375 0.7513888890625 0.0024691359375 0.6888888890625 0.0024691359375 0.6888888890625 0.050617284375 0.6888888890625 0.0987654328125 0.7513888890625 0.0987654328125 0.8138888890624999 0.0987654328125