3 0.10138888906250001 0.8148148140625 0.10138888906250001 0.758024690625 0.10138888906250001 0.7012345671875 0.0513888890625 0.7012345671875 0.0013888890625 0.7012345671875 0.0013888890625 0.758024690625 0.0013888890625 0.8148148140625 0.0513888890625 0.8148148140625 0.10138888906250001 0.8148148140625
3 0.377777778125 0.7456790125 0.377777778125 0.7012345671875 0.377777778125 0.6567901234375 0.3458333328125 0.6567901234375 0.3138888890625 0.6567901234375 0.3138888890625 0.7012345671875 0.3138888890625 0.7456790125 0.3458333328125 0.7456790125 0.377777778125 0.7456790125
0 0.94305555625 1 0.94305555625 0.9839506171875 0.94305555625 0.967901234375 0.8736111109375001 0.967901234375 0.8041666671875 0.967901234375 0.8041666671875 0.9839506171875 0.8041666671875 1 0.8736111109375001 1 0.94305555625 1
0 0.5111111109375 0.9209876546875 0.5111111109375 0.8790123453125 0.5111111109375 0.8370370375 0.48541666718750004 0.8370370375 0.459722221875 0.8370370375 0.459722221875 0.8790123453125 0.459722221875 0.9209876546875 0.48541666718750004 0.9209876546875 0.5111111109375 0.9209876546875
0 0.58194444375 0.8024691359375 0.58194444375 0.758024690625 0.58194444375 0.713580246875 0.5527777781250001 0.713580246875 0.5236111109375 0.713580246875 0.5236111109375 0.758024690625 0.5236111109375 0.8024691359375 0.5527777781250001 0.8024691359375 0.58194444375 0.8024691359375
0 0.66805555625 0.5925925921874999 0.66805555625 0.5469135796875 0.66805555625 0.5012345671875 0.6375 0.5012345671875 0.60694444375 0.5012345671875 0.60694444375 0.5469135796875 0.60694444375 0.5925925921874999 0.6375 0.5925925921874999 0.66805555625 0.5925925921874999
3 0.777777778125 0.686419753125 0.777777778125 0.5987654328125 0.777777778125 0.5111111109375 0.727777778125 0.5111111109375 0.6777777781250001 0.5111111109375 0.6777777781250001 0.5987654328125 0.6777777781250001 0.686419753125 0.727777778125 0.686419753125 0.777777778125 0.686419753125
3 0.8763888890624999 0.6469135796875001 0.8763888890624999 0.591358025 0.8763888890624999 0.53580246875 0.8340277781250001 0.53580246875 0.7916666671875 0.53580246875 0.7916666671875 0.591358025 0.7916666671875 0.6469135796875001 0.8340277781250001 0.6469135796875001 0.8763888890624999 0.6469135796875001
0 0.8430555562500001 0.395061728125 0.8430555562500001 0.33580246874999997 0.8430555562500001 0.276543209375 0.7986111109375 0.276543209375 0.7541666671875 0.276543209375 0.7541666671875 0.33580246874999997 0.7541666671875 0.395061728125 0.7986111109375 0.395061728125 0.8430555562500001 0.395061728125
0 0.7486111109375 0.4024691359375 0.7486111109375 0.3604938265625 0.7486111109375 0.31851851875000003 0.7194444437499999 0.31851851875000003 0.690277778125 0.31851851875000003 0.690277778125 0.3604938265625 0.690277778125 0.4024691359375 0.7194444437499999 0.4024691359375 0.7486111109375 0.4024691359375
0 0.8208333328125 0.1851851859375 0.8208333328125 0.132098765625 0.8208333328125 0.0790123453125 0.79444444375 0.0790123453125 0.76805555625 0.0790123453125 0.76805555625 0.132098765625 0.76805555625 0.1851851859375 0.79444444375 0.1851851859375 0.8208333328125 0.1851851859375
3 0.7541666671875 0.32592592656249997 0.7541666671875 0.25061728437499997 0.7541666671875 0.1753086421875 0.7173611109375 0.1753086421875 0.6805555562500001 0.1753086421875 0.6805555562500001 0.25061728437499997 0.6805555562500001 0.32592592656249997 0.7173611109375 0.32592592656249997 0.7541666671875 0.32592592656249997
2 0.5361111109375 0.20246913593750002 0.5361111109375 0.1740740734375 0.5361111109375 0.14567901249999998 0.5208333328125 0.14567901249999998 0.50555555625 0.14567901249999998 0.50555555625 0.1740740734375 0.50555555625 0.20246913593750002 0.5208333328125 0.20246913593750002 0.5361111109375 0.20246913593750002
2 0.65 0.12592592656249998 0.65 0.0975308640625 0.65 0.06913580312499999 0.6291666671875 0.06913580312499999 0.6083333328125 0.06913580312499999 0.6083333328125 0.0975308640625 0.6083333328125 0.12592592656249998 0.6291666671875 0.12592592656249998 0.65 0.12592592656249998