3 0.709722221875 0.6395061734375 0.709722221875 0.586419753125 0.709722221875 0.5333333328125 0.6791666671875001 0.5333333328125 0.6486111109375 0.5333333328125 0.6486111109375 0.586419753125 0.6486111109375 0.6395061734375 0.6791666671875001 0.6395061734375 0.709722221875 0.6395061734375
3 0.5736111109375 0.46913580312500003 0.5736111109375 0.42716049375000004 0.5736111109375 0.3851851859375 0.5416666671875 0.3851851859375 0.5097222218749999 0.3851851859375 0.5097222218749999 0.42716049375000004 0.5097222218749999 0.46913580312500003 0.5416666671875 0.46913580312500003 0.5736111109375 0.46913580312500003
0 0.5555555562500001 0.9876543203124999 0.5555555562500001 0.9345679015625 0.5555555562500001 0.88148148125 0.5333333328125 0.88148148125 0.5111111109375 0.88148148125 0.5111111109375 0.9345679015625 0.5111111109375 0.9876543203124999 0.5333333328125 0.9876543203124999 0.5555555562500001 0.9876543203124999
0 0.902777778125 0.9259259265625 0.902777778125 0.8716049375000001 0.902777778125 0.81728395 0.846527778125 0.81728395 0.790277778125 0.81728395 0.790277778125 0.8716049375000001 0.790277778125 0.9259259265625 0.846527778125 0.9259259265625 0.902777778125 0.9259259265625
0 0.8041666671875 0.7876543203125 0.8041666671875 0.7345679015625 0.8041666671875 0.68148148125 0.7604166671875 0.68148148125 0.7166666671875 0.68148148125 0.7166666671875 0.7345679015625 0.7166666671875 0.7876543203125 0.7604166671875 0.7876543203125 0.8041666671875 0.7876543203125
0 0.777777778125 0.6617283953124999 0.777777778125 0.6061728390625001 0.777777778125 0.550617284375 0.740972221875 0.550617284375 0.7041666671875 0.550617284375 0.7041666671875 0.6061728390625001 0.7041666671875 0.6617283953124999 0.740972221875 0.6617283953124999 0.777777778125 0.6617283953124999
0 0.6541666671875 0.43456790156249997 0.6541666671875 0.3802469140625 0.6541666671875 0.32592592656249997 0.6173611109375 0.32592592656249997 0.58055555625 0.32592592656249997 0.58055555625 0.3802469140625 0.58055555625 0.43456790156249997 0.6173611109375 0.43456790156249997 0.6541666671875 0.43456790156249997
0 0.447222221875 0.8 0.447222221875 0.750617284375 0.447222221875 0.7012345671875 0.4201388890625 0.7012345671875 0.39305555625 0.7012345671875 0.39305555625 0.750617284375 0.39305555625 0.8 0.4201388890625 0.8 0.447222221875 0.8
0 0.2208333328125 0.49382716093749995 0.2208333328125 0.47283950625 0.2208333328125 0.45185185156249996 0.19930555625 0.45185185156249996 0.177777778125 0.45185185156249996 0.177777778125 0.47283950625 0.177777778125 0.49382716093749995 0.19930555625 0.49382716093749995 0.2208333328125 0.49382716093749995
0 0.28055555625 0.4024691359375 0.28055555625 0.35925925937500003 0.28055555625 0.3160493828125 0.25069444375 0.3160493828125 0.2208333328125 0.3160493828125 0.2208333328125 0.35925925937500003 0.2208333328125 0.4024691359375 0.25069444375 0.4024691359375 0.28055555625 0.4024691359375
0 0.109722221875 0.4716049375 0.109722221875 0.4370370375 0.109722221875 0.4024691359375 0.08541666718749999 0.4024691359375 0.061111110937500004 0.4024691359375 0.061111110937500004 0.4370370375 0.061111110937500004 0.4716049375 0.08541666718749999 0.4716049375 0.109722221875 0.4716049375
3 0.2833333328125 1 0.2833333328125 0.941975309375 0.2833333328125 0.8839506171875 0.22916666718749998 0.8839506171875 0.175 0.8839506171875 0.175 0.941975309375 0.175 1 0.22916666718749998 1 0.2833333328125 1
3 0.215277778125 0.8444444437499999 0.215277778125 0.7814814812499999 0.215277778125 0.7185185187500001 0.1770833328125 0.7185185187500001 0.13888888906250002 0.7185185187500001 0.13888888906250002 0.7814814812499999 0.13888888906250002 0.8444444437499999 0.1770833328125 0.8444444437499999 0.215277778125 0.8444444437499999
3 0.372222221875 0.8345679015625 0.372222221875 0.75555555625 0.372222221875 0.676543209375 0.3270833328125 0.676543209375 0.28194444375 0.676543209375 0.28194444375 0.75555555625 0.28194444375 0.8345679015625 0.3270833328125 0.8345679015625 0.372222221875 0.8345679015625
3 0.434722221875 0.7185185187500001 0.434722221875 0.6555555562500001 0.434722221875 0.5925925921874999 0.40277777812500004 0.5925925921874999 0.3708333328125 0.5925925921874999 0.3708333328125 0.6555555562500001 0.3708333328125 0.7185185187500001 0.40277777812500004 0.7185185187500001 0.434722221875 0.7185185187500001
3 0.36666666718749996 0.6074074078125 0.36666666718749996 0.5617283953125 0.36666666718749996 0.5160493828125 0.340972221875 0.5160493828125 0.315277778125 0.5160493828125 0.315277778125 0.5617283953125 0.315277778125 0.6074074078125 0.340972221875 0.6074074078125 0.36666666718749996 0.6074074078125
3 0.30416666718749996 0.6543209875 0.30416666718749996 0.5802469140625 0.30416666718749996 0.5061728390625 0.2666666671875 0.5061728390625 0.22916666718749998 0.5061728390625 0.22916666718749998 0.5802469140625 0.22916666718749998 0.6543209875 0.2666666671875 0.6543209875 0.30416666718749996 0.6543209875
3 0.4361111109375 0.4148148140625 0.4361111109375 0.37654320937499997 0.4361111109375 0.3382716046875 0.40625 0.3382716046875 0.3763888890625 0.3382716046875 0.3763888890625 0.37654320937499997 0.3763888890625 0.4148148140625 0.40625 0.4148148140625 0.4361111109375 0.4148148140625
3 0.69305555625 0.158024690625 0.69305555625 0.10370370312499999 0.69305555625 0.049382715625000004 0.653472221875 0.049382715625000004 0.6138888890625 0.049382715625000004 0.6138888890625 0.10370370312499999 0.6138888890625 0.158024690625 0.653472221875 0.158024690625 0.69305555625 0.158024690625
3 0.9694444437499999 0.3111111109375 0.9694444437499999 0.2666666671875 0.9694444437499999 0.222222221875 0.9131944437499999 0.222222221875 0.85694444375 0.222222221875 0.85694444375 0.2666666671875 0.85694444375 0.3111111109375 0.9131944437499999 0.3111111109375 0.9694444437499999 0.3111111109375
3 0.7541666671875 0.3382716046875 0.7541666671875 0.2925925921875 0.7541666671875 0.2469135796875 0.7298611109375 0.2469135796875 0.70555555625 0.2469135796875 0.70555555625 0.2925925921875 0.70555555625 0.3382716046875 0.7298611109375 0.3382716046875 0.7541666671875 0.3382716046875
2 0.590277778125 0.9012345671875 0.590277778125 0.8839506171875 0.590277778125 0.8666666671875 0.5791666671875 0.8666666671875 0.56805555625 0.8666666671875 0.56805555625 0.8839506171875 0.56805555625 0.9012345671875 0.5791666671875 0.9012345671875 0.590277778125 0.9012345671875