0 0.36805555624999997 0.12592592656249998 0.36805555624999997 0.0925925921875 0.36805555624999997 0.059259259375 0.34930555625 0.059259259375 0.33055555625 0.059259259375 0.33055555625 0.0925925921875 0.33055555625 0.12592592656249998 0.34930555625 0.12592592656249998 0.36805555624999997 0.12592592656249998
0 0.49444444374999996 0.23209876562499998 0.49444444374999996 0.2012345671875 0.49444444374999996 0.1703703703125 0.475 0.1703703703125 0.45555555625000005 0.1703703703125 0.45555555625000005 0.2012345671875 0.45555555625000005 0.23209876562499998 0.475 0.23209876562499998 0.49444444374999996 0.23209876562499998
0 0.7013888890625 1 0.7013888890625 0.9432098765625 0.7013888890625 0.886419753125 0.6701388890625 0.886419753125 0.6388888890625 0.886419753125 0.6388888890625 0.9432098765625 0.6388888890625 1 0.6701388890625 1 0.7013888890625 1
0 0.65 0.9037037031249999 0.65 0.8444444437499999 0.65 0.7851851859375001 0.6173611109375 0.7851851859375001 0.584722221875 0.7851851859375001 0.584722221875 0.8444444437499999 0.584722221875 0.9037037031249999 0.6173611109375 0.9037037031249999 0.65 0.9037037031249999
0 0.17916666718750002 0.53580246875 0.17916666718750002 0.5061728390625 0.17916666718750002 0.47654320937500005 0.15555555625 0.47654320937500005 0.13194444375 0.47654320937500005 0.13194444375 0.5061728390625 0.13194444375 0.53580246875 0.15555555625 0.53580246875 0.17916666718750002 0.53580246875
0 0.6611111109375 0.632098765625 0.6611111109375 0.5839506171875 0.6611111109375 0.53580246875 0.6333333328124999 0.53580246875 0.60555555625 0.53580246875 0.60555555625 0.5839506171875 0.60555555625 0.632098765625 0.6333333328124999 0.632098765625 0.6611111109375 0.632098765625
0 0.522222221875 0.04444444375 0.522222221875 0.023456790625 0.522222221875 0.0024691359375 0.49791666718750005 0.0024691359375 0.47361111093749997 0.0024691359375 0.47361111093749997 0.023456790625 0.47361111093749997 0.04444444375 0.49791666718750005 0.04444444375 0.522222221875 0.04444444375
0 0.60694444375 0.0740740734375 0.60694444375 0.0382716046875 0.60694444375 0.0024691359375 0.5833333328125 0.0024691359375 0.559722221875 0.0024691359375 0.559722221875 0.0382716046875 0.559722221875 0.0740740734375 0.5833333328125 0.0740740734375 0.60694444375 0.0740740734375
0 0.6916666671875 0.076543209375 0.6916666671875 0.0395061734375 0.6916666671875 0.0024691359375 0.6708333328125 0.0024691359375 0.65 0.0024691359375 0.65 0.0395061734375 0.65 0.076543209375 0.6708333328125 0.076543209375 0.6916666671875 0.076543209375
0 0.5291666671875 0.3160493828125 0.5291666671875 0.2740740734375 0.5291666671875 0.23209876562499998 0.5083333328124999 0.23209876562499998 0.4875 0.23209876562499998 0.4875 0.2740740734375 0.4875 0.3160493828125 0.5083333328124999 0.3160493828125 0.5291666671875 0.3160493828125
0 0.3916666671875 0.3481481484375 0.3916666671875 0.31234567968750004 0.3916666671875 0.276543209375 0.37013888906250003 0.276543209375 0.34861111093749997 0.276543209375 0.34861111093749997 0.31234567968750004 0.34861111093749997 0.3481481484375 0.37013888906250003 0.3481481484375 0.3916666671875 0.3481481484375