2 0.85555555625 0.6148148140624999 0.85555555625 0.5962962968750001 0.85555555625 0.577777778125 0.8444444437499999 0.577777778125 0.8333333328125001 0.577777778125 0.8333333328125001 0.5962962968750001 0.8333333328125001 0.6148148140624999 0.8444444437499999 0.6148148140624999 0.85555555625 0.6148148140624999
2 0.9958333328125001 0.767901234375 0.9958333328125001 0.7518518515625 0.9958333328125001 0.73580246875 0.977777778125 0.73580246875 0.959722221875 0.73580246875 0.959722221875 0.7518518515625 0.959722221875 0.767901234375 0.977777778125 0.767901234375 0.9958333328125001 0.767901234375
2 0.9736111109375001 0.708641975 0.9736111109375001 0.6925925921875 0.9736111109375001 0.676543209375 0.9548611109375 0.676543209375 0.9361111109375001 0.676543209375 0.9361111109375001 0.6925925921875 0.9361111109375001 0.708641975 0.9548611109375 0.708641975 0.9736111109375001 0.708641975
2 0.384722221875 0.6246913578125 0.384722221875 0.5962962968750001 0.384722221875 0.5679012343750001 0.37430555625 0.5679012343750001 0.3638888890625 0.5679012343750001 0.3638888890625 0.5962962968750001 0.3638888890625 0.6246913578125 0.37430555625 0.6246913578125 0.384722221875 0.6246913578125
2 0.365277778125 0.8765432093750001 0.365277778125 0.8629629624999999 0.365277778125 0.8493827156249999 0.3548611109375 0.8493827156249999 0.34444444375 0.8493827156249999 0.34444444375 0.8629629624999999 0.34444444375 0.8765432093750001 0.3548611109375 0.8765432093750001 0.365277778125 0.8765432093750001
2 0.6083333328125 0.91851851875 0.6083333328125 0.9 0.6083333328125 0.88148148125 0.5958333328125 0.88148148125 0.5833333328125 0.88148148125 0.5833333328125 0.9 0.5833333328125 0.91851851875 0.5958333328125 0.91851851875 0.6083333328125 0.91851851875
2 0.702777778125 0.8987654328125 0.702777778125 0.8765432093750001 0.702777778125 0.8543209875000001 0.6895833328125 0.8543209875000001 0.6763888890625 0.8543209875000001 0.6763888890625 0.8765432093750001 0.6763888890625 0.8987654328125 0.6895833328125 0.8987654328125 0.702777778125 0.8987654328125
2 0.6805555562500001 0.8938271609375 0.6805555562500001 0.88148148125 0.6805555562500001 0.8691358031249999 0.6666666671875 0.8691358031249999 0.652777778125 0.8691358031249999 0.652777778125 0.88148148125 0.652777778125 0.8938271609375 0.6666666671875 0.8938271609375 0.6805555562500001 0.8938271609375
2 0.35555555625 0.5061728390625 0.35555555625 0.49629629687500004 0.35555555625 0.486419753125 0.33819444375 0.486419753125 0.32083333281250004 0.486419753125 0.32083333281250004 0.49629629687500004 0.32083333281250004 0.5061728390625 0.33819444375 0.5061728390625 0.35555555625 0.5061728390625
2 0.2611111109375 0.7456790125 0.2611111109375 0.7246913578124999 0.2611111109375 0.703703703125 0.24444444375000002 0.703703703125 0.22777777812500002 0.703703703125 0.22777777812500002 0.7246913578124999 0.22777777812500002 0.7456790125 0.24444444375000002 0.7456790125 0.2611111109375 0.7456790125
2 0.27777777812500004 0.8074074078125 0.27777777812500004 0.7851851859375001 0.27777777812500004 0.7629629625 0.25833333281250004 0.7629629625 0.2388888890625 0.7629629625 0.2388888890625 0.7851851859375001 0.2388888890625 0.8074074078125 0.25833333281250004 0.8074074078125 0.27777777812500004 0.8074074078125
1 0.33055555625 0.5259259265625 0.33055555625 0.41604938281250003 0.33055555625 0.3061728390625 0.25347222187499996 0.3061728390625 0.1763888890625 0.3061728390625 0.1763888890625 0.41604938281250003 0.1763888890625 0.5259259265625 0.25347222187499996 0.5259259265625 0.33055555625 0.5259259265625
1 0.534722221875 0.10864197499999999 0.534722221875 0.055555556250000006 0.534722221875 0.0024691359375 0.440277778125 0.0024691359375 0.3458333328125 0.0024691359375 0.3458333328125 0.055555556250000006 0.3458333328125 0.10864197499999999 0.440277778125 0.10864197499999999 0.534722221875 0.10864197499999999
3 0.16388888906250001 0.40987654375 0.16388888906250001 0.32716049375 0.16388888906250001 0.24444444375000002 0.0861111109375 0.24444444375000002 0.0083333328125 0.24444444375000002 0.0083333328125 0.32716049375 0.0083333328125 0.40987654375 0.0861111109375 0.40987654375 0.16388888906250001 0.40987654375
3 0.3361111109375 1 0.3361111109375 0.9617283953125 0.3361111109375 0.923456790625 0.302777778125 0.923456790625 0.26944444375 0.923456790625 0.26944444375 0.9617283953125 0.26944444375 1 0.302777778125 1 0.3361111109375 1
3 0.352777778125 0.7382716046875 0.352777778125 0.68271605 0.352777778125 0.62716049375 0.3083333328125 0.62716049375 0.2638888890625 0.62716049375 0.2638888890625 0.68271605 0.2638888890625 0.7382716046875 0.3083333328125 0.7382716046875 0.352777778125 0.7382716046875
3 0.6541666671875 0.06913580312499999 0.6541666671875 0.03580246875 0.6541666671875 0.0024691359375 0.6013888890625 0.0024691359375 0.5486111109375 0.0024691359375 0.5486111109375 0.03580246875 0.5486111109375 0.06913580312499999 0.6013888890625 0.06913580312499999 0.6541666671875 0.06913580312499999
3 0.49444444374999996 0.5555555562500001 0.49444444374999996 0.51851851875 0.49444444374999996 0.48148148125 0.46458333281249997 0.48148148125 0.434722221875 0.48148148125 0.434722221875 0.51851851875 0.434722221875 0.5555555562500001 0.46458333281249997 0.5555555562500001 0.49444444374999996 0.5555555562500001
3 0.534722221875 0.6296296296875 0.534722221875 0.57283950625 0.534722221875 0.5160493828125 0.4923611109375 0.5160493828125 0.45 0.5160493828125 0.45 0.57283950625 0.45 0.6296296296875 0.4923611109375 0.6296296296875 0.534722221875 0.6296296296875
3 0.4611111109375 0.7185185187500001 0.4611111109375 0.649382715625 0.4611111109375 0.5802469140625 0.40972222187499996 0.5802469140625 0.3583333328125 0.5802469140625 0.3583333328125 0.649382715625 0.3583333328125 0.7185185187500001 0.40972222187499996 0.7185185187500001 0.4611111109375 0.7185185187500001
3 0.85694444375 0.5061728390625 0.85694444375 0.42839506250000003 0.85694444375 0.350617284375 0.7861111109375 0.350617284375 0.715277778125 0.350617284375 0.715277778125 0.42839506250000003 0.715277778125 0.5061728390625 0.7861111109375 0.5061728390625 0.85694444375 0.5061728390625
3 1 0.44444444375 0.95 0.44444444375 0.9 0.44444444375 0.9 0.5296296296875 0.9 0.6148148140624999 0.95 0.6148148140624999 1 0.6148148140624999 1 0.5296296296875 1 0.44444444375
3 0.897222221875 0.777777778125 0.897222221875 0.7432098765624999 0.897222221875 0.708641975 0.8736111109375001 0.708641975 0.85 0.708641975 0.85 0.7432098765624999 0.85 0.777777778125 0.8736111109375001 0.777777778125 0.897222221875 0.777777778125
3 1 0.795061728125 0.9611111109375001 0.795061728125 0.922222221875 0.795061728125 0.922222221875 0.8530864203125 0.922222221875 0.9111111109375001 0.9611111109375001 0.9111111109375001 1 0.9111111109375001 1 0.8530864203125 1 0.795061728125
3 1 0.9037037031249999 0.9576388890624999 0.9037037031249999 0.915277778125 0.9037037031249999 0.915277778125 0.9456790125 0.915277778125 0.9876543203124999 0.9576388890624999 0.9876543203124999 1 0.9876543203124999 1 0.9456790125 1 0.9037037031249999
0 0.8055555562500001 0.33580246874999997 0.8055555562500001 0.29135802499999996 0.8055555562500001 0.2469135796875 0.7645833328125 0.2469135796875 0.7236111109375 0.2469135796875 0.7236111109375 0.29135802499999996 0.7236111109375 0.33580246874999997 0.7645833328125 0.33580246874999997 0.8055555562500001 0.33580246874999997
0 0.665277778125 0.286419753125 0.665277778125 0.18024691406249999 0.665277778125 0.0740740734375 0.6 0.0740740734375 0.534722221875 0.0740740734375 0.534722221875 0.18024691406249999 0.534722221875 0.286419753125 0.6 0.286419753125 0.665277778125 0.286419753125
0 0.6388888890625 0.5925925921874999 0.6388888890625 0.486419753125 0.6388888890625 0.3802469140625 0.57569444375 0.3802469140625 0.5125 0.3802469140625 0.5125 0.486419753125 0.5125 0.5925925921874999 0.57569444375 0.5925925921874999 0.6388888890625 0.5925925921874999
0 0.690277778125 0.7604938265625 0.690277778125 0.6851851859375 0.690277778125 0.60987654375 0.64444444375 0.60987654375 0.5986111109375 0.60987654375 0.5986111109375 0.6851851859375 0.5986111109375 0.7604938265625 0.64444444375 0.7604938265625 0.690277778125 0.7604938265625
0 0.48333333281249996 1 0.48333333281249996 0.9469135796874999 0.48333333281249996 0.8938271609375 0.45069444374999995 0.8938271609375 0.41805555625 0.8938271609375 0.41805555625 0.9469135796874999 0.41805555625 1 0.45069444374999995 1 0.48333333281249996 1
0 0.06944444375 0.886419753125 0.06944444375 0.8333333328125001 0.06944444375 0.7802469140625 0.0388888890625 0.7802469140625 0.0083333328125 0.7802469140625 0.0083333328125 0.8333333328125001 0.0083333328125 0.886419753125 0.0388888890625 0.886419753125 0.06944444375 0.886419753125
0 0.07638888906249999 0.8123456796875 0.07638888906249999 0.759259259375 0.07638888906249999 0.7061728390625001 0.0388888890625 0.7061728390625001 0.0013888890625 0.7061728390625001 0.0013888890625 0.759259259375 0.0013888890625 0.8123456796875 0.0388888890625 0.8123456796875 0.07638888906249999 0.8123456796875
0 0.10138888906250001 0.1629629625 0.10138888906250001 0.0888888890625 0.10138888906250001 0.0148148140625 0.0513888890625 0.0148148140625 0.0013888890625 0.0148148140625 0.0013888890625 0.0888888890625 0.0013888890625 0.1629629625 0.0513888890625 0.1629629625 0.10138888906250001 0.1629629625