3 0.5109375 0.5638888890625 0.5109375 0.471296296875 0.5109375 0.378703703125 0.45729166718750003 0.378703703125 0.4036458328125 0.378703703125 0.4036458328125 0.471296296875 0.4036458328125 0.5638888890625 0.45729166718750003 0.5638888890625 0.5109375 0.5638888890625
3 0.6546875 0.5268518515625 0.6546875 0.42129629687500003 0.6546875 0.315740740625 0.5822916671875 0.315740740625 0.5098958328125 0.315740740625 0.5098958328125 0.42129629687500003 0.5098958328125 0.5268518515625 0.5822916671875 0.5268518515625 0.6546875 0.5268518515625
3 0.8354166671875 0.340740740625 0.8354166671875 0.24259259218749998 0.8354166671875 0.14444444375 0.765625 0.14444444375 0.6958333328124999 0.14444444375 0.6958333328124999 0.24259259218749998 0.6958333328124999 0.340740740625 0.765625 0.340740740625 0.8354166671875 0.340740740625
3 0.3786458328125 0.8074074078125 0.3786458328125 0.741203703125 0.3786458328125 0.675 0.34453125 0.675 0.3104166671875 0.675 0.3104166671875 0.741203703125 0.3104166671875 0.8074074078125 0.34453125 0.8074074078125 0.3786458328125 0.8074074078125
3 0.528125 0.85 0.528125 0.76805555625 0.528125 0.6861111109375 0.4583333328125 0.6861111109375 0.3885416671875 0.6861111109375 0.3885416671875 0.76805555625 0.3885416671875 0.85 0.4583333328125 0.85 0.528125 0.85
3 0.7208333328125 0.975 0.7208333328125 0.8759259265624999 0.7208333328125 0.7768518515625 0.6578125 0.7768518515625 0.5947916671875 0.7768518515625 0.5947916671875 0.8759259265624999 0.5947916671875 0.975 0.6578125 0.975 0.7208333328125 0.975
0 0.1744791671875 0.1324074078125 0.1744791671875 0.07083333281250001 0.1744791671875 0.009259259374999999 0.1263020828125 0.009259259374999999 0.078125 0.009259259374999999 0.078125 0.07083333281250001 0.078125 0.1324074078125 0.1263020828125 0.1324074078125 0.1744791671875 0.1324074078125
0 0.2791666671875 0.12870370312499999 0.2791666671875 0.084722221875 0.2791666671875 0.040740740625 0.24453125 0.040740740625 0.20989583281250002 0.040740740625 0.20989583281250002 0.084722221875 0.20989583281250002 0.12870370312499999 0.24453125 0.12870370312499999 0.2791666671875 0.12870370312499999
0 0.1614583328125 0.24814814843750002 0.1614583328125 0.197222221875 0.1614583328125 0.146296296875 0.1328125 0.146296296875 0.1041666671875 0.146296296875 0.1041666671875 0.197222221875 0.1041666671875 0.24814814843750002 0.1328125 0.24814814843750002 0.1614583328125 0.24814814843750002
0 0.240625 0.259259259375 0.240625 0.20833333281250002 0.240625 0.1574074078125 0.2114583328125 0.1574074078125 0.1822916671875 0.1574074078125 0.1822916671875 0.20833333281250002 0.1822916671875 0.259259259375 0.2114583328125 0.259259259375 0.240625 0.259259259375
0 0.3973958328125 0.240740740625 0.3973958328125 0.19305555624999998 0.3973958328125 0.1453703703125 0.37447916718749996 0.1453703703125 0.3515625 0.1453703703125 0.3515625 0.19305555624999998 0.3515625 0.240740740625 0.37447916718749996 0.240740740625 0.3973958328125 0.240740740625
0 0.2479166671875 0.4981481484375 0.2479166671875 0.45185185156249996 0.2479166671875 0.40555555625000006 0.2203125 0.40555555625000006 0.1927083328125 0.40555555625000006 0.1927083328125 0.45185185156249996 0.1927083328125 0.4981481484375 0.2203125 0.4981481484375 0.2479166671875 0.4981481484375
0 0.7890625 0.4981481484375 0.7890625 0.4199074078125 0.7890625 0.3416666671875 0.7473958328125 0.3416666671875 0.7057291671875 0.3416666671875 0.7057291671875 0.4199074078125 0.7057291671875 0.4981481484375 0.7473958328125 0.4981481484375 0.7890625 0.4981481484375
0 0.5614583328125 0.9731481484375 0.5614583328125 0.9 0.5614583328125 0.8268518515625001 0.5177083328125 0.8268518515625001 0.4739583328125 0.8268518515625001 0.4739583328125 0.9 0.4739583328125 0.9731481484375 0.5177083328125 0.9731481484375 0.5614583328125 0.9731481484375
0 0.4557291671875 1 0.4557291671875 0.9375 0.4557291671875 0.875 0.41770833281249997 0.875 0.3796875 0.875 0.3796875 0.9375 0.3796875 1 0.41770833281249997 1 0.4557291671875 1