2 0.58194444375 0.8320987656250001 0.58194444375 0.8160493828125001 0.58194444375 0.8 0.565972221875 0.8 0.55 0.8 0.55 0.8160493828125001 0.55 0.8320987656250001 0.565972221875 0.8320987656250001 0.58194444375 0.8320987656250001
2 0.4388888890625 0.6888888890625 0.4388888890625 0.6716049374999999 0.4388888890625 0.6543209875 0.428472221875 0.6543209875 0.41805555625 0.6543209875 0.41805555625 0.6716049374999999 0.41805555625 0.6888888890625 0.428472221875 0.6888888890625 0.4388888890625 0.6888888890625
2 0.34861111093749997 0.7753086421875001 0.34861111093749997 0.759259259375 0.34861111093749997 0.7432098765624999 0.33680555624999997 0.7432098765624999 0.325 0.7432098765624999 0.325 0.759259259375 0.325 0.7753086421875001 0.33680555624999997 0.7753086421875001 0.34861111093749997 0.7753086421875001
2 0.40555555625000006 0.9703703703125001 0.40555555625000006 0.9518518515625001 0.40555555625000006 0.9333333328125001 0.39305555625 0.9333333328125001 0.38055555625 0.9333333328125001 0.38055555625 0.9518518515625001 0.38055555625 0.9703703703125001 0.39305555625 0.9703703703125001 0.40555555625000006 0.9703703703125001
2 0.34861111093749997 0.8444444437499999 0.34861111093749997 0.8259259265625 0.34861111093749997 0.8074074078125 0.33055555625 0.8074074078125 0.3125 0.8074074078125 0.3125 0.8259259265625 0.3125 0.8444444437499999 0.33055555625 0.8444444437499999 0.34861111093749997 0.8444444437499999
2 0.24722222187499998 0.9358024687500001 0.24722222187499998 0.9135802468750001 0.24722222187499998 0.891358025 0.22916666718749998 0.891358025 0.21111111093749999 0.891358025 0.21111111093749999 0.9135802468750001 0.21111111093749999 0.9358024687500001 0.22916666718749998 0.9358024687500001 0.24722222187499998 0.9358024687500001
3 0.3083333328125 0.7654320984375 0.3083333328125 0.7259259265625 0.3083333328125 0.686419753125 0.28125 0.686419753125 0.2541666671875 0.686419753125 0.2541666671875 0.7259259265625 0.2541666671875 0.7654320984375 0.28125 0.7654320984375 0.3083333328125 0.7654320984375
3 0.11805555625 0.68148148125 0.11805555625 0.5950617281249999 0.11805555625 0.508641975 0.0666666671875 0.508641975 0.015277778124999999 0.508641975 0.015277778124999999 0.5950617281249999 0.015277778124999999 0.68148148125 0.0666666671875 0.68148148125 0.11805555625 0.68148148125
3 0.1041666671875 0.4888888890625 0.1041666671875 0.4296296296875 0.1041666671875 0.3703703703125 0.059027778125 0.3703703703125 0.013888889062500001 0.3703703703125 0.013888889062500001 0.4296296296875 0.013888889062500001 0.4888888890625 0.059027778125 0.4888888890625 0.1041666671875 0.4888888890625
3 0.190277778125 0.5456790125000001 0.190277778125 0.50987654375 0.190277778125 0.47407407343749997 0.16319444375 0.47407407343749997 0.1361111109375 0.47407407343749997 0.1361111109375 0.50987654375 0.1361111109375 0.5456790125000001 0.16319444375 0.5456790125000001 0.190277778125 0.5456790125000001
3 0.3791666671875 0.46419753124999996 0.3791666671875 0.4 0.3791666671875 0.33580246874999997 0.3361111109375 0.33580246874999997 0.29305555625 0.33580246874999997 0.29305555625 0.4 0.29305555625 0.46419753124999996 0.3361111109375 0.46419753124999996 0.3791666671875 0.46419753124999996
3 0.2916666671875 0.0716049375 0.2916666671875 0.037037037499999995 0.2916666671875 0.0024691359375 0.23680555625 0.0024691359375 0.18194444375000002 0.0024691359375 0.18194444375000002 0.037037037499999995 0.18194444375000002 0.0716049375 0.23680555625 0.0716049375 0.2916666671875 0.0716049375
2 0.5611111109375 0.558024690625 0.5611111109375 0.5432098765625 0.5611111109375 0.5283950625 0.5513888890625 0.5283950625 0.5416666671875 0.5283950625 0.5416666671875 0.5432098765625 0.5416666671875 0.558024690625 0.5513888890625 0.558024690625 0.5611111109375 0.558024690625
2 1 0.29135802499999996 0.9729166671874999 0.29135802499999996 0.9458333328125 0.29135802499999996 0.9458333328125 0.31234567968750004 0.9458333328125 0.3333333328125 0.9729166671874999 0.3333333328125 1 0.3333333328125 1 0.31234567968750004 1 0.29135802499999996
2 0.8236111109375001 0.3925925921875 0.8236111109375001 0.3753086421875 0.8236111109375001 0.35802469062500003 0.80694444375 0.35802469062500003 0.790277778125 0.35802469062500003 0.790277778125 0.3753086421875 0.790277778125 0.3925925921875 0.80694444375 0.3925925921875 0.8236111109375001 0.3925925921875
3 0.5791666671875 0.6716049374999999 0.5791666671875 0.6395061734375 0.5791666671875 0.6074074078125 0.559722221875 0.6074074078125 0.540277778125 0.6074074078125 0.540277778125 0.6395061734375 0.540277778125 0.6716049374999999 0.559722221875 0.6716049374999999 0.5791666671875 0.6716049374999999
3 0.6208333328125 0.7530864203125 0.6208333328125 0.7024691359374999 0.6208333328125 0.6518518515625 0.584722221875 0.6518518515625 0.5486111109375 0.6518518515625 0.5486111109375 0.7024691359374999 0.5486111109375 0.7530864203125 0.584722221875 0.7530864203125 0.6208333328125 0.7530864203125
3 0.434722221875 0.804938271875 0.434722221875 0.7432098765624999 0.434722221875 0.68148148125 0.40069444374999996 0.68148148125 0.36666666718749996 0.68148148125 0.36666666718749996 0.7432098765624999 0.36666666718749996 0.804938271875 0.40069444374999996 0.804938271875 0.434722221875 0.804938271875
3 0.5375 0.8222222218749999 0.5375 0.74444444375 0.5375 0.6666666671875 0.49444444374999996 0.6666666671875 0.4513888890625 0.6666666671875 0.4513888890625 0.74444444375 0.4513888890625 0.8222222218749999 0.49444444374999996 0.8222222218749999 0.5375 0.8222222218749999
3 0.7736111109375 0.350617284375 0.7736111109375 0.29012345625 0.7736111109375 0.2296296296875 0.7270833328124999 0.2296296296875 0.6805555562500001 0.2296296296875 0.6805555562500001 0.29012345625 0.6805555562500001 0.350617284375 0.7270833328124999 0.350617284375 0.7736111109375 0.350617284375
3 0.91805555625 0.7703703703125 0.91805555625 0.7024691359374999 0.91805555625 0.6345679015625 0.859027778125 0.6345679015625 0.8 0.6345679015625 0.8 0.7024691359374999 0.8 0.7703703703125 0.859027778125 0.7703703703125 0.91805555625 0.7703703703125
1 0.45277777812500003 0.59012345625 0.45277777812500003 0.4975308640625 0.45277777812500003 0.40493827187500003 0.415277778125 0.40493827187500003 0.377777778125 0.40493827187500003 0.377777778125 0.4975308640625 0.377777778125 0.59012345625 0.415277778125 0.59012345625 0.45277777812500003 0.59012345625
1 0.66805555625 0.3432098765625 0.66805555625 0.2851851859375 0.66805555625 0.22716049374999997 0.602777778125 0.22716049374999997 0.5375 0.22716049374999997 0.5375 0.2851851859375 0.5375 0.3432098765625 0.602777778125 0.3432098765625 0.66805555625 0.3432098765625
0 0.32777777812500003 0.195061728125 0.32777777812500003 0.1518518515625 0.32777777812500003 0.10864197499999999 0.290972221875 0.10864197499999999 0.2541666671875 0.10864197499999999 0.2541666671875 0.1518518515625 0.2541666671875 0.195061728125 0.290972221875 0.195061728125 0.32777777812500003 0.195061728125
0 0.3888888890625 0.276543209375 0.3888888890625 0.23580246875 0.3888888890625 0.195061728125 0.3645833328125 0.195061728125 0.34027777812500004 0.195061728125 0.34027777812500004 0.23580246875 0.34027777812500004 0.276543209375 0.3645833328125 0.276543209375 0.3888888890625 0.276543209375
0 0.24305555625 0.36296296250000004 0.24305555625 0.3 0.24305555625 0.2370370375 0.196527778125 0.2370370375 0.15 0.2370370375 0.15 0.3 0.15 0.36296296250000004 0.196527778125 0.36296296250000004 0.24305555625 0.36296296250000004
0 0.7638888890625 0.4716049375 0.7638888890625 0.408641975 0.7638888890625 0.3456790125 0.7083333328125 0.3456790125 0.652777778125 0.3456790125 0.652777778125 0.408641975 0.652777778125 0.4716049375 0.7083333328125 0.4716049375 0.7638888890625 0.4716049375
0 0.715277778125 0.7209876546875 0.715277778125 0.6469135796875001 0.715277778125 0.57283950625 0.653472221875 0.57283950625 0.5916666671875 0.57283950625 0.5916666671875 0.6469135796875001 0.5916666671875 0.7209876546875 0.653472221875 0.7209876546875 0.715277778125 0.7209876546875
0 0.7263888890625 0.8543209875000001 0.7263888890625 0.8024691359375 0.7263888890625 0.750617284375 0.690972221875 0.750617284375 0.6555555562500001 0.750617284375 0.6555555562500001 0.8024691359375 0.6555555562500001 0.8543209875000001 0.690972221875 0.8543209875000001 0.7263888890625 0.8543209875000001
0 0.19583333281249998 0.7802469140625 0.19583333281249998 0.7283950625 0.19583333281249998 0.676543209375 0.147222221875 0.676543209375 0.0986111109375 0.676543209375 0.0986111109375 0.7283950625 0.0986111109375 0.7802469140625 0.147222221875 0.7802469140625 0.19583333281249998 0.7802469140625
0 0.13888888906250002 0.8839506171875 0.13888888906250002 0.8333333328125001 0.13888888906250002 0.78271605 0.0861111109375 0.78271605 0.0333333328125 0.78271605 0.0333333328125 0.8333333328125001 0.0333333328125 0.8839506171875 0.0861111109375 0.8839506171875 0.13888888906250002 0.8839506171875