3 0.2513888890625 1 0.2513888890625 0.9790123453125 0.2513888890625 0.9580246906250001 0.2125 0.9580246906250001 0.17361111093749998 0.9580246906250001 0.17361111093749998 0.9790123453125 0.17361111093749998 1 0.2125 1 0.2513888890625 1
2 0.727777778125 0.367901234375 0.727777778125 0.3456790125 0.727777778125 0.323456790625 0.709722221875 0.323456790625 0.6916666671875 0.323456790625 0.6916666671875 0.3456790125 0.6916666671875 0.367901234375 0.709722221875 0.367901234375 0.727777778125 0.367901234375
2 0.7569444437499999 0.3604938265625 0.7569444437499999 0.3296296296875 0.7569444437499999 0.2987654328125 0.7430555562500001 0.2987654328125 0.7291666671875 0.2987654328125 0.7291666671875 0.3296296296875 0.7291666671875 0.3604938265625 0.7430555562500001 0.3604938265625 0.7569444437499999 0.3604938265625
2 0.8013888890624999 0.35308642031250004 0.8013888890624999 0.330864196875 0.8013888890624999 0.308641975 0.784722221875 0.308641975 0.76805555625 0.308641975 0.76805555625 0.330864196875 0.76805555625 0.35308642031250004 0.784722221875 0.35308642031250004 0.8013888890624999 0.35308642031250004
2 0.7611111109375 0.79012345625 0.7611111109375 0.7666666671875 0.7611111109375 0.7432098765624999 0.746527778125 0.7432098765624999 0.73194444375 0.7432098765624999 0.73194444375 0.7666666671875 0.73194444375 0.79012345625 0.746527778125 0.79012345625 0.7611111109375 0.79012345625
2 0.8027777781250001 0.7802469140625 0.8027777781250001 0.7604938265625 0.8027777781250001 0.740740740625 0.7861111109375 0.740740740625 0.76944444375 0.740740740625 0.76944444375 0.7604938265625 0.76944444375 0.7802469140625 0.7861111109375 0.7802469140625 0.8027777781250001 0.7802469140625
3 0.7083333328125 0.88148148125 0.7083333328125 0.8345679015625 0.7083333328125 0.7876543203125 0.6805555562500001 0.7876543203125 0.652777778125 0.7876543203125 0.652777778125 0.8345679015625 0.652777778125 0.88148148125 0.6805555562500001 0.88148148125 0.7083333328125 0.88148148125
0 0.48472222187499997 1 0.48472222187499997 0.98148148125 0.48472222187499997 0.9629629625 0.459027778125 0.9629629625 0.43333333281249997 0.9629629625 0.43333333281249997 0.98148148125 0.43333333281249997 1 0.459027778125 1 0.48472222187499997 1
0 0.60694444375 0.641975309375 0.60694444375 0.6074074078125 0.60694444375 0.57283950625 0.5868055562500001 0.57283950625 0.5666666671875 0.57283950625 0.5666666671875 0.6074074078125 0.5666666671875 0.641975309375 0.5868055562500001 0.641975309375 0.60694444375 0.641975309375
0 0.6611111109375 0.6617283953124999 0.6611111109375 0.6012345671875 0.6611111109375 0.540740740625 0.634027778125 0.540740740625 0.60694444375 0.540740740625 0.60694444375 0.6012345671875 0.60694444375 0.6617283953124999 0.634027778125 0.6617283953124999 0.6611111109375 0.6617283953124999
0 0.5513888890625 0.8320987656250001 0.5513888890625 0.7888888890625 0.5513888890625 0.7456790125 0.525 0.7456790125 0.4986111109375 0.7456790125 0.4986111109375 0.7888888890625 0.4986111109375 0.8320987656250001 0.525 0.8320987656250001 0.5513888890625 0.8320987656250001
0 0.9694444437499999 0.750617284375 0.9694444437499999 0.6851851859375 0.9694444437499999 0.6197530859375 0.89375 0.6197530859375 0.81805555625 0.6197530859375 0.81805555625 0.6851851859375 0.81805555625 0.750617284375 0.89375 0.750617284375 0.9694444437499999 0.750617284375
0 1 0.8567901234375 0.92430555625 0.8567901234375 0.8486111109375001 0.8567901234375 0.8486111109375001 0.9283950624999999 0.8486111109375001 1 0.92430555625 1 1 1 1 0.9283950624999999 1 0.8567901234375
3 0.6013888890625 0.5679012343750001 0.6013888890625 0.5 0.6013888890625 0.432098765625 0.5736111109375 0.432098765625 0.5458333328125 0.432098765625 0.5458333328125 0.5 0.5458333328125 0.5679012343750001 0.5736111109375 0.5679012343750001 0.6013888890625 0.5679012343750001
3 0.627777778125 0.91851851875 0.627777778125 0.8308641968750001 0.627777778125 0.7432098765624999 0.5958333328125 0.7432098765624999 0.5638888890625 0.7432098765624999 0.5638888890625 0.8308641968750001 0.5638888890625 0.91851851875 0.5958333328125 0.91851851875 0.627777778125 0.91851851875