2 0.3736111109375 0.41728395 0.3736111109375 0.403703703125 0.3736111109375 0.39012345625 0.3576388890625 0.39012345625 0.3416666671875 0.39012345625 0.3416666671875 0.403703703125 0.3416666671875 0.41728395 0.3576388890625 0.41728395 0.3736111109375 0.41728395
1 0.1708333328125 0.59012345625 0.1708333328125 0.5148148140625 0.1708333328125 0.4395061734375 0.1201388890625 0.4395061734375 0.06944444375 0.4395061734375 0.06944444375 0.5148148140625 0.06944444375 0.59012345625 0.1201388890625 0.59012345625 0.1708333328125 0.59012345625
1 0.5375 0.5061728390625 0.5375 0.430864196875 0.5375 0.35555555625 0.47222222187499996 0.35555555625 0.40694444374999994 0.35555555625 0.40694444374999994 0.430864196875 0.40694444374999994 0.5061728390625 0.47222222187499996 0.5061728390625 0.5375 0.5061728390625
1 0.6361111109375 0.2469135796875 0.6361111109375 0.204938271875 0.6361111109375 0.1629629625 0.59375 0.1629629625 0.5513888890625 0.1629629625 0.5513888890625 0.204938271875 0.5513888890625 0.2469135796875 0.59375 0.2469135796875 0.6361111109375 0.2469135796875
1 0.909722221875 0.46913580312500003 0.909722221875 0.39382716093750003 0.909722221875 0.31851851875000003 0.8645833328125001 0.31851851875000003 0.8194444437499999 0.31851851875000003 0.8194444437499999 0.39382716093750003 0.8194444437499999 0.46913580312500003 0.8645833328125001 0.46913580312500003 0.909722221875 0.46913580312500003
1 0.8222222218749999 0.5679012343750001 0.8222222218749999 0.508641975 0.8222222218749999 0.449382715625 0.752777778125 0.449382715625 0.6833333328125 0.449382715625 0.6833333328125 0.508641975 0.6833333328125 0.5679012343750001 0.752777778125 0.5679012343750001 0.8222222218749999 0.5679012343750001
1 0.9833333328125 0.691358025 0.9833333328125 0.6259259265625 0.9833333328125 0.5604938265625 0.91805555625 0.5604938265625 0.852777778125 0.5604938265625 0.852777778125 0.6259259265625 0.852777778125 0.691358025 0.91805555625 0.691358025 0.9833333328125 0.691358025
1 0.6 0.696296296875 0.6 0.630864196875 0.6 0.5654320984375001 0.4625 0.5654320984375001 0.325 0.5654320984375001 0.325 0.630864196875 0.325 0.696296296875 0.4625 0.696296296875 0.6 0.696296296875
1 0.5833333328125 0.8024691359375 0.5833333328125 0.732098765625 0.5833333328125 0.6617283953124999 0.46527777812500004 0.6617283953124999 0.34722222187499996 0.6617283953124999 0.34722222187499996 0.732098765625 0.34722222187499996 0.8024691359375 0.46527777812500004 0.8024691359375 0.5833333328125 0.8024691359375
1 0.752777778125 0.8222222218749999 0.752777778125 0.7209876546875 0.752777778125 0.6197530859375 0.6708333328125 0.6197530859375 0.5888888890625 0.6197530859375 0.5888888890625 0.7209876546875 0.5888888890625 0.8222222218749999 0.6708333328125 0.8222222218749999 0.752777778125 0.8222222218749999
1 1 0.7185185187500001 0.89305555625 0.7185185187500001 0.7861111109375 0.7185185187500001 0.7861111109375 0.859259259375 0.7861111109375 1 0.89305555625 1 1 1 1 0.859259259375 1 0.7185185187500001