1 0.8388888890624999 0.8493827156249999 0.8388888890624999 0.7456790125 0.8388888890624999 0.641975309375 0.8076388890624999 0.641975309375 0.7763888890625 0.641975309375 0.7763888890625 0.7456790125 0.7763888890625 0.8493827156249999 0.8076388890624999 0.8493827156249999 0.8388888890624999 0.8493827156249999
0 0.9611111109375001 0.686419753125 0.9611111109375001 0.5975308640625 0.9611111109375001 0.508641975 0.9104166671874999 0.508641975 0.859722221875 0.508641975 0.859722221875 0.5975308640625 0.859722221875 0.686419753125 0.9104166671874999 0.686419753125 0.9611111109375001 0.686419753125
0 0.7194444437499999 0.23209876562499998 0.7194444437499999 0.16790123437499999 0.7194444437499999 0.10370370312499999 0.6833333328125 0.10370370312499999 0.647222221875 0.10370370312499999 0.647222221875 0.16790123437499999 0.647222221875 0.23209876562499998 0.6833333328125 0.23209876562499998 0.7194444437499999 0.23209876562499998
0 0.7611111109375 0.804938271875 0.7611111109375 0.732098765625 0.7611111109375 0.659259259375 0.7229166671875 0.659259259375 0.684722221875 0.659259259375 0.684722221875 0.732098765625 0.684722221875 0.804938271875 0.7229166671875 0.804938271875 0.7611111109375 0.804938271875
0 0.58055555625 0.7111111109375 0.58055555625 0.6456790125 0.58055555625 0.5802469140625 0.553472221875 0.5802469140625 0.5263888890625 0.5802469140625 0.5263888890625 0.6456790125 0.5263888890625 0.7111111109375 0.553472221875 0.7111111109375 0.58055555625 0.7111111109375
0 0.24444444375000002 0.7283950625 0.24444444375000002 0.6888888890625 0.24444444375000002 0.649382715625 0.22152777812500002 0.649382715625 0.1986111109375 0.649382715625 0.1986111109375 0.6888888890625 0.1986111109375 0.7283950625 0.22152777812500002 0.7283950625 0.24444444375000002 0.7283950625
0 0.5097222218749999 0.4370370375 0.5097222218749999 0.395061728125 0.5097222218749999 0.35308642031250004 0.48125 0.35308642031250004 0.45277777812500003 0.35308642031250004 0.45277777812500003 0.395061728125 0.45277777812500003 0.4370370375 0.48125 0.4370370375 0.5097222218749999 0.4370370375
0 0.515277778125 0.508641975 0.515277778125 0.47283950625 0.515277778125 0.4370370375 0.48680555625000005 0.4370370375 0.4583333328125 0.4370370375 0.4583333328125 0.47283950625 0.4583333328125 0.508641975 0.48680555625000005 0.508641975 0.515277778125 0.508641975
0 0.597222221875 0.523456790625 0.597222221875 0.4802469140625 0.597222221875 0.4370370375 0.5708333328124999 0.4370370375 0.54444444375 0.4370370375 0.54444444375 0.4802469140625 0.54444444375 0.523456790625 0.5708333328124999 0.523456790625 0.597222221875 0.523456790625
0 0.6361111109375 0.4617283953125 0.6361111109375 0.42469135781249995 0.6361111109375 0.38765432031249997 0.6166666671875001 0.38765432031249997 0.597222221875 0.38765432031249997 0.597222221875 0.42469135781249995 0.597222221875 0.4617283953125 0.6166666671875001 0.4617283953125 0.6361111109375 0.4617283953125
0 0.5958333328125 0.2888888890625 0.5958333328125 0.25061728437499997 0.5958333328125 0.2123456796875 0.5722222218749999 0.2123456796875 0.5486111109375 0.2123456796875 0.5486111109375 0.25061728437499997 0.5486111109375 0.2888888890625 0.5722222218749999 0.2888888890625 0.5958333328125 0.2888888890625
0 0.51944444375 0.2888888890625 0.51944444375 0.2518518515625 0.51944444375 0.2148148140625 0.49652777812500004 0.2148148140625 0.47361111093749997 0.2148148140625 0.47361111093749997 0.2518518515625 0.47361111093749997 0.2888888890625 0.49652777812500004 0.2888888890625 0.51944444375 0.2888888890625