3 0.6526041671875 0.9296296296875 0.6526041671875 0.828240740625 0.6526041671875 0.7268518515625 0.5997395828125 0.7268518515625 0.546875 0.7268518515625 0.546875 0.828240740625 0.546875 0.9296296296875 0.5997395828125 0.9296296296875 0.6526041671875 0.9296296296875
3 0.7911458328125 1 0.7911458328125 0.9203703703125001 0.7911458328125 0.840740740625 0.7541666671875 0.840740740625 0.7171875 0.840740740625 0.7171875 0.9203703703125001 0.7171875 1 0.7541666671875 1 0.7911458328125 1
3 0.9057291671875 0.9638888890624999 0.9057291671875 0.8981481484374999 0.9057291671875 0.8324074078124999 0.8596354171874999 0.8324074078124999 0.8135416671875 0.8324074078124999 0.8135416671875 0.8981481484374999 0.8135416671875 0.9638888890624999 0.8596354171874999 0.9638888890624999 0.9057291671875 0.9638888890624999
3 0.9177083328125001 0.7925925921875 0.9177083328125001 0.7259259265625 0.9177083328125001 0.659259259375 0.8942708328125001 0.659259259375 0.8708333328125001 0.659259259375 0.8708333328125001 0.7259259265625 0.8708333328125001 0.7925925921875 0.8942708328125001 0.7925925921875 0.9177083328125001 0.7925925921875
3 1 0.497222221875 0.92734375 0.497222221875 0.8546875 0.497222221875 0.8546875 0.5754629625 0.8546875 0.6537037031249999 0.92734375 0.6537037031249999 1 0.6537037031249999 1 0.5754629625 1 0.497222221875
3 0.9239583328125001 0.5416666671875 0.9239583328125001 0.4486111109375 0.9239583328125001 0.35555555625 0.8677083328125 0.35555555625 0.8114583328125 0.35555555625 0.8114583328125 0.4486111109375 0.8114583328125 0.5416666671875 0.8677083328125 0.5416666671875 0.9239583328125001 0.5416666671875
3 0.83125 0.6555555562500001 0.83125 0.5625 0.83125 0.46944444374999994 0.7765625 0.46944444374999994 0.721875 0.46944444374999994 0.721875 0.5625 0.721875 0.6555555562500001 0.7765625 0.6555555562500001 0.83125 0.6555555562500001
3 0.8114583328125 0.45555555625000005 0.8114583328125 0.38148148125 0.8114583328125 0.30740740781250003 0.7682291671875 0.30740740781250003 0.725 0.30740740781250003 0.725 0.38148148125 0.725 0.45555555625000005 0.7682291671875 0.45555555625000005 0.8114583328125 0.45555555625000005
3 0.8557291671874999 0.29444444375 0.8557291671874999 0.21944444375 0.8557291671874999 0.14444444375 0.8216145828125001 0.14444444375 0.7875 0.14444444375 0.7875 0.21944444375 0.7875 0.29444444375 0.8216145828125001 0.29444444375 0.8557291671874999 0.29444444375
3 0.7744791671875 0.33148148125 0.7744791671875 0.2601851859375 0.7744791671875 0.1888888890625 0.7296875 0.1888888890625 0.6848958328125 0.1888888890625 0.6848958328125 0.2601851859375 0.6848958328125 0.33148148125 0.7296875 0.33148148125 0.7744791671875 0.33148148125
3 0.5072916671875001 0.965740740625 0.5072916671875001 0.8731481484374999 0.5072916671875001 0.7805555562500001 0.4604166671875 0.7805555562500001 0.4135416671875 0.7805555562500001 0.4135416671875 0.8731481484374999 0.4135416671875 0.965740740625 0.4604166671875 0.965740740625 0.5072916671875001 0.965740740625
3 0.5510416671875 0.8138888890624999 0.5510416671875 0.7416666671875001 0.5510416671875 0.66944444375 0.5080729171875 0.66944444375 0.46510416718750003 0.66944444375 0.46510416718750003 0.7416666671875001 0.46510416718750003 0.8138888890624999 0.5080729171875 0.8138888890624999 0.5510416671875 0.8138888890624999
3 0.5260416671875 0.6944444437499999 0.5260416671875 0.6259259265625 0.5260416671875 0.5574074078125 0.4838541671875 0.5574074078125 0.44166666718750003 0.5574074078125 0.44166666718750003 0.6259259265625 0.44166666718750003 0.6944444437499999 0.4838541671875 0.6944444437499999 0.5260416671875 0.6944444437499999
3 0.4088541671875 0.60555555625 0.4088541671875 0.5375 0.4088541671875 0.46944444374999994 0.3630208328125 0.46944444374999994 0.3171875 0.46944444374999994 0.3171875 0.5375 0.3171875 0.60555555625 0.3630208328125 0.60555555625 0.4088541671875 0.60555555625
3 0.34427083281250004 0.6629629625 0.34427083281250004 0.6236111109375 0.34427083281250004 0.584259259375 0.3145833328125 0.584259259375 0.2848958328125 0.584259259375 0.2848958328125 0.6236111109375 0.2848958328125 0.6629629625 0.3145833328125 0.6629629625 0.34427083281250004 0.6629629625
3 0.26510416718749996 0.95555555625 0.26510416718749996 0.8759259265624999 0.26510416718749996 0.796296296875 0.221875 0.796296296875 0.1786458328125 0.796296296875 0.1786458328125 0.8759259265624999 0.1786458328125 0.95555555625 0.221875 0.95555555625 0.26510416718749996 0.95555555625
3 0.21770833281250002 0.61944444375 0.21770833281250002 0.5634259265625 0.21770833281250002 0.5074074078125 0.1734375 0.5074074078125 0.1291666671875 0.5074074078125 0.1291666671875 0.5634259265625 0.1291666671875 0.61944444375 0.1734375 0.61944444375 0.21770833281250002 0.61944444375
3 0.24895833281250002 0.459259259375 0.24895833281250002 0.3921296296875 0.24895833281250002 0.325 0.21640625 0.325 0.1838541671875 0.325 0.1838541671875 0.3921296296875 0.1838541671875 0.459259259375 0.21640625 0.459259259375 0.24895833281250002 0.459259259375
3 0.48072916718750003 0.41944444374999995 0.48072916718750003 0.36064814843750004 0.48072916718750003 0.3018518515625 0.4380208328125 0.3018518515625 0.3953125 0.3018518515625 0.3953125 0.36064814843750004 0.3953125 0.41944444374999995 0.4380208328125 0.41944444374999995 0.48072916718750003 0.41944444374999995
3 0.5583333328125 0.39444444375 0.5583333328125 0.34120370312500004 0.5583333328125 0.28796296250000003 0.5145833328125 0.28796296250000003 0.47083333281249995 0.28796296250000003 0.47083333281249995 0.34120370312500004 0.47083333281249995 0.39444444375 0.5145833328125 0.39444444375 0.5583333328125 0.39444444375
3 0.6479166671875001 0.221296296875 0.6479166671875001 0.1893518515625 0.6479166671875001 0.1574074078125 0.62421875 0.1574074078125 0.6005208328125 0.1574074078125 0.6005208328125 0.1893518515625 0.6005208328125 0.221296296875 0.62421875 0.221296296875 0.6479166671875001 0.221296296875
3 0.09635416718749999 0.3518518515625 0.09635416718749999 0.29814814843750004 0.09635416718749999 0.24444444375000002 0.0671875 0.24444444375000002 0.0380208328125 0.24444444375000002 0.0380208328125 0.29814814843750004 0.0380208328125 0.3518518515625 0.0671875 0.3518518515625 0.09635416718749999 0.3518518515625
3 0.6708333328125 0.6379629625 0.6708333328125 0.5833333328125 0.6708333328125 0.5287037031249999 0.6395833328125 0.5287037031249999 0.6083333328125 0.5287037031249999 0.6083333328125 0.5833333328125 0.6083333328125 0.6379629625 0.6395833328125 0.6379629625 0.6708333328125 0.6379629625
3 0.6989583328125 0.4074074078125 0.6989583328125 0.3421296296875 0.6989583328125 0.2768518515625 0.6666666671875 0.2768518515625 0.634375 0.2768518515625 0.634375 0.3421296296875 0.634375 0.4074074078125 0.6666666671875 0.4074074078125 0.6989583328125 0.4074074078125
1 0.984375 0.321296296875 0.984375 0.25694444375000003 0.984375 0.1925925921875 0.91953125 0.1925925921875 0.8546875 0.1925925921875 0.8546875 0.25694444375000003 0.8546875 0.321296296875 0.91953125 0.321296296875 0.984375 0.321296296875
0 0.3963541671875 0.9888888890624999 0.3963541671875 0.91944444375 0.3963541671875 0.85 0.3682291671875 0.85 0.3401041671875 0.85 0.3401041671875 0.91944444375 0.3401041671875 0.9888888890624999 0.3682291671875 0.9888888890624999 0.3963541671875 0.9888888890624999
0 0.38229166718749996 0.8194444437499999 0.38229166718749996 0.7703703703125 0.38229166718749996 0.7212962968750001 0.3536458328125 0.7212962968750001 0.325 0.7212962968750001 0.325 0.7703703703125 0.325 0.8194444437499999 0.3536458328125 0.8194444437499999 0.38229166718749996 0.8194444437499999
0 0.3151041671875 0.74444444375 0.3151041671875 0.708796296875 0.3151041671875 0.6731481484375 0.2916666671875 0.6731481484375 0.2682291671875 0.6731481484375 0.2682291671875 0.708796296875 0.2682291671875 0.74444444375 0.2916666671875 0.74444444375 0.3151041671875 0.74444444375
0 0.2416666671875 0.725 0.2416666671875 0.671759259375 0.2416666671875 0.61851851875 0.21223958281250002 0.61851851875 0.1828125 0.61851851875 0.1828125 0.671759259375 0.1828125 0.725 0.21223958281250002 0.725 0.2416666671875 0.725
0 0.6494791671875 0.571296296875 0.6494791671875 0.5134259265625001 0.6494791671875 0.45555555625000005 0.6088541671875001 0.45555555625000005 0.5682291671875 0.45555555625000005 0.5682291671875 0.5134259265625001 0.5682291671875 0.571296296875 0.6088541671875001 0.571296296875 0.6494791671875 0.571296296875
0 0.7239583328125 0.5287037031249999 0.7239583328125 0.4546296296875 0.7239583328125 0.38055555625 0.6859375 0.38055555625 0.6479166671875001 0.38055555625 0.6479166671875001 0.4546296296875 0.6479166671875001 0.5287037031249999 0.6859375 0.5287037031249999 0.7239583328125 0.5287037031249999
0 0.6286458328125 0.44444444375 0.6286458328125 0.38842592656249997 0.6286458328125 0.3324074078125 0.5973958328125 0.3324074078125 0.5661458328125 0.3324074078125 0.5661458328125 0.38842592656249997 0.5661458328125 0.44444444375 0.5973958328125 0.44444444375 0.6286458328125 0.44444444375
0 0.584375 0.1379629625 0.584375 0.08796296249999999 0.584375 0.0379629625 0.5471354171875 0.0379629625 0.5098958328125 0.0379629625 0.5098958328125 0.08796296249999999 0.5098958328125 0.1379629625 0.5471354171875 0.1379629625 0.584375 0.1379629625
0 0.5213541671875 0.22314814843750003 0.5213541671875 0.175 0.5213541671875 0.1268518515625 0.4927083328125 0.1268518515625 0.4640625 0.1268518515625 0.4640625 0.175 0.4640625 0.22314814843750003 0.4927083328125 0.22314814843750003 0.5213541671875 0.22314814843750003
0 0.4546875 0.321296296875 0.4546875 0.2578703703125 0.4546875 0.19444444375 0.41953125 0.19444444375 0.384375 0.19444444375 0.384375 0.2578703703125 0.384375 0.321296296875 0.41953125 0.321296296875 0.4546875 0.321296296875
0 0.4015625 0.175 0.4015625 0.1125 0.4015625 0.05 0.3703125 0.05 0.3390625 0.05 0.3390625 0.1125 0.3390625 0.175 0.3703125 0.175 0.4015625 0.175
0 0.3473958328125 0.30740740781250003 0.3473958328125 0.24907407343750002 0.3473958328125 0.190740740625 0.31328125 0.190740740625 0.2791666671875 0.190740740625 0.2791666671875 0.24907407343750002 0.2791666671875 0.30740740781250003 0.31328125 0.30740740781250003 0.3473958328125 0.30740740781250003
0 0.2979166671875 0.2 0.2979166671875 0.1296296296875 0.2979166671875 0.059259259375 0.2567708328125 0.059259259375 0.215625 0.059259259375 0.215625 0.1296296296875 0.215625 0.2 0.2567708328125 0.2 0.2979166671875 0.2
3 0.5119791671875 0.12407407343750002 0.5119791671875 0.08518518593749999 0.5119791671875 0.046296296875 0.47760416718750004 0.046296296875 0.44322916718750005 0.046296296875 0.44322916718750005 0.08518518593749999 0.44322916718750005 0.12407407343750002 0.47760416718750004 0.12407407343750002 0.5119791671875 0.12407407343750002
3 0.0661458328125 0.55 0.0661458328125 0.4986111109375 0.0661458328125 0.447222221875 0.0369791671875 0.447222221875 0.0078125 0.447222221875 0.0078125 0.4986111109375 0.0078125 0.55 0.0369791671875 0.55 0.0661458328125 0.55
3 0.1447916671875 0.4074074078125 0.1447916671875 0.34444444375 0.1447916671875 0.28148148125 0.11953125 0.28148148125 0.09427083281250001 0.28148148125 0.09427083281250001 0.34444444375 0.09427083281250001 0.4074074078125 0.11953125 0.4074074078125 0.1447916671875 0.4074074078125
3 0.21197916718749998 0.2870370375 0.21197916718749998 0.221296296875 0.21197916718749998 0.15555555625 0.1861979171875 0.15555555625 0.1604166671875 0.15555555625 0.1604166671875 0.221296296875 0.1604166671875 0.2870370375 0.1861979171875 0.2870370375 0.21197916718749998 0.2870370375
3 0.1552083328125 0.85 0.1552083328125 0.7986111109375 0.1552083328125 0.747222221875 0.1080729171875 0.747222221875 0.0609375 0.747222221875 0.0609375 0.7986111109375 0.0609375 0.85 0.1080729171875 0.85 0.1552083328125 0.85
3 0.4625 0.7824074078125001 0.4625 0.7194444437499999 0.4625 0.6564814812499999 0.4322916671875 0.6564814812499999 0.40208333281249997 0.6564814812499999 0.40208333281249997 0.7194444437499999 0.40208333281249997 0.7824074078125001 0.4322916671875 0.7824074078125001 0.4625 0.7824074078125001