3 0.3583333328125 1 0.3583333328125 0.9691358031249999 0.3583333328125 0.9382716046875 0.3236111109375 0.9382716046875 0.2888888890625 0.9382716046875 0.2888888890625 0.9691358031249999 0.2888888890625 1 0.3236111109375 1 0.3583333328125 1
3 0.34722222187499996 0.8790123453125 0.34722222187499996 0.8283950625 0.34722222187499996 0.777777778125 0.3013888890625 0.777777778125 0.25555555625 0.777777778125 0.25555555625 0.8283950625 0.25555555625 0.8790123453125 0.3013888890625 0.8790123453125 0.34722222187499996 0.8790123453125
3 0.07083333281250001 0.7432098765624999 0.07083333281250001 0.6975308640625 0.07083333281250001 0.6518518515625 0.0388888890625 0.6518518515625 0.006944443749999999 0.6518518515625 0.006944443749999999 0.6975308640625 0.006944443749999999 0.7432098765624999 0.0388888890625 0.7432098765624999 0.07083333281250001 0.7432098765624999
3 0.075 0.38271605000000003 0.075 0.3160493828125 0.075 0.249382715625 0.0395833328125 0.249382715625 0.0041666671875 0.249382715625 0.0041666671875 0.3160493828125 0.0041666671875 0.38271605000000003 0.0395833328125 0.38271605000000003 0.075 0.38271605000000003
0 0.1833333328125 0.7456790125 0.1833333328125 0.6641975312499999 0.1833333328125 0.5827160499999999 0.1361111109375 0.5827160499999999 0.0888888890625 0.5827160499999999 0.0888888890625 0.6641975312499999 0.0888888890625 0.7456790125 0.1361111109375 0.7456790125 0.1833333328125 0.7456790125
0 0.28055555625 0.5851851859375 0.28055555625 0.5259259265625 0.28055555625 0.46666666718750005 0.24930555625 0.46666666718750005 0.21805555625 0.46666666718750005 0.21805555625 0.5259259265625 0.21805555625 0.5851851859375 0.24930555625 0.5851851859375 0.28055555625 0.5851851859375
0 0.32083333281250004 0.26419753125 0.32083333281250004 0.2296296296875 0.32083333281250004 0.195061728125 0.2951388890625 0.195061728125 0.26944444375 0.195061728125 0.26944444375 0.2296296296875 0.26944444375 0.26419753125 0.2951388890625 0.26419753125 0.32083333281250004 0.26419753125
0 0.3166666671875 0.19012345625 0.3166666671875 0.140740740625 0.3166666671875 0.091358025 0.28055555625 0.091358025 0.24444444375000002 0.091358025 0.24444444375000002 0.140740740625 0.24444444375000002 0.19012345625 0.28055555625 0.19012345625 0.3166666671875 0.19012345625
3 0.427777778125 0.05679012343749999 0.427777778125 0.0296296296875 0.427777778125 0.0024691359375 0.40833333281249995 0.0024691359375 0.3888888890625 0.0024691359375 0.3888888890625 0.0296296296875 0.3888888890625 0.05679012343749999 0.40833333281249995 0.05679012343749999 0.427777778125 0.05679012343749999
3 0.5111111109375 0.350617284375 0.5111111109375 0.2925925921875 0.5111111109375 0.23456790156250001 0.4861111109375 0.23456790156250001 0.4611111109375 0.23456790156250001 0.4611111109375 0.2925925921875 0.4611111109375 0.350617284375 0.4861111109375 0.350617284375 0.5111111109375 0.350617284375
0 0.415277778125 0.22716049374999997 0.415277778125 0.169135803125 0.415277778125 0.1111111109375 0.3708333328125 0.1111111109375 0.3263888890625 0.1111111109375 0.3263888890625 0.169135803125 0.3263888890625 0.22716049374999997 0.3708333328125 0.22716049374999997 0.415277778125 0.22716049374999997
0 0.44444444375 0.303703703125 0.44444444375 0.2654320984375 0.44444444375 0.22716049374999997 0.415277778125 0.22716049374999997 0.3861111109375 0.22716049374999997 0.3861111109375 0.2654320984375 0.3861111109375 0.303703703125 0.415277778125 0.303703703125 0.44444444375 0.303703703125
0 0.47361111093749997 0.3753086421875 0.47361111093749997 0.3333333328125 0.47361111093749997 0.29135802499999996 0.44305555625000004 0.29135802499999996 0.4125 0.29135802499999996 0.4125 0.3333333328125 0.4125 0.3753086421875 0.44305555625000004 0.3753086421875 0.47361111093749997 0.3753086421875
2 0.5611111109375 0.20246913593750002 0.5611111109375 0.18148148125000002 0.5611111109375 0.1604938265625 0.54930555625 0.1604938265625 0.5375 0.1604938265625 0.5375 0.18148148125000002 0.5375 0.20246913593750002 0.54930555625 0.20246913593750002 0.5611111109375 0.20246913593750002
2 0.5583333328125 0.31851851875000003 0.5583333328125 0.2925925921875 0.5583333328125 0.2666666671875 0.5423611109375 0.2666666671875 0.5263888890625 0.2666666671875 0.5263888890625 0.2925925921875 0.5263888890625 0.31851851875000003 0.5423611109375 0.31851851875000003 0.5583333328125 0.31851851875000003
2 0.7791666671875 0.1925925921875 0.7791666671875 0.1703703703125 0.7791666671875 0.1481481484375 0.7604166671875 0.1481481484375 0.7416666671875001 0.1481481484375 0.7416666671875001 0.1703703703125 0.7416666671875001 0.1925925921875 0.7604166671875 0.1925925921875 0.7791666671875 0.1925925921875
2 0.7333333328125 0.1629629625 0.7333333328125 0.150617284375 0.7333333328125 0.1382716046875 0.721527778125 0.1382716046875 0.709722221875 0.1382716046875 0.709722221875 0.150617284375 0.709722221875 0.1629629625 0.721527778125 0.1629629625 0.7333333328125 0.1629629625
2 0.7611111109375 0.06913580312499999 0.7611111109375 0.05679012343749999 0.7611111109375 0.04444444375 0.7416666671875001 0.04444444375 0.722222221875 0.04444444375 0.722222221875 0.05679012343749999 0.722222221875 0.06913580312499999 0.7416666671875001 0.06913580312499999 0.7611111109375 0.06913580312499999
2 0.9513888890625 0.0938271609375 0.9513888890625 0.058024690625 0.9513888890625 0.022222221875 0.9229166671875 0.022222221875 0.89444444375 0.022222221875 0.89444444375 0.058024690625 0.89444444375 0.0938271609375 0.9229166671875 0.0938271609375 0.9513888890625 0.0938271609375
2 0.859722221875 0.091358025 0.859722221875 0.0703703703125 0.859722221875 0.049382715625000004 0.83819444375 0.049382715625000004 0.8166666671874999 0.049382715625000004 0.8166666671874999 0.0703703703125 0.8166666671874999 0.091358025 0.83819444375 0.091358025 0.859722221875 0.091358025
1 0.6708333328125 0.91851851875 0.6708333328125 0.8246913578124999 0.6708333328125 0.730864196875 0.64305555625 0.730864196875 0.6152777781250001 0.730864196875 0.6152777781250001 0.8246913578124999 0.6152777781250001 0.91851851875 0.64305555625 0.91851851875 0.6708333328125 0.91851851875
0 0.4986111109375 0.46913580312500003 0.4986111109375 0.41111111093749997 0.4986111109375 0.35308642031250004 0.46944444374999994 0.35308642031250004 0.440277778125 0.35308642031250004 0.440277778125 0.41111111093749997 0.440277778125 0.46913580312500003 0.46944444374999994 0.46913580312500003 0.4986111109375 0.46913580312500003
0 0.58194444375 0.5012345671875 0.58194444375 0.42716049375000004 0.58194444375 0.35308642031250004 0.5451388890625 0.35308642031250004 0.5083333328124999 0.35308642031250004 0.5083333328124999 0.42716049375000004 0.5083333328124999 0.5012345671875 0.5451388890625 0.5012345671875 0.58194444375 0.5012345671875
0 0.44444444375 0.641975309375 0.44444444375 0.5938271609375 0.44444444375 0.5456790125000001 0.40972222187499996 0.5456790125000001 0.375 0.5456790125000001 0.375 0.5938271609375 0.375 0.641975309375 0.40972222187499996 0.641975309375 0.44444444375 0.641975309375
0 0.6152777781250001 0.7530864203125 0.6152777781250001 0.6753086421875001 0.6152777781250001 0.5975308640625 0.56805555625 0.5975308640625 0.5208333328125 0.5975308640625 0.5208333328125 0.6753086421875001 0.5208333328125 0.7530864203125 0.56805555625 0.7530864203125 0.6152777781250001 0.7530864203125
0 0.6875 0.6716049374999999 0.6875 0.603703703125 0.6875 0.53580246875 0.63680555625 0.53580246875 0.5861111109375 0.53580246875 0.5861111109375 0.603703703125 0.5861111109375 0.6716049374999999 0.63680555625 0.6716049374999999 0.6875 0.6716049374999999
0 0.7375 0.7530864203125 0.7375 0.7012345671875 0.7375 0.649382715625 0.702777778125 0.649382715625 0.66805555625 0.649382715625 0.66805555625 0.7012345671875 0.66805555625 0.7530864203125 0.702777778125 0.7530864203125 0.7375 0.7530864203125
2 0.415277778125 0.68148148125 0.415277778125 0.6604938265625 0.415277778125 0.6395061734375 0.40208333281249997 0.6395061734375 0.3888888890625 0.6395061734375 0.3888888890625 0.6604938265625 0.3888888890625 0.68148148125 0.40208333281249997 0.68148148125 0.415277778125 0.68148148125
2 0.8361111109375001 0.53580246875 0.8361111109375001 0.51851851875 0.8361111109375001 0.5012345671875 0.8229166671874999 0.5012345671875 0.809722221875 0.5012345671875 0.809722221875 0.51851851875 0.809722221875 0.53580246875 0.8229166671874999 0.53580246875 0.8361111109375001 0.53580246875
2 0.7013888890625 0.5382716046875 0.7013888890625 0.5148148140625 0.7013888890625 0.491358025 0.68194444375 0.491358025 0.6625 0.491358025 0.6625 0.5148148140625 0.6625 0.5382716046875 0.68194444375 0.5382716046875 0.7013888890625 0.5382716046875
2 0.8291666671875 0.5802469140625 0.8291666671875 0.558024690625 0.8291666671875 0.53580246875 0.809722221875 0.53580246875 0.790277778125 0.53580246875 0.790277778125 0.558024690625 0.790277778125 0.5802469140625 0.809722221875 0.5802469140625 0.8291666671875 0.5802469140625
3 0.622222221875 1 0.622222221875 0.9382716046875 0.622222221875 0.8765432093750001 0.5840277781250001 0.8765432093750001 0.5458333328125 0.8765432093750001 0.5458333328125 0.9382716046875 0.5458333328125 1 0.5840277781250001 1 0.622222221875 1
3 0.9333333328125001 0.8765432093750001 0.9333333328125001 0.8086419749999999 0.9333333328125001 0.740740740625 0.8701388890624999 0.740740740625 0.80694444375 0.740740740625 0.80694444375 0.8086419749999999 0.80694444375 0.8765432093750001 0.8701388890624999 0.8765432093750001 0.9333333328125001 0.8765432093750001