0 0.3291666671875 0.9012345671875 0.3291666671875 0.8135802468750001 0.3291666671875 0.7259259265625 0.2701388890625 0.7259259265625 0.21111111093749999 0.7259259265625 0.21111111093749999 0.8135802468750001 0.21111111093749999 0.9012345671875 0.2701388890625 0.9012345671875 0.3291666671875 0.9012345671875
0 0.8388888890624999 1 0.8388888890624999 0.9456790125 0.8388888890624999 0.891358025 0.7909722218749999 0.891358025 0.7430555562500001 0.891358025 0.7430555562500001 0.9456790125 0.7430555562500001 1 0.7909722218749999 1 0.8388888890624999 1
0 0.497222221875 1 0.497222221875 0.9716049375000001 0.497222221875 0.9432098765625 0.4486111109375 0.9432098765625 0.4 0.9432098765625 0.4 0.9716049375000001 0.4 1 0.4486111109375 1 0.497222221875 1
0 0.3638888890625 0.39012345625 0.3638888890625 0.330864196875 0.3638888890625 0.2716049375 0.33125 0.2716049375 0.2986111109375 0.2716049375 0.2986111109375 0.330864196875 0.2986111109375 0.39012345625 0.33125 0.39012345625 0.3638888890625 0.39012345625
0 0.4861111109375 0.23209876562499998 0.4861111109375 0.17901234531250002 0.4861111109375 0.12592592656249998 0.4548611109375 0.12592592656249998 0.4236111109375 0.12592592656249998 0.4236111109375 0.17901234531250002 0.4236111109375 0.23209876562499998 0.4548611109375 0.23209876562499998 0.4861111109375 0.23209876562499998
0 0.2125 0.3604938265625 0.2125 0.304938271875 0.2125 0.249382715625 0.17569444375 0.249382715625 0.13888888906250002 0.249382715625 0.13888888906250002 0.304938271875 0.13888888906250002 0.3604938265625 0.17569444375 0.3604938265625 0.2125 0.3604938265625
0 0.2236111109375 0.20740740781250003 0.2236111109375 0.16790123437499999 0.2236111109375 0.1283950625 0.1979166671875 0.1283950625 0.172222221875 0.1283950625 0.172222221875 0.16790123437499999 0.172222221875 0.20740740781250003 0.1979166671875 0.20740740781250003 0.2236111109375 0.20740740781250003
1 0.5625 0.7259259265625 0.5625 0.6753086421875001 0.5625 0.6246913578125 0.51805555625 0.6246913578125 0.47361111093749997 0.6246913578125 0.47361111093749997 0.6753086421875001 0.47361111093749997 0.7259259265625 0.51805555625 0.7259259265625 0.5625 0.7259259265625
3 0.3736111109375 0.8395061734375 0.3736111109375 0.7790123453125 0.3736111109375 0.7185185187500001 0.33680555624999997 0.7185185187500001 0.3 0.7185185187500001 0.3 0.7790123453125 0.3 0.8395061734375 0.33680555624999997 0.8395061734375 0.3736111109375 0.8395061734375
3 0.5583333328125 0.459259259375 0.5583333328125 0.3888888890625 0.5583333328125 0.31851851875000003 0.5138888890625 0.31851851875000003 0.46944444374999994 0.31851851875000003 0.46944444374999994 0.3888888890625 0.46944444374999994 0.459259259375 0.5138888890625 0.459259259375 0.5583333328125 0.459259259375
1 0.4125 0.39012345625 0.4125 0.30987654375 0.4125 0.2296296296875 0.3923611109375 0.2296296296875 0.372222221875 0.2296296296875 0.372222221875 0.30987654375 0.372222221875 0.39012345625 0.3923611109375 0.39012345625 0.4125 0.39012345625
0 0.26805555625 0.150617284375 0.26805555625 0.10987654375 0.26805555625 0.06913580312499999 0.24722222187499998 0.06913580312499999 0.22638888906250001 0.06913580312499999 0.22638888906250001 0.10987654375 0.22638888906250001 0.150617284375 0.24722222187499998 0.150617284375 0.26805555625 0.150617284375
0 0.13888888906250002 0.1654320984375 0.13888888906250002 0.11604938281249999 0.13888888906250002 0.0666666671875 0.1 0.0666666671875 0.061111110937500004 0.0666666671875 0.061111110937500004 0.11604938281249999 0.061111110937500004 0.1654320984375 0.1 0.1654320984375 0.13888888906250002 0.1654320984375