0 0.8833333328125 0.3333333328125 0.8833333328125 0.304938271875 0.8833333328125 0.276543209375 0.86180555625 0.276543209375 0.840277778125 0.276543209375 0.840277778125 0.304938271875 0.840277778125 0.3333333328125 0.86180555625 0.3333333328125 0.8833333328125 0.3333333328125
0 0.9208333328125 0.49629629687500004 0.9208333328125 0.477777778125 0.9208333328125 0.459259259375 0.903472221875 0.459259259375 0.8861111109375001 0.459259259375 0.8861111109375001 0.477777778125 0.8861111109375001 0.49629629687500004 0.903472221875 0.49629629687500004 0.9208333328125 0.49629629687500004
0 0.6833333328125 0.2938271609375 0.6833333328125 0.267901234375 0.6833333328125 0.24197530937499998 0.6659722218749999 0.24197530937499998 0.6486111109375 0.24197530937499998 0.6486111109375 0.267901234375 0.6486111109375 0.2938271609375 0.6659722218749999 0.2938271609375 0.6833333328125 0.2938271609375
0 0.7611111109375 0.41728395 0.7611111109375 0.3888888890625 0.7611111109375 0.3604938265625 0.7416666671875001 0.3604938265625 0.722222221875 0.3604938265625 0.722222221875 0.3888888890625 0.722222221875 0.41728395 0.7416666671875001 0.41728395 0.7611111109375 0.41728395
0 0.79444444375 0.47654320937500005 0.79444444375 0.4432098765625 0.79444444375 0.40987654375 0.7701388890625 0.40987654375 0.7458333328125 0.40987654375 0.7458333328125 0.4432098765625 0.7458333328125 0.47654320937500005 0.7701388890625 0.47654320937500005 0.79444444375 0.47654320937500005
0 0.852777778125 0.550617284375 0.852777778125 0.51728395 0.852777778125 0.4839506171875 0.8270833328125 0.4839506171875 0.8013888890624999 0.4839506171875 0.8013888890624999 0.51728395 0.8013888890624999 0.550617284375 0.8270833328125 0.550617284375 0.852777778125 0.550617284375
0 0.6388888890625 0.377777778125 0.6388888890625 0.340740740625 0.6388888890625 0.303703703125 0.615972221875 0.303703703125 0.5930555562500001 0.303703703125 0.5930555562500001 0.340740740625 0.5930555562500001 0.377777778125 0.615972221875 0.377777778125 0.6388888890625 0.377777778125
0 0.659722221875 0.43456790156249997 0.659722221875 0.3987654328125 0.659722221875 0.36296296250000004 0.6354166671875 0.36296296250000004 0.6111111109375 0.36296296250000004 0.6111111109375 0.3987654328125 0.6111111109375 0.43456790156249997 0.6354166671875 0.43456790156249997 0.659722221875 0.43456790156249997
0 0.597222221875 0.41234567968749997 0.597222221875 0.38271605000000003 0.597222221875 0.35308642031250004 0.578472221875 0.35308642031250004 0.559722221875 0.35308642031250004 0.559722221875 0.38271605000000003 0.559722221875 0.41234567968749997 0.578472221875 0.41234567968749997 0.597222221875 0.41234567968749997
0 0.47361111093749997 0.503703703125 0.47361111093749997 0.46419753124999996 0.47361111093749997 0.42469135781249995 0.447222221875 0.42469135781249995 0.42083333281249996 0.42469135781249995 0.42083333281249996 0.46419753124999996 0.42083333281249996 0.503703703125 0.447222221875 0.503703703125 0.47361111093749997 0.503703703125
0 0.6736111109375 0.5679012343750001 0.6736111109375 0.53580246875 0.6736111109375 0.503703703125 0.6555555562500001 0.503703703125 0.6375 0.503703703125 0.6375 0.53580246875 0.6375 0.5679012343750001 0.6555555562500001 0.5679012343750001 0.6736111109375 0.5679012343750001
0 0.60694444375 0.6617283953124999 0.60694444375 0.6074074078125 0.60694444375 0.5530864203125 0.5798611109375 0.5530864203125 0.5527777781250001 0.5530864203125 0.5527777781250001 0.6074074078125 0.5527777781250001 0.6617283953124999 0.5798611109375 0.6617283953124999 0.60694444375 0.6617283953124999
3 0.9263888890624999 0.4024691359375 0.9263888890624999 0.3740740734375 0.9263888890624999 0.3456790125 0.9069444437499999 0.3456790125 0.8875 0.3456790125 0.8875 0.3740740734375 0.8875 0.4024691359375 0.9069444437499999 0.4024691359375 0.9263888890624999 0.4024691359375
3 0.9861111109375 0.39012345625 0.9861111109375 0.35925925937500003 0.9861111109375 0.3283950625 0.9604166671875 0.3283950625 0.934722221875 0.3283950625 0.934722221875 0.35925925937500003 0.934722221875 0.39012345625 0.9604166671875 0.39012345625 0.9861111109375 0.39012345625
3 0.80694444375 0.2938271609375 0.80694444375 0.276543209375 0.80694444375 0.259259259375 0.7861111109375 0.259259259375 0.765277778125 0.259259259375 0.765277778125 0.276543209375 0.765277778125 0.2938271609375 0.7861111109375 0.2938271609375 0.80694444375 0.2938271609375
3 0.559722221875 0.26419753125 0.559722221875 0.24814814843750002 0.559722221875 0.23209876562499998 0.5416666671875 0.23209876562499998 0.5236111109375 0.23209876562499998 0.5236111109375 0.24814814843750002 0.5236111109375 0.26419753125 0.5416666671875 0.26419753125 0.559722221875 0.26419753125
3 0.51944444375 0.35308642031250004 0.51944444375 0.323456790625 0.51944444375 0.2938271609375 0.49930555625000006 0.2938271609375 0.4791666671875 0.2938271609375 0.4791666671875 0.323456790625 0.4791666671875 0.35308642031250004 0.49930555625000006 0.35308642031250004 0.51944444375 0.35308642031250004
3 0.48333333281249996 0.3604938265625 0.48333333281249996 0.3283950625 0.48333333281249996 0.296296296875 0.4576388890625 0.296296296875 0.43194444374999996 0.296296296875 0.43194444374999996 0.3283950625 0.43194444374999996 0.3604938265625 0.4576388890625 0.3604938265625 0.48333333281249996 0.3604938265625
3 0.565277778125 0.395061728125 0.565277778125 0.3753086421875 0.565277778125 0.35555555625 0.5423611109375 0.35555555625 0.51944444375 0.35555555625 0.51944444375 0.3753086421875 0.51944444375 0.395061728125 0.5423611109375 0.395061728125 0.565277778125 0.395061728125
3 0.44444444375 0.432098765625 0.44444444375 0.4061728390625 0.44444444375 0.3802469140625 0.4236111109375 0.3802469140625 0.40277777812500004 0.3802469140625 0.40277777812500004 0.4061728390625 0.40277777812500004 0.432098765625 0.4236111109375 0.432098765625 0.44444444375 0.432098765625
3 0.540277778125 0.449382715625 0.540277778125 0.4148148140625 0.540277778125 0.3802469140625 0.51319444375 0.3802469140625 0.4861111109375 0.3802469140625 0.4861111109375 0.4148148140625 0.4861111109375 0.449382715625 0.51319444375 0.449382715625 0.540277778125 0.449382715625
3 0.4875 0.5679012343750001 0.4875 0.5296296296875 0.4875 0.491358025 0.45694444375 0.491358025 0.4263888890625 0.491358025 0.4263888890625 0.5296296296875 0.4263888890625 0.5679012343750001 0.45694444375 0.5679012343750001 0.4875 0.5679012343750001
3 0.9291666671875 0.57283950625 0.9291666671875 0.5271604937500001 0.9291666671875 0.48148148125 0.90625 0.48148148125 0.8833333328125 0.48148148125 0.8833333328125 0.5271604937500001 0.8833333328125 0.57283950625 0.90625 0.57283950625 0.9291666671875 0.57283950625
3 0.959722221875 0.8197530859375 0.959722221875 0.7851851859375001 0.959722221875 0.750617284375 0.940277778125 0.750617284375 0.9208333328125 0.750617284375 0.9208333328125 0.7851851859375001 0.9208333328125 0.8197530859375 0.940277778125 0.8197530859375 0.959722221875 0.8197530859375
3 0.29722222187499997 0.8691358031249999 0.29722222187499997 0.7938271609374999 0.29722222187499997 0.7185185187500001 0.2520833328125 0.7185185187500001 0.20694444375 0.7185185187500001 0.20694444375 0.7938271609374999 0.20694444375 0.8691358031249999 0.2520833328125 0.8691358031249999 0.29722222187499997 0.8691358031249999