0 0.9861111109375 0.604938271875 0.9861111109375 0.5543209874999999 0.9861111109375 0.503703703125 0.9381944437499999 0.503703703125 0.890277778125 0.503703703125 0.890277778125 0.5543209874999999 0.890277778125 0.604938271875 0.9381944437499999 0.604938271875 0.9861111109375 0.604938271875
0 0.40694444374999994 0.2740740734375 0.40694444374999994 0.2395061734375 0.40694444374999994 0.204938271875 0.39097222187499997 0.204938271875 0.375 0.204938271875 0.375 0.2395061734375 0.375 0.2740740734375 0.39097222187499997 0.2740740734375 0.40694444374999994 0.2740740734375
0 0.7958333328125 0.3925925921875 0.7958333328125 0.35308642031250004 0.7958333328125 0.313580246875 0.772222221875 0.313580246875 0.7486111109375 0.313580246875 0.7486111109375 0.35308642031250004 0.7486111109375 0.3925925921875 0.772222221875 0.3925925921875 0.7958333328125 0.3925925921875
0 0.497222221875 0.1111111109375 0.497222221875 0.0888888890625 0.497222221875 0.0666666671875 0.48472222187499997 0.0666666671875 0.47222222187499996 0.0666666671875 0.47222222187499996 0.0888888890625 0.47222222187499996 0.1111111109375 0.48472222187499997 0.1111111109375 0.497222221875 0.1111111109375
3 0.42222222187499997 0.06419753125 0.42222222187499997 0.048148148437499996 0.42222222187499997 0.032098765625 0.40069444374999996 0.032098765625 0.3791666671875 0.032098765625 0.3791666671875 0.048148148437499996 0.3791666671875 0.06419753125 0.40069444374999996 0.06419753125 0.42222222187499997 0.06419753125
3 0.4263888890625 0.20246913593750002 0.4263888890625 0.177777778125 0.4263888890625 0.1530864203125 0.40833333281249995 0.1530864203125 0.39027777812500003 0.1530864203125 0.39027777812500003 0.177777778125 0.39027777812500003 0.20246913593750002 0.40833333281249995 0.20246913593750002 0.4263888890625 0.20246913593750002
3 0.965277778125 0.22716049374999997 0.965277778125 0.20740740781250003 0.965277778125 0.1876543203125 0.9305555562500001 0.1876543203125 0.8958333328125001 0.1876543203125 0.8958333328125001 0.20740740781250003 0.8958333328125001 0.22716049374999997 0.9305555562500001 0.22716049374999997 0.965277778125 0.22716049374999997
3 0.8819444437499999 0.30123456718749997 0.8819444437499999 0.2654320984375 0.8819444437499999 0.2296296296875 0.8534722218749999 0.2296296296875 0.825 0.2296296296875 0.825 0.2654320984375 0.825 0.30123456718749997 0.8534722218749999 0.30123456718749997 0.8819444437499999 0.30123456718749997
3 0.815277778125 0.29135802499999996 0.815277778125 0.2617283953125 0.815277778125 0.23209876562499998 0.7826388890625 0.23209876562499998 0.75 0.23209876562499998 0.75 0.2617283953125 0.75 0.29135802499999996 0.7826388890625 0.29135802499999996 0.815277778125 0.29135802499999996
3 0.952777778125 0.3481481484375 0.952777778125 0.323456790625 0.952777778125 0.2987654328125 0.91875 0.2987654328125 0.8847222218749999 0.2987654328125 0.8847222218749999 0.323456790625 0.8847222218749999 0.3481481484375 0.91875 0.3481481484375 0.952777778125 0.3481481484375
3 0.89444444375 0.395061728125 0.89444444375 0.349382715625 0.89444444375 0.303703703125 0.85 0.303703703125 0.8055555562500001 0.303703703125 0.8055555562500001 0.349382715625 0.8055555562500001 0.395061728125 0.85 0.395061728125 0.89444444375 0.395061728125
3 0.8041666671875 0.47407407343749997 0.8041666671875 0.42839506250000003 0.8041666671875 0.38271605000000003 0.7715277781250001 0.38271605000000003 0.7388888890625 0.38271605000000003 0.7388888890625 0.42839506250000003 0.7388888890625 0.47407407343749997 0.7715277781250001 0.47407407343749997 0.8041666671875 0.47407407343749997
3 0.20277777812500003 0.47407407343749997 0.20277777812500003 0.4432098765625 0.20277777812500003 0.41234567968749997 0.184722221875 0.41234567968749997 0.1666666671875 0.41234567968749997 0.1666666671875 0.4432098765625 0.1666666671875 0.47407407343749997 0.184722221875 0.47407407343749997 0.20277777812500003 0.47407407343749997
3 0.24305555625 0.5382716046875 0.24305555625 0.5160493828125 0.24305555625 0.49382716093749995 0.22638888906250001 0.49382716093749995 0.20972222187499998 0.49382716093749995 0.20972222187499998 0.5160493828125 0.20972222187499998 0.5382716046875 0.22638888906250001 0.5382716046875 0.24305555625 0.5382716046875
3 0.34722222187499996 0.7012345671875 0.34722222187499996 0.6567901234375 0.34722222187499996 0.6123456796875 0.315277778125 0.6123456796875 0.2833333328125 0.6123456796875 0.2833333328125 0.6567901234375 0.2833333328125 0.7012345671875 0.315277778125 0.7012345671875 0.34722222187499996 0.7012345671875
3 0.597222221875 0.60987654375 0.597222221875 0.5481481484375 0.597222221875 0.486419753125 0.5673611109375 0.486419753125 0.5375 0.486419753125 0.5375 0.5481481484375 0.5375 0.60987654375 0.5673611109375 0.60987654375 0.597222221875 0.60987654375
3 0.427777778125 0.9432098765625 0.427777778125 0.8888888890625 0.427777778125 0.8345679015625 0.40208333281249997 0.8345679015625 0.3763888890625 0.8345679015625 0.3763888890625 0.8888888890625 0.3763888890625 0.9432098765625 0.40208333281249997 0.9432098765625 0.427777778125 0.9432098765625