0 0.06510416718749999 0.2601851859375 0.06510416718749999 0.20648148125 0.06510416718749999 0.15277777812499999 0.0328125 0.15277777812499999 0.0005208328124999999 0.15277777812499999 0.0005208328124999999 0.20648148125 0.0005208328124999999 0.2601851859375 0.0328125 0.2601851859375 0.06510416718749999 0.2601851859375
3 0.2234375 0.5648148140625 0.2234375 0.4981481484375 0.2234375 0.43148148124999997 0.17421875 0.43148148124999997 0.125 0.43148148124999997 0.125 0.4981481484375 0.125 0.5648148140625 0.17421875 0.5648148140625 0.2234375 0.5648148140625
3 0.3848958328125 0.1620370375 0.3848958328125 0.11388888906250001 0.3848958328125 0.065740740625 0.3541666671875 0.065740740625 0.3234375 0.065740740625 0.3234375 0.11388888906250001 0.3234375 0.1620370375 0.3541666671875 0.1620370375 0.3848958328125 0.1620370375
3 0.41302083281249996 0.5074074078125 0.41302083281249996 0.4384259265625 0.41302083281249996 0.36944444375 0.3877604171875 0.36944444375 0.3625 0.36944444375 0.3625 0.4384259265625 0.3625 0.5074074078125 0.3877604171875 0.5074074078125 0.41302083281249996 0.5074074078125
3 0.34322916718749996 0.4388888890625 0.34322916718749996 0.3851851859375 0.34322916718749996 0.33148148125 0.31953125 0.33148148125 0.2958333328125 0.33148148125 0.2958333328125 0.3851851859375 0.2958333328125 0.4388888890625 0.31953125 0.4388888890625 0.34322916718749996 0.4388888890625
0 0.2796875 0.41203703750000004 0.2796875 0.3671296296875 0.2796875 0.322222221875 0.2513020828125 0.322222221875 0.22291666718749997 0.322222221875 0.22291666718749997 0.3671296296875 0.22291666718749997 0.41203703750000004 0.2513020828125 0.41203703750000004 0.2796875 0.41203703750000004
0 0.725 0.17314814843749998 0.725 0.1361111109375 0.725 0.0990740734375 0.703125 0.0990740734375 0.68125 0.0990740734375 0.68125 0.1361111109375 0.68125 0.17314814843749998 0.703125 0.17314814843749998 0.725 0.17314814843749998
0 0.49114583281249996 0.30648148124999997 0.49114583281249996 0.25740740781250004 0.49114583281249996 0.20833333281250002 0.46640625 0.20833333281250002 0.44166666718750003 0.20833333281250002 0.44166666718750003 0.25740740781250004 0.44166666718750003 0.30648148124999997 0.46640625 0.30648148124999997 0.49114583281249996 0.30648148124999997
2 0.3125 0.89351851875 0.3125 0.871759259375 0.3125 0.85 0.296875 0.85 0.28125 0.85 0.28125 0.871759259375 0.28125 0.89351851875 0.296875 0.89351851875 0.3125 0.89351851875
3 0.5515625 0.5481481484375 0.5515625 0.50555555625 0.5515625 0.46296296249999996 0.52265625 0.46296296249999996 0.49375 0.46296296249999996 0.49375 0.50555555625 0.49375 0.5481481484375 0.52265625 0.5481481484375 0.5515625 0.5481481484375
2 0.65 0.9166666671874999 0.65 0.8986111109375001 0.65 0.88055555625 0.6325520828125 0.88055555625 0.6151041671875 0.88055555625 0.6151041671875 0.8986111109375001 0.6151041671875 0.9166666671874999 0.6325520828125 0.9166666671874999 0.65 0.9166666671874999
2 0.6244791671875001 0.9444444437499999 0.6244791671875001 0.925 0.6244791671875001 0.9055555562500001 0.6091145828125 0.9055555562500001 0.59375 0.9055555562500001 0.59375 0.925 0.59375 0.9444444437499999 0.6091145828125 0.9444444437499999 0.6244791671875001 0.9444444437499999
3 0.9010416671874999 1 0.9010416671874999 0.9509259265625 0.9010416671874999 0.9018518515625 0.8666666671875 0.9018518515625 0.8322916671874999 0.9018518515625 0.8322916671874999 0.9509259265625 0.8322916671874999 1 0.8666666671875 1 0.9010416671874999 1
3 0.6661458328125 0.6824074078125 0.6661458328125 0.628703703125 0.6661458328125 0.575 0.6307291671875 0.575 0.5953125 0.575 0.5953125 0.628703703125 0.5953125 0.6824074078125 0.6307291671875 0.6824074078125 0.6661458328125 0.6824074078125
3 0.7598958328125 0.7490740734375 0.7598958328125 0.7009259265625001 0.7598958328125 0.652777778125 0.734375 0.652777778125 0.7088541671875 0.652777778125 0.7088541671875 0.7009259265625001 0.7088541671875 0.7490740734375 0.734375 0.7490740734375 0.7598958328125 0.7490740734375
3 0.5723958328125 1 0.5723958328125 0.9231481484374999 0.5723958328125 0.8462962968750001 0.5130208328125 0.8462962968750001 0.4536458328125 0.8462962968750001 0.4536458328125 0.9231481484374999 0.4536458328125 1 0.5130208328125 1 0.5723958328125 1