2 0.35555555625 0.16790123437499999 0.35555555625 0.1518518515625 0.35555555625 0.13580246875 0.34027777812500004 0.13580246875 0.325 0.13580246875 0.325 0.1518518515625 0.325 0.16790123437499999 0.34027777812500004 0.16790123437499999 0.35555555625 0.16790123437499999
2 0.26805555625 0.2197530859375 0.26805555625 0.1975308640625 0.26805555625 0.1753086421875 0.252777778125 0.1753086421875 0.2375 0.1753086421875 0.2375 0.1975308640625 0.2375 0.2197530859375 0.252777778125 0.2197530859375 0.26805555625 0.2197530859375
2 0.3888888890625 0.30123456718749997 0.3888888890625 0.2753086421875 0.3888888890625 0.249382715625 0.372222221875 0.249382715625 0.35555555625 0.249382715625 0.35555555625 0.2753086421875 0.35555555625 0.30123456718749997 0.372222221875 0.30123456718749997 0.3888888890625 0.30123456718749997
2 0.3166666671875 0.350617284375 0.3166666671875 0.330864196875 0.3166666671875 0.3111111109375 0.3013888890625 0.3111111109375 0.28611111093749997 0.3111111109375 0.28611111093749997 0.330864196875 0.28611111093749997 0.350617284375 0.3013888890625 0.350617284375 0.3166666671875 0.350617284375
2 0.6944444437499999 0.7382716046875 0.6944444437499999 0.7197530859375 0.6944444437499999 0.7012345671875 0.6826388890625 0.7012345671875 0.6708333328125 0.7012345671875 0.6708333328125 0.7197530859375 0.6708333328125 0.7382716046875 0.6826388890625 0.7382716046875 0.6944444437499999 0.7382716046875
0 0.47083333281249995 0.4469135796875 0.47083333281249995 0.39012345625 0.47083333281249995 0.3333333328125 0.4458333328125 0.3333333328125 0.42083333281249996 0.3333333328125 0.42083333281249996 0.39012345625 0.42083333281249996 0.4469135796875 0.4458333328125 0.4469135796875 0.47083333281249995 0.4469135796875
0 0.5486111109375 0.5209876546875 0.5486111109375 0.486419753125 0.5486111109375 0.45185185156249996 0.527777778125 0.45185185156249996 0.5069444437499999 0.45185185156249996 0.5069444437499999 0.486419753125 0.5069444437499999 0.5209876546875 0.527777778125 0.5209876546875 0.5486111109375 0.5209876546875
0 0.502777778125 0.6074074078125 0.502777778125 0.5419753093749999 0.502777778125 0.47654320937500005 0.48472222187499997 0.47654320937500005 0.46666666718750005 0.47654320937500005 0.46666666718750005 0.5419753093749999 0.46666666718750005 0.6074074078125 0.48472222187499997 0.6074074078125 0.502777778125 0.6074074078125
0 0.18194444375000002 0.8518518515625001 0.18194444375000002 0.8 0.18194444375000002 0.7481481484375 0.1395833328125 0.7481481484375 0.097222221875 0.7481481484375 0.097222221875 0.8 0.097222221875 0.8518518515625001 0.1395833328125 0.8518518515625001 0.18194444375000002 0.8518518515625001
0 0.20694444375 0.740740740625 0.20694444375 0.69012345625 0.20694444375 0.6395061734375 0.1513888890625 0.6395061734375 0.0958333328125 0.6395061734375 0.0958333328125 0.69012345625 0.0958333328125 0.740740740625 0.1513888890625 0.740740740625 0.20694444375 0.740740740625
0 0.3791666671875 0.9432098765625 0.3791666671875 0.9037037031249999 0.3791666671875 0.86419753125 0.3458333328125 0.86419753125 0.3125 0.86419753125 0.3125 0.9037037031249999 0.3125 0.9432098765625 0.3458333328125 0.9432098765625 0.3791666671875 0.9432098765625
0 0.425 0.7975308640625001 0.425 0.7617283953125 0.425 0.7259259265625 0.4 0.7259259265625 0.375 0.7259259265625 0.375 0.7617283953125 0.375 0.7975308640625001 0.4 0.7975308640625001 0.425 0.7975308640625001
0 0.4513888890625 0.6148148140624999 0.4513888890625 0.5753086421875 0.4513888890625 0.53580246875 0.43194444374999996 0.53580246875 0.4125 0.53580246875 0.4125 0.5753086421875 0.4125 0.6148148140624999 0.43194444374999996 0.6148148140624999 0.4513888890625 0.6148148140624999
0 0.48055555625 0.49629629687500004 0.48055555625 0.459259259375 0.48055555625 0.42222222187499997 0.459027778125 0.42222222187499997 0.4375 0.42222222187499997 0.4375 0.459259259375 0.4375 0.49629629687500004 0.459027778125 0.49629629687500004 0.48055555625 0.49629629687500004
0 0.5097222218749999 0.44197530937499996 0.5097222218749999 0.40987654375 0.5097222218749999 0.377777778125 0.4923611109375 0.377777778125 0.475 0.377777778125 0.475 0.40987654375 0.475 0.44197530937499996 0.4923611109375 0.44197530937499996 0.5097222218749999 0.44197530937499996
0 0.64305555625 0.395061728125 0.64305555625 0.35802469062500003 0.64305555625 0.3209876546875 0.61944444375 0.3209876546875 0.5958333328125 0.3209876546875 0.5958333328125 0.35802469062500003 0.5958333328125 0.395061728125 0.61944444375 0.395061728125 0.64305555625 0.395061728125
0 0.690277778125 0.5160493828125 0.690277778125 0.46543209843750005 0.690277778125 0.4148148140625 0.6576388890625 0.4148148140625 0.625 0.4148148140625 0.625 0.46543209843750005 0.625 0.5160493828125 0.6576388890625 0.5160493828125 0.690277778125 0.5160493828125
0 0.6569444437499999 0.7481481484375 0.6569444437499999 0.7012345671875 0.6569444437499999 0.6543209875 0.6256944437499999 0.6543209875 0.5944444437499999 0.6543209875 0.5944444437499999 0.7012345671875 0.5944444437499999 0.7481481484375 0.6256944437499999 0.7481481484375 0.6569444437499999 0.7481481484375
0 0.7986111109375 0.950617284375 0.7986111109375 0.896296296875 0.7986111109375 0.841975309375 0.7548611109375 0.841975309375 0.7111111109375 0.841975309375 0.7111111109375 0.896296296875 0.7111111109375 0.950617284375 0.7548611109375 0.950617284375 0.7986111109375 0.950617284375