3 0.7458333328125 0.6888888890625 0.7458333328125 0.649382715625 0.7458333328125 0.60987654375 0.725 0.60987654375 0.7041666671875 0.60987654375 0.7041666671875 0.649382715625 0.7041666671875 0.6888888890625 0.725 0.6888888890625 0.7458333328125 0.6888888890625
0 0.9013888890624999 0.8493827156249999 0.9013888890624999 0.8123456796875 0.9013888890624999 0.7753086421875001 0.8756944437499999 0.7753086421875001 0.85 0.7753086421875001 0.85 0.8123456796875 0.85 0.8493827156249999 0.8756944437499999 0.8493827156249999 0.9013888890624999 0.8493827156249999
0 0.8236111109375001 1 0.8236111109375001 0.9617283953125 0.8236111109375001 0.923456790625 0.80069444375 0.923456790625 0.777777778125 0.923456790625 0.777777778125 0.9617283953125 0.777777778125 1 0.80069444375 1 0.8236111109375001 1
0 0.1763888890625 0.177777778125 0.1763888890625 0.11604938281249999 0.1763888890625 0.054320987499999994 0.1354166671875 0.054320987499999994 0.09444444375 0.054320987499999994 0.09444444375 0.11604938281249999 0.09444444375 0.177777778125 0.1354166671875 0.177777778125 0.1763888890625 0.177777778125
0 0.24583333281250003 0.40493827187500003 0.24583333281250003 0.34444444375 0.24583333281250003 0.28395061718750003 0.21111111093749999 0.28395061718750003 0.1763888890625 0.28395061718750003 0.1763888890625 0.34444444375 0.1763888890625 0.40493827187500003 0.21111111093749999 0.40493827187500003 0.24583333281250003 0.40493827187500003
0 0.34722222187499996 0.5753086421875 0.34722222187499996 0.5271604937500001 0.34722222187499996 0.47901234531250003 0.3229166671875 0.47901234531250003 0.2986111109375 0.47901234531250003 0.2986111109375 0.5271604937500001 0.2986111109375 0.5753086421875 0.3229166671875 0.5753086421875 0.34722222187499996 0.5753086421875
0 0.5041666671875 0.9851851859374999 0.5041666671875 0.940740740625 0.5041666671875 0.896296296875 0.475 0.896296296875 0.4458333328125 0.896296296875 0.4458333328125 0.940740740625 0.4458333328125 0.9851851859374999 0.475 0.9851851859374999 0.5041666671875 0.9851851859374999
0 0.3361111109375 0.3111111109375 0.3361111109375 0.249382715625 0.3361111109375 0.1876543203125 0.3083333328125 0.1876543203125 0.28055555625 0.1876543203125 0.28055555625 0.249382715625 0.28055555625 0.3111111109375 0.3083333328125 0.3111111109375 0.3361111109375 0.3111111109375
0 0.50555555625 0.2716049375 0.50555555625 0.23456790156250001 0.50555555625 0.1975308640625 0.48402777812500003 0.1975308640625 0.4625 0.1975308640625 0.4625 0.23456790156250001 0.4625 0.2716049375 0.48402777812500003 0.2716049375 0.50555555625 0.2716049375
0 0.54305555625 0.5604938265625 0.54305555625 0.5148148140625 0.54305555625 0.46913580312500003 0.5201388890625 0.46913580312500003 0.497222221875 0.46913580312500003 0.497222221875 0.5148148140625 0.497222221875 0.5604938265625 0.5201388890625 0.5604938265625 0.54305555625 0.5604938265625
0 0.7416666671875001 0.5160493828125 0.7416666671875001 0.4802469140625 0.7416666671875001 0.44444444375 0.7208333328125 0.44444444375 0.7 0.44444444375 0.7 0.4802469140625 0.7 0.5160493828125 0.7208333328125 0.5160493828125 0.7416666671875001 0.5160493828125