3 0.76805555625 0.15555555625 0.76805555625 0.11604938281249999 0.76805555625 0.076543209375 0.7388888890625 0.076543209375 0.709722221875 0.076543209375 0.709722221875 0.11604938281249999 0.709722221875 0.15555555625 0.7388888890625 0.15555555625 0.76805555625 0.15555555625
3 0.76944444375 0.23209876562499998 0.76944444375 0.1975308640625 0.76944444375 0.1629629625 0.73680555625 0.1629629625 0.7041666671875 0.1629629625 0.7041666671875 0.1975308640625 0.7041666671875 0.23209876562499998 0.73680555625 0.23209876562499998 0.76944444375 0.23209876562499998
0 0.997222221875 0.10864197499999999 0.997222221875 0.06913580312499999 0.997222221875 0.0296296296875 0.9680555562500001 0.0296296296875 0.9388888890624999 0.0296296296875 0.9388888890624999 0.06913580312499999 0.9388888890624999 0.10864197499999999 0.9680555562500001 0.10864197499999999 0.997222221875 0.10864197499999999
0 0.7208333328125 0.091358025 0.7208333328125 0.0469135796875 0.7208333328125 0.0024691359375 0.690972221875 0.0024691359375 0.6611111109375 0.0024691359375 0.6611111109375 0.0469135796875 0.6611111109375 0.091358025 0.690972221875 0.091358025 0.7208333328125 0.091358025
0 0.5888888890625 0.3703703703125 0.5888888890625 0.3160493828125 0.5888888890625 0.2617283953125 0.5486111109375 0.2617283953125 0.5083333328124999 0.2617283953125 0.5083333328124999 0.3160493828125 0.5083333328124999 0.3703703703125 0.5486111109375 0.3703703703125 0.5888888890625 0.3703703703125
0 0.45416666718750004 0.31851851875000003 0.45416666718750004 0.2716049375 0.45416666718750004 0.2246913578125 0.427777778125 0.2246913578125 0.40138888906250003 0.2246913578125 0.40138888906250003 0.2716049375 0.40138888906250003 0.31851851875000003 0.427777778125 0.31851851875000003 0.45416666718750004 0.31851851875000003
0 0.2916666671875 0.2888888890625 0.2916666671875 0.25061728437499997 0.2916666671875 0.2123456796875 0.2645833328125 0.2123456796875 0.2375 0.2123456796875 0.2375 0.25061728437499997 0.2375 0.2888888890625 0.2645833328125 0.2888888890625 0.2916666671875 0.2888888890625
3 0.975 0.9160493828125 0.975 0.8543209875000001 0.975 0.7925925921875 0.9291666671875 0.7925925921875 0.8833333328125 0.7925925921875 0.8833333328125 0.8543209875000001 0.8833333328125 0.9160493828125 0.9291666671875 0.9160493828125 0.975 0.9160493828125
3 0.609722221875 0.9530864203125 0.609722221875 0.8975308640625 0.609722221875 0.841975309375 0.58125 0.841975309375 0.5527777781250001 0.841975309375 0.5527777781250001 0.8975308640625 0.5527777781250001 0.9530864203125 0.58125 0.9530864203125 0.609722221875 0.9530864203125
0 0.5069444437499999 0.8987654328125 0.5069444437499999 0.8222222218749999 0.5069444437499999 0.7456790125 0.459722221875 0.7456790125 0.4125 0.7456790125 0.4125 0.8222222218749999 0.4125 0.8987654328125 0.459722221875 0.8987654328125 0.5069444437499999 0.8987654328125
0 0.2138888890625 0.632098765625 0.2138888890625 0.5802469140625 0.2138888890625 0.5283950625 0.1826388890625 0.5283950625 0.1513888890625 0.5283950625 0.1513888890625 0.5802469140625 0.1513888890625 0.632098765625 0.1826388890625 0.632098765625 0.2138888890625 0.632098765625
1 0.33194444375 0.4 0.33194444375 0.34444444375 0.33194444375 0.2888888890625 0.2875 0.2888888890625 0.24305555625 0.2888888890625 0.24305555625 0.34444444375 0.24305555625 0.4 0.2875 0.4 0.33194444375 0.4