0 0.102777778125 0.11604938281249999 0.102777778125 0.06419753125 0.102777778125 0.0123456796875 0.07083333281250001 0.0123456796875 0.0388888890625 0.0123456796875 0.0388888890625 0.06419753125 0.0388888890625 0.11604938281249999 0.07083333281250001 0.11604938281249999 0.102777778125 0.11604938281249999
0 0.384722221875 0.5456790125000001 0.384722221875 0.477777778125 0.384722221875 0.40987654375 0.3423611109375 0.40987654375 0.3 0.40987654375 0.3 0.477777778125 0.3 0.5456790125000001 0.3423611109375 0.5456790125000001 0.384722221875 0.5456790125000001
1 0.1875 0.5555555562500001 0.1875 0.5061728390625 0.1875 0.45679012343750003 0.13125 0.45679012343750003 0.075 0.45679012343750003 0.075 0.5061728390625 0.075 0.5555555562500001 0.13125 0.5555555562500001 0.1875 0.5555555562500001
1 0.17361111093749998 0.2938271609375 0.17361111093749998 0.2530864203125 0.17361111093749998 0.2123456796875 0.12222222187500001 0.2123456796875 0.07083333281250001 0.2123456796875 0.07083333281250001 0.2530864203125 0.07083333281250001 0.2938271609375 0.12222222187500001 0.2938271609375 0.17361111093749998 0.2938271609375
1 0.1708333328125 0.23456790156250001 0.1708333328125 0.19012345625 0.1708333328125 0.14567901249999998 0.1270833328125 0.14567901249999998 0.08333333281250001 0.14567901249999998 0.08333333281250001 0.19012345625 0.08333333281250001 0.23456790156250001 0.1270833328125 0.23456790156250001 0.1708333328125 0.23456790156250001
1 0.372222221875 0.32592592656249997 0.372222221875 0.2851851859375 0.372222221875 0.24444444375000002 0.33194444375 0.24444444375000002 0.2916666671875 0.24444444375000002 0.2916666671875 0.2851851859375 0.2916666671875 0.32592592656249997 0.33194444375 0.32592592656249997 0.372222221875 0.32592592656249997
1 0.5875 0.8617283953125 0.5875 0.7753086421875001 0.5875 0.6888888890625 0.5319444437499999 0.6888888890625 0.4763888890625 0.6888888890625 0.4763888890625 0.7753086421875001 0.4763888890625 0.8617283953125 0.5319444437499999 0.8617283953125 0.5875 0.8617283953125
1 0.6638888890625 0.9481481484375 0.6638888890625 0.8567901234375 0.6638888890625 0.7654320984375 0.6145833328125 0.7654320984375 0.565277778125 0.7654320984375 0.565277778125 0.8567901234375 0.565277778125 0.9481481484375 0.6145833328125 0.9481481484375 0.6638888890625 0.9481481484375
1 0.58194444375 0.46913580312500003 0.58194444375 0.43827160468750004 0.58194444375 0.4074074078125 0.5486111109375 0.4074074078125 0.515277778125 0.4074074078125 0.515277778125 0.43827160468750004 0.515277778125 0.46913580312500003 0.5486111109375 0.46913580312500003 0.58194444375 0.46913580312500003
0 0.2833333328125 0.28395061718750003 0.2833333328125 0.2469135796875 0.2833333328125 0.20987654375 0.25694444375000003 0.20987654375 0.23055555625 0.20987654375 0.23055555625 0.2469135796875 0.23055555625 0.28395061718750003 0.25694444375000003 0.28395061718750003 0.2833333328125 0.28395061718750003
0 0.3611111109375 0.2518518515625 0.3611111109375 0.204938271875 0.3611111109375 0.158024690625 0.334027778125 0.158024690625 0.30694444375 0.158024690625 0.30694444375 0.204938271875 0.30694444375 0.2518518515625 0.334027778125 0.2518518515625 0.3611111109375 0.2518518515625
0 0.425 0.26419753125 0.425 0.2197530859375 0.425 0.1753086421875 0.40208333281249997 0.1753086421875 0.3791666671875 0.1753086421875 0.3791666671875 0.2197530859375 0.3791666671875 0.26419753125 0.40208333281249997 0.26419753125 0.425 0.26419753125
0 0.6291666671875 0.6839506171874999 0.6291666671875 0.61851851875 0.6291666671875 0.5530864203125 0.59375 0.5530864203125 0.5583333328125 0.5530864203125 0.5583333328125 0.61851851875 0.5583333328125 0.6839506171874999 0.59375 0.6839506171874999 0.6291666671875 0.6839506171874999
0 0.5763888890625 0.5333333328125 0.5763888890625 0.4876543203125 0.5763888890625 0.44197530937499996 0.5548611109375 0.44197530937499996 0.5333333328125 0.44197530937499996 0.5333333328125 0.4876543203125 0.5333333328125 0.5333333328125 0.5548611109375 0.5333333328125 0.5763888890625 0.5333333328125