1 0.20972222187499998 0.7703703703125 0.20972222187499998 0.6629629625 0.20972222187499998 0.5555555562500001 0.140972221875 0.5555555562500001 0.072222221875 0.5555555562500001 0.072222221875 0.6629629625 0.072222221875 0.7703703703125 0.140972221875 0.7703703703125 0.20972222187499998 0.7703703703125
1 0.352777778125 0.9160493828125 0.352777778125 0.8246913578124999 0.352777778125 0.7333333328125 0.26597222187499997 0.7333333328125 0.17916666718750002 0.7333333328125 0.17916666718750002 0.8246913578124999 0.17916666718750002 0.9160493828125 0.26597222187499997 0.9160493828125 0.352777778125 0.9160493828125
0 0.809722221875 0.2469135796875 0.809722221875 0.1888888890625 0.809722221875 0.130864196875 0.775 0.130864196875 0.7402777781250001 0.130864196875 0.7402777781250001 0.1888888890625 0.7402777781250001 0.2469135796875 0.775 0.2469135796875 0.809722221875 0.2469135796875
0 0.7861111109375 0.1703703703125 0.7861111109375 0.1148148140625 0.7861111109375 0.059259259375 0.75555555625 0.059259259375 0.725 0.059259259375 0.725 0.1148148140625 0.725 0.1703703703125 0.75555555625 0.1703703703125 0.7861111109375 0.1703703703125
0 0.8083333328125001 0.12098765468749999 0.8083333328125001 0.0703703703125 0.8083333328125001 0.0197530859375 0.7854166671875 0.0197530859375 0.7625 0.0197530859375 0.7625 0.0703703703125 0.7625 0.12098765468749999 0.7854166671875 0.12098765468749999 0.8083333328125001 0.12098765468749999
1 0.425 0.9604938265625 0.425 0.8716049375000001 0.425 0.78271605 0.39791666718749996 0.78271605 0.3708333328125 0.78271605 0.3708333328125 0.8716049375000001 0.3708333328125 0.9604938265625 0.39791666718749996 0.9604938265625 0.425 0.9604938265625
3 0.3083333328125 0.540740740625 0.3083333328125 0.4296296296875 0.3083333328125 0.31851851875000003 0.2541666671875 0.31851851875000003 0.2 0.31851851875000003 0.2 0.4296296296875 0.2 0.540740740625 0.2541666671875 0.540740740625 0.3083333328125 0.540740740625
0 0.47083333281249995 0.6395061734375 0.47083333281249995 0.5419753093749999 0.47083333281249995 0.44444444375 0.4166666671875 0.44444444375 0.3625 0.44444444375 0.3625 0.5419753093749999 0.3625 0.6395061734375 0.4166666671875 0.6395061734375 0.47083333281249995 0.6395061734375
0 0.397222221875 0.730864196875 0.397222221875 0.64444444375 0.397222221875 0.558024690625 0.346527778125 0.558024690625 0.2958333328125 0.558024690625 0.2958333328125 0.64444444375 0.2958333328125 0.730864196875 0.346527778125 0.730864196875 0.397222221875 0.730864196875
0 0.3736111109375 0.550617284375 0.3736111109375 0.47901234531250003 0.3736111109375 0.4074074078125 0.32777777812500003 0.4074074078125 0.28194444375 0.4074074078125 0.28194444375 0.47901234531250003 0.28194444375 0.550617284375 0.32777777812500003 0.550617284375 0.3736111109375 0.550617284375
0 0.40833333281249995 0.41728395 0.40833333281249995 0.3209876546875 0.40833333281249995 0.2246913578125 0.3548611109375 0.2246913578125 0.3013888890625 0.2246913578125 0.3013888890625 0.3209876546875 0.3013888890625 0.41728395 0.3548611109375 0.41728395 0.40833333281249995 0.41728395
0 0.1708333328125 0.523456790625 0.1708333328125 0.45185185156249996 0.1708333328125 0.3802469140625 0.1263888890625 0.3802469140625 0.08194444375 0.3802469140625 0.08194444375 0.45185185156249996 0.08194444375 0.523456790625 0.1263888890625 0.523456790625 0.1708333328125 0.523456790625
0 0.16944444375 0.3703703703125 0.16944444375 0.2790123453125 0.16944444375 0.1876543203125 0.09444444375 0.1876543203125 0.019444443750000002 0.1876543203125 0.019444443750000002 0.2790123453125 0.019444443750000002 0.3703703703125 0.09444444375 0.3703703703125 0.16944444375 0.3703703703125
0 0.06805555625000001 0.47407407343749997 0.06805555625000001 0.367901234375 0.06805555625000001 0.2617283953125 0.034722221875 0.2617283953125 0.0013888890625 0.2617283953125 0.0013888890625 0.367901234375 0.0013888890625 0.47407407343749997 0.034722221875 0.47407407343749997 0.06805555625000001 0.47407407343749997
3 0.6152777781250001 0.459259259375 0.6152777781250001 0.38271605000000003 0.6152777781250001 0.3061728390625 0.584722221875 0.3061728390625 0.5541666671875001 0.3061728390625 0.5541666671875001 0.38271605000000003 0.5541666671875001 0.459259259375 0.584722221875 0.459259259375 0.6152777781250001 0.459259259375
0 0.8708333328125001 0.5925925921874999 0.8708333328125001 0.5530864203125 0.8708333328125001 0.5135802468749999 0.8486111109375001 0.5135802468749999 0.8263888890625 0.5135802468749999 0.8263888890625 0.5530864203125 0.8263888890625 0.5925925921874999 0.8486111109375001 0.5925925921874999 0.8708333328125001 0.5925925921874999