1 0.3875 0.204938271875 0.3875 0.1666666671875 0.3875 0.1283950625 0.353472221875 0.1283950625 0.31944444375000003 0.1283950625 0.31944444375000003 0.1666666671875 0.31944444375000003 0.204938271875 0.353472221875 0.204938271875 0.3875 0.204938271875
0 0.547222221875 0.8246913578124999 0.547222221875 0.75555555625 0.547222221875 0.686419753125 0.5125 0.686419753125 0.477777778125 0.686419753125 0.477777778125 0.75555555625 0.477777778125 0.8246913578124999 0.5125 0.8246913578124999 0.547222221875 0.8246913578124999
0 0.5513888890625 0.5876543203125 0.5513888890625 0.5160493828125 0.5513888890625 0.44444444375 0.503472221875 0.44444444375 0.45555555625000005 0.44444444375 0.45555555625000005 0.5160493828125 0.45555555625000005 0.5876543203125 0.503472221875 0.5876543203125 0.5513888890625 0.5876543203125
0 0.5458333328125 0.3061728390625 0.5458333328125 0.2604938265625 0.5458333328125 0.2148148140625 0.5215277781250001 0.2148148140625 0.497222221875 0.2148148140625 0.497222221875 0.2604938265625 0.497222221875 0.3061728390625 0.5215277781250001 0.3061728390625 0.5458333328125 0.3061728390625
0 0.6972222218749999 0.3456790125 0.6972222218749999 0.308641975 0.6972222218749999 0.2716049375 0.67430555625 0.2716049375 0.6513888890625 0.2716049375 0.6513888890625 0.308641975 0.6513888890625 0.3456790125 0.67430555625 0.3456790125 0.6972222218749999 0.3456790125
0 0.66805555625 0.286419753125 0.66805555625 0.2530864203125 0.66805555625 0.2197530859375 0.6465277781250001 0.2197530859375 0.625 0.2197530859375 0.625 0.2530864203125 0.625 0.286419753125 0.6465277781250001 0.286419753125 0.66805555625 0.286419753125
0 0.5333333328125 0.13333333281249998 0.5333333328125 0.0987654328125 0.5333333328125 0.06419753125 0.515972221875 0.06419753125 0.4986111109375 0.06419753125 0.4986111109375 0.0987654328125 0.4986111109375 0.13333333281249998 0.515972221875 0.13333333281249998 0.5333333328125 0.13333333281249998
0 0.49444444374999996 0.130864196875 0.49444444374999996 0.09629629687499999 0.49444444374999996 0.061728395312499997 0.475 0.061728395312499997 0.45555555625000005 0.061728395312499997 0.45555555625000005 0.09629629687499999 0.45555555625000005 0.130864196875 0.475 0.130864196875 0.49444444374999996 0.130864196875
0 0.4513888890625 0.1629629625 0.4513888890625 0.1345679015625 0.4513888890625 0.1061728390625 0.4361111109375 0.1061728390625 0.42083333281249996 0.1061728390625 0.42083333281249996 0.1345679015625 0.42083333281249996 0.1629629625 0.4361111109375 0.1629629625 0.4513888890625 0.1629629625
0 0.315277778125 0.10123456718749999 0.315277778125 0.0629629625 0.315277778125 0.024691357812500002 0.2916666671875 0.024691357812500002 0.26805555625 0.024691357812500002 0.26805555625 0.0629629625 0.26805555625 0.10123456718749999 0.2916666671875 0.10123456718749999 0.315277778125 0.10123456718749999
0 0.22777777812500002 0.30123456718749997 0.22777777812500002 0.25555555625 0.22777777812500002 0.20987654375 0.197222221875 0.20987654375 0.1666666671875 0.20987654375 0.1666666671875 0.25555555625 0.1666666671875 0.30123456718749997 0.197222221875 0.30123456718749997 0.22777777812500002 0.30123456718749997