1 0.3513888890625 0.1876543203125 0.3513888890625 0.150617284375 0.3513888890625 0.11358024687499998 0.30694444375 0.11358024687499998 0.2625 0.11358024687499998 0.2625 0.150617284375 0.2625 0.1876543203125 0.30694444375 0.1876543203125 0.3513888890625 0.1876543203125
0 0.125 0.4370370375 0.125 0.3432098765625 0.125 0.249382715625 0.06319444375 0.249382715625 0.0013888890625 0.249382715625 0.0013888890625 0.3432098765625 0.0013888890625 0.4370370375 0.06319444375 0.4370370375 0.125 0.4370370375
0 0.20555555625 0.1851851859375 0.20555555625 0.11851851875 0.20555555625 0.051851851562499995 0.1604166671875 0.051851851562499995 0.115277778125 0.051851851562499995 0.115277778125 0.11851851875 0.115277778125 0.1851851859375 0.1604166671875 0.1851851859375 0.20555555625 0.1851851859375
0 0.42083333281249996 1 0.42083333281249996 0.9111111109375001 0.42083333281249996 0.8222222218749999 0.365972221875 0.8222222218749999 0.3111111109375 0.8222222218749999 0.3111111109375 0.9111111109375001 0.3111111109375 1 0.365972221875 1 0.42083333281249996 1
0 0.45416666718750004 0.7975308640625001 0.45416666718750004 0.7123456796875 0.45416666718750004 0.62716049375 0.40625 0.62716049375 0.3583333328125 0.62716049375 0.3583333328125 0.7123456796875 0.3583333328125 0.7975308640625001 0.40625 0.7975308640625001 0.45416666718750004 0.7975308640625001
0 0.5944444437499999 0.713580246875 0.5944444437499999 0.6518518515625 0.5944444437499999 0.59012345625 0.559722221875 0.59012345625 0.525 0.59012345625 0.525 0.6518518515625 0.525 0.713580246875 0.559722221875 0.713580246875 0.5944444437499999 0.713580246875
0 0.609722221875 0.6518518515625 0.609722221875 0.5962962968750001 0.609722221875 0.540740740625 0.58194444375 0.540740740625 0.5541666671875001 0.540740740625 0.5541666671875001 0.5962962968750001 0.5541666671875001 0.6518518515625 0.58194444375 0.6518518515625 0.609722221875 0.6518518515625
0 0.6375 0.5135802468749999 0.6375 0.46296296249999996 0.6375 0.41234567968749997 0.609722221875 0.41234567968749997 0.58194444375 0.41234567968749997 0.58194444375 0.46296296249999996 0.58194444375 0.5135802468749999 0.609722221875 0.5135802468749999 0.6375 0.5135802468749999
0 0.6236111109375 0.42716049375000004 0.6236111109375 0.386419753125 0.6236111109375 0.3456790125 0.6 0.3456790125 0.5763888890625 0.3456790125 0.5763888890625 0.386419753125 0.5763888890625 0.42716049375000004 0.6 0.42716049375000004 0.6236111109375 0.42716049375000004
0 0.5625 0.32592592656249997 0.5625 0.2888888890625 0.5625 0.2518518515625 0.5388888890625 0.2518518515625 0.515277778125 0.2518518515625 0.515277778125 0.2888888890625 0.515277778125 0.32592592656249997 0.5388888890625 0.32592592656249997 0.5625 0.32592592656249997
0 0.4791666671875 0.22716049374999997 0.4791666671875 0.1975308640625 0.4791666671875 0.16790123437499999 0.4625 0.16790123437499999 0.4458333328125 0.16790123437499999 0.4458333328125 0.1975308640625 0.4458333328125 0.22716049374999997 0.4625 0.22716049374999997 0.4791666671875 0.22716049374999997
0 0.48333333281249996 0.18024691406249999 0.48333333281249996 0.14444444375 0.48333333281249996 0.10864197499999999 0.46527777812500004 0.10864197499999999 0.447222221875 0.10864197499999999 0.447222221875 0.14444444375 0.447222221875 0.18024691406249999 0.46527777812500004 0.18024691406249999 0.48333333281249996 0.18024691406249999