0 0.6138888890625 0.44197530937499996 0.6138888890625 0.386419753125 0.6138888890625 0.330864196875 0.58194444375 0.330864196875 0.55 0.330864196875 0.55 0.386419753125 0.55 0.44197530937499996 0.58194444375 0.44197530937499996 0.6138888890625 0.44197530937499996
0 0.590277778125 0.4987654328125 0.590277778125 0.4456790125 0.590277778125 0.3925925921875 0.5583333328125 0.3925925921875 0.5263888890625 0.3925925921875 0.5263888890625 0.4456790125 0.5263888890625 0.4987654328125 0.5583333328125 0.4987654328125 0.590277778125 0.4987654328125
0 0.5305555562500001 0.4370370375 0.5305555562500001 0.38765432031249997 0.5305555562500001 0.3382716046875 0.50555555625 0.3382716046875 0.48055555625 0.3382716046875 0.48055555625 0.38765432031249997 0.48055555625 0.4370370375 0.50555555625 0.4370370375 0.5305555562500001 0.4370370375
0 0.490277778125 0.4370370375 0.490277778125 0.3925925921875 0.490277778125 0.3481481484375 0.46388888906250003 0.3481481484375 0.4375 0.3481481484375 0.4375 0.3925925921875 0.4375 0.4370370375 0.46388888906250003 0.4370370375 0.490277778125 0.4370370375
0 0.5833333328125 0.3432098765625 0.5833333328125 0.296296296875 0.5833333328125 0.249382715625 0.5604166671875 0.249382715625 0.5375 0.249382715625 0.5375 0.296296296875 0.5375 0.3432098765625 0.5604166671875 0.3432098765625 0.5833333328125 0.3432098765625
0 0.622222221875 0.29135802499999996 0.622222221875 0.249382715625 0.622222221875 0.20740740781250003 0.5979166671875 0.20740740781250003 0.5736111109375 0.20740740781250003 0.5736111109375 0.249382715625 0.5736111109375 0.29135802499999996 0.5979166671875 0.29135802499999996 0.622222221875 0.29135802499999996
0 0.5555555562500001 0.22716049374999997 0.5555555562500001 0.19135802500000001 0.5555555562500001 0.15555555625 0.5319444437499999 0.15555555625 0.5083333328124999 0.15555555625 0.5083333328124999 0.19135802500000001 0.5083333328124999 0.22716049374999997 0.5319444437499999 0.22716049374999997 0.5555555562500001 0.22716049374999997
0 0.42083333281249996 0.4370370375 0.42083333281249996 0.39382716093750003 0.42083333281249996 0.350617284375 0.3923611109375 0.350617284375 0.3638888890625 0.350617284375 0.3638888890625 0.39382716093750003 0.3638888890625 0.4370370375 0.3923611109375 0.4370370375 0.42083333281249996 0.4370370375
0 0.24444444375000002 0.61728395 0.24444444375000002 0.5641975312499999 0.24444444375000002 0.5111111109375 0.20972222187499998 0.5111111109375 0.175 0.5111111109375 0.175 0.5641975312499999 0.175 0.61728395 0.20972222187499998 0.61728395 0.24444444375000002 0.61728395
0 0.427777778125 0.18024691406249999 0.427777778125 0.1543209875 0.427777778125 0.1283950625 0.40208333281249997 0.1283950625 0.3763888890625 0.1283950625 0.3763888890625 0.1543209875 0.3763888890625 0.18024691406249999 0.40208333281249997 0.18024691406249999 0.427777778125 0.18024691406249999
0 0.7486111109375 0.269135803125 0.7486111109375 0.21728394999999998 0.7486111109375 0.1654320984375 0.7090277781250001 0.1654320984375 0.66944444375 0.1654320984375 0.66944444375 0.21728394999999998 0.66944444375 0.269135803125 0.7090277781250001 0.269135803125 0.7486111109375 0.269135803125
0 0.95 0.9111111109375001 0.95 0.8123456796875 0.95 0.713580246875 0.8743055562500001 0.713580246875 0.7986111109375 0.713580246875 0.7986111109375 0.8123456796875 0.7986111109375 0.9111111109375001 0.8743055562500001 0.9111111109375001 0.95 0.9111111109375001
0 0.17916666718750002 1 0.17916666718750002 0.9135802468750001 0.17916666718750002 0.8271604937499999 0.11180555625 0.8271604937499999 0.04444444375 0.8271604937499999 0.04444444375 0.9135802468750001 0.04444444375 1 0.11180555625 1 0.17916666718750002 1