0 0.3013888890625 0.6543209875 0.3013888890625 0.6160493828125 0.3013888890625 0.577777778125 0.28194444375 0.577777778125 0.2625 0.577777778125 0.2625 0.6160493828125 0.2625 0.6543209875 0.28194444375 0.6543209875 0.3013888890625 0.6543209875
0 0.3375 0.696296296875 0.3375 0.6629629625 0.3375 0.6296296296875 0.3145833328125 0.6296296296875 0.2916666671875 0.6296296296875 0.2916666671875 0.6629629625 0.2916666671875 0.696296296875 0.3145833328125 0.696296296875 0.3375 0.696296296875
0 0.18055555625 0.5629629625 0.18055555625 0.5333333328125 0.18055555625 0.503703703125 0.1625 0.503703703125 0.14444444375 0.503703703125 0.14444444375 0.5333333328125 0.14444444375 0.5629629625 0.1625 0.5629629625 0.18055555625 0.5629629625
0 0.2166666671875 0.6740740734374999 0.2166666671875 0.6469135796875001 0.2166666671875 0.6197530859375 0.20138888906250002 0.6197530859375 0.1861111109375 0.6197530859375 0.1861111109375 0.6469135796875001 0.1861111109375 0.6740740734374999 0.20138888906250002 0.6740740734374999 0.2166666671875 0.6740740734374999
0 0.4388888890625 0.6345679015625 0.4388888890625 0.60987654375 0.4388888890625 0.5851851859375 0.42222222187499997 0.5851851859375 0.40555555625000006 0.5851851859375 0.40555555625000006 0.60987654375 0.40555555625000006 0.6345679015625 0.42222222187499997 0.6345679015625 0.4388888890625 0.6345679015625
0 0.415277778125 0.45185185156249996 0.415277778125 0.43333333281249997 0.415277778125 0.4148148140625 0.4 0.4148148140625 0.384722221875 0.4148148140625 0.384722221875 0.43333333281249997 0.384722221875 0.45185185156249996 0.4 0.45185185156249996 0.415277778125 0.45185185156249996
0 0.8361111109375001 0.6123456796875 0.8361111109375001 0.57283950625 0.8361111109375001 0.5333333328125 0.8131944437499999 0.5333333328125 0.790277778125 0.5333333328125 0.790277778125 0.57283950625 0.790277778125 0.6123456796875 0.8131944437499999 0.6123456796875 0.8361111109375001 0.6123456796875
0 0.8888888890625 0.777777778125 0.8888888890625 0.73580246875 0.8888888890625 0.6938271609375 0.865972221875 0.6938271609375 0.8430555562500001 0.6938271609375 0.8430555562500001 0.73580246875 0.8430555562500001 0.777777778125 0.865972221875 0.777777778125 0.8888888890625 0.777777778125
0 0.75 0.86419753125 0.75 0.823456790625 0.75 0.78271605 0.7284722218749999 0.78271605 0.70694444375 0.78271605 0.70694444375 0.823456790625 0.70694444375 0.86419753125 0.7284722218749999 0.86419753125 0.75 0.86419753125
0 0.66944444375 0.91851851875 0.66944444375 0.8716049375000001 0.66944444375 0.8246913578124999 0.65069444375 0.8246913578124999 0.6319444437499999 0.8246913578124999 0.6319444437499999 0.8716049375000001 0.6319444437499999 0.91851851875 0.65069444375 0.91851851875 0.66944444375 0.91851851875
0 0.3 0.8345679015625 0.3 0.7814814812499999 0.3 0.7283950625 0.26597222187499997 0.7283950625 0.23194444375 0.7283950625 0.23194444375 0.7814814812499999 0.23194444375 0.8345679015625 0.26597222187499997 0.8345679015625 0.3 0.8345679015625