3 0.5013888890625 0.9308641968750001 0.5013888890625 0.8790123453125 0.5013888890625 0.8271604937499999 0.477777778125 0.8271604937499999 0.45416666718750004 0.8271604937499999 0.45416666718750004 0.8790123453125 0.45416666718750004 0.9308641968750001 0.477777778125 0.9308641968750001 0.5013888890625 0.9308641968750001
0 0.9444444437499999 0.0987654328125 0.9444444437499999 0.050617284375 0.9444444437499999 0.0024691359375 0.909027778125 0.0024691359375 0.8736111109375001 0.0024691359375 0.8736111109375001 0.050617284375 0.8736111109375001 0.0987654328125 0.909027778125 0.0987654328125 0.9444444437499999 0.0987654328125
0 0.7763888890625 0.2395061734375 0.7763888890625 0.2 0.7763888890625 0.1604938265625 0.752777778125 0.1604938265625 0.7291666671875 0.1604938265625 0.7291666671875 0.2 0.7291666671875 0.2395061734375 0.752777778125 0.2395061734375 0.7763888890625 0.2395061734375
0 0.8055555562500001 0.3753086421875 0.8055555562500001 0.32716049375 0.8055555562500001 0.2790123453125 0.775 0.2790123453125 0.74444444375 0.2790123453125 0.74444444375 0.32716049375 0.74444444375 0.3753086421875 0.775 0.3753086421875 0.8055555562500001 0.3753086421875
3 0.6944444437499999 0.45432098749999994 0.6944444437499999 0.408641975 0.6944444437499999 0.36296296250000004 0.66944444375 0.36296296250000004 0.64444444375 0.36296296250000004 0.64444444375 0.408641975 0.64444444375 0.45432098749999994 0.66944444375 0.45432098749999994 0.6944444437499999 0.45432098749999994
3 0.8208333328125 0.64444444375 0.8208333328125 0.5925925921874999 0.8208333328125 0.540740740625 0.7909722218749999 0.540740740625 0.7611111109375 0.540740740625 0.7611111109375 0.5925925921874999 0.7611111109375 0.64444444375 0.7909722218749999 0.64444444375 0.8208333328125 0.64444444375
3 0.9138888890624999 0.6469135796875001 0.9138888890624999 0.586419753125 0.9138888890624999 0.5259259265625 0.8756944437499999 0.5259259265625 0.8375 0.5259259265625 0.8375 0.586419753125 0.8375 0.6469135796875001 0.8756944437499999 0.6469135796875001 0.9138888890624999 0.6469135796875001
3 0.797222221875 0.950617284375 0.797222221875 0.8765432093750001 0.797222221875 0.8024691359375 0.75625 0.8024691359375 0.715277778125 0.8024691359375 0.715277778125 0.8765432093750001 0.715277778125 0.950617284375 0.75625 0.950617284375 0.797222221875 0.950617284375
3 0.70694444375 0.8320987656250001 0.70694444375 0.767901234375 0.70694444375 0.703703703125 0.6777777781250001 0.703703703125 0.6486111109375 0.703703703125 0.6486111109375 0.767901234375 0.6486111109375 0.8320987656250001 0.6777777781250001 0.8320987656250001 0.70694444375 0.8320987656250001
0 0.6263888890625 0.8370370375 0.6263888890625 0.7888888890625 0.6263888890625 0.740740740625 0.6020833328124999 0.740740740625 0.577777778125 0.740740740625 0.577777778125 0.7888888890625 0.577777778125 0.8370370375 0.6020833328124999 0.8370370375 0.6263888890625 0.8370370375
0 0.5736111109375 0.7654320984375 0.5736111109375 0.7160493828125001 0.5736111109375 0.6666666671875 0.5520833328125 0.6666666671875 0.5305555562500001 0.6666666671875 0.5305555562500001 0.7160493828125001 0.5305555562500001 0.7654320984375 0.5520833328125 0.7654320984375 0.5736111109375 0.7654320984375
0 0.13194444375 0.8370370375 0.13194444375 0.7839506171874999 0.13194444375 0.730864196875 0.09930555625000001 0.730864196875 0.0666666671875 0.730864196875 0.0666666671875 0.7839506171874999 0.0666666671875 0.8370370375 0.09930555625000001 0.8370370375 0.13194444375 0.8370370375