0 0.8486111109375001 0.723456790625 0.8486111109375001 0.6851851859375 0.8486111109375001 0.6469135796875001 0.8263888890625 0.6469135796875001 0.8041666671875 0.6469135796875001 0.8041666671875 0.6851851859375 0.8041666671875 0.723456790625 0.8263888890625 0.723456790625 0.8486111109375001 0.723456790625
0 0.8541666671874999 0.8246913578124999 0.8541666671874999 0.7802469140625 0.8541666671874999 0.73580246875 0.83125 0.73580246875 0.8083333328125001 0.73580246875 0.8083333328125001 0.7802469140625 0.8083333328125001 0.8246913578124999 0.83125 0.8246913578124999 0.8541666671874999 0.8246913578124999
0 0.9375 0.758024690625 0.9375 0.7246913578124999 0.9375 0.691358025 0.9159722218749999 0.691358025 0.89444444375 0.691358025 0.89444444375 0.7246913578124999 0.89444444375 0.758024690625 0.9159722218749999 0.758024690625 0.9375 0.758024690625
0 0.70694444375 0.604938271875 0.70694444375 0.5740740734374999 0.70694444375 0.5432098765625 0.6854166671875 0.5432098765625 0.6638888890625 0.5432098765625 0.6638888890625 0.5740740734374999 0.6638888890625 0.604938271875 0.6854166671875 0.604938271875 0.70694444375 0.604938271875
0 0.5916666671875 0.377777778125 0.5916666671875 0.349382715625 0.5916666671875 0.3209876546875 0.578472221875 0.3209876546875 0.565277778125 0.3209876546875 0.565277778125 0.349382715625 0.565277778125 0.377777778125 0.578472221875 0.377777778125 0.5916666671875 0.377777778125
0 0.5208333328125 0.48148148125 0.5208333328125 0.4469135796875 0.5208333328125 0.41234567968749997 0.4986111109375 0.41234567968749997 0.4763888890625 0.41234567968749997 0.4763888890625 0.4469135796875 0.4763888890625 0.48148148125 0.4986111109375 0.48148148125 0.5208333328125 0.48148148125
0 0.36666666718749996 0.303703703125 0.36666666718749996 0.2740740734375 0.36666666718749996 0.24444444375000002 0.35069444375000003 0.24444444375000002 0.334722221875 0.24444444375000002 0.334722221875 0.2740740734375 0.334722221875 0.303703703125 0.35069444375000003 0.303703703125 0.36666666718749996 0.303703703125
0 0.3875 0.3703703703125 0.3875 0.33703703749999997 0.3875 0.303703703125 0.36666666718749996 0.303703703125 0.3458333328125 0.303703703125 0.3458333328125 0.33703703749999997 0.3458333328125 0.3703703703125 0.36666666718749996 0.3703703703125 0.3875 0.3703703703125
0 0.23333333281250002 0.604938271875 0.23333333281250002 0.5654320984375001 0.23333333281250002 0.5259259265625 0.1979166671875 0.5259259265625 0.1625 0.5259259265625 0.1625 0.5654320984375001 0.1625 0.604938271875 0.1979166671875 0.604938271875 0.23333333281250002 0.604938271875
0 0.3763888890625 0.550617284375 0.3763888890625 0.5074074078125 0.3763888890625 0.46419753124999996 0.35 0.46419753124999996 0.3236111109375 0.46419753124999996 0.3236111109375 0.5074074078125 0.3236111109375 0.550617284375 0.35 0.550617284375 0.3763888890625 0.550617284375
0 0.4763888890625 0.8123456796875 0.4763888890625 0.7567901234375001 0.4763888890625 0.7012345671875 0.44375 0.7012345671875 0.41111111093749997 0.7012345671875 0.41111111093749997 0.7567901234375001 0.41111111093749997 0.8123456796875 0.44375 0.8123456796875 0.4763888890625 0.8123456796875
3 0.765277778125 0.977777778125 0.765277778125 0.932098765625 0.765277778125 0.886419753125 0.7361111109375 0.886419753125 0.70694444375 0.886419753125 0.70694444375 0.932098765625 0.70694444375 0.977777778125 0.7361111109375 0.977777778125 0.765277778125 0.977777778125
3 0.64305555625 0.995061728125 0.64305555625 0.9345679015625 0.64305555625 0.8740740734375001 0.6048611109375 0.8740740734375001 0.5666666671875 0.8740740734375001 0.5666666671875 0.9345679015625 0.5666666671875 0.995061728125 0.6048611109375 0.995061728125 0.64305555625 0.995061728125
0 0.5791666671875 0.9851851859374999 0.5791666671875 0.9296296296875 0.5791666671875 0.8740740734375001 0.5451388890625 0.8740740734375001 0.5111111109375 0.8740740734375001 0.5111111109375 0.9296296296875 0.5111111109375 0.9851851859374999 0.5451388890625 0.9851851859374999 0.5791666671875 0.9851851859374999
0 0.20555555625 1 0.20555555625 0.97283950625 0.20555555625 0.9456790125 0.17013888906250002 0.9456790125 0.134722221875 0.9456790125 0.134722221875 0.97283950625 0.134722221875 1 0.17013888906250002 1 0.20555555625 1