0 0.6861111109375 0.051851851562499995 0.6861111109375 0.027160493749999997 0.6861111109375 0.0024691359375 0.6583333328125 0.0024691359375 0.63055555625 0.0024691359375 0.63055555625 0.027160493749999997 0.63055555625 0.051851851562499995 0.6583333328125 0.051851851562499995 0.6861111109375 0.051851851562499995
0 0.70694444375 0.0938271609375 0.70694444375 0.0666666671875 0.70694444375 0.0395061734375 0.6888888890625 0.0395061734375 0.6708333328125 0.0395061734375 0.6708333328125 0.0666666671875 0.6708333328125 0.0938271609375 0.6888888890625 0.0938271609375 0.70694444375 0.0938271609375
0 0.66944444375 0.1382716046875 0.66944444375 0.0987654328125 0.66944444375 0.059259259375 0.6458333328125 0.059259259375 0.622222221875 0.059259259375 0.622222221875 0.0987654328125 0.622222221875 0.1382716046875 0.6458333328125 0.1382716046875 0.66944444375 0.1382716046875
0 0.6986111109375 0.18024691406249999 0.6986111109375 0.1432098765625 0.6986111109375 0.1061728390625 0.6791666671875001 0.1061728390625 0.659722221875 0.1061728390625 0.659722221875 0.1432098765625 0.659722221875 0.18024691406249999 0.6791666671875001 0.18024691406249999 0.6986111109375 0.18024691406249999
0 0.70694444375 0.2296296296875 0.70694444375 0.19382716093750002 0.70694444375 0.158024690625 0.684027778125 0.158024690625 0.6611111109375 0.158024690625 0.6611111109375 0.19382716093750002 0.6611111109375 0.2296296296875 0.684027778125 0.2296296296875 0.70694444375 0.2296296296875
0 0.7333333328125 0.2888888890625 0.7333333328125 0.2530864203125 0.7333333328125 0.21728394999999998 0.7118055562500001 0.21728394999999998 0.690277778125 0.21728394999999998 0.690277778125 0.2530864203125 0.690277778125 0.2888888890625 0.7118055562500001 0.2888888890625 0.7333333328125 0.2888888890625
0 0.7666666671875 0.3654320984375 0.7666666671875 0.30987654375 0.7666666671875 0.2543209875 0.7354166671875 0.2543209875 0.7041666671875 0.2543209875 0.7041666671875 0.30987654375 0.7041666671875 0.3654320984375 0.7354166671875 0.3654320984375 0.7666666671875 0.3654320984375
1 0.6458333328125 1 0.6458333328125 0.92716049375 0.6458333328125 0.8543209875000001 0.61319444375 0.8543209875000001 0.58055555625 0.8543209875000001 0.58055555625 0.92716049375 0.58055555625 1 0.61319444375 1 0.6458333328125 1
0 0.7791666671875 1 0.7791666671875 0.9629629625 0.7791666671875 0.9259259265625 0.7430555562500001 0.9259259265625 0.70694444375 0.9259259265625 0.70694444375 0.9629629625 0.70694444375 1 0.7430555562500001 1 0.7791666671875 1
0 0.840277778125 0.59012345625 0.840277778125 0.532098765625 0.840277778125 0.47407407343749997 0.8083333328125001 0.47407407343749997 0.7763888890625 0.47407407343749997 0.7763888890625 0.532098765625 0.7763888890625 0.59012345625 0.8083333328125001 0.59012345625 0.840277778125 0.59012345625
0 0.859722221875 0.78271605 0.859722221875 0.7024691359374999 0.859722221875 0.622222221875 0.815277778125 0.622222221875 0.7708333328125 0.622222221875 0.7708333328125 0.7024691359374999 0.7708333328125 0.78271605 0.815277778125 0.78271605 0.859722221875 0.78271605