0 0.3166666671875 0.5925925921874999 0.3166666671875 0.5555555562500001 0.3166666671875 0.51851851875 0.29305555625 0.51851851875 0.26944444375 0.51851851875 0.26944444375 0.5555555562500001 0.26944444375 0.5925925921874999 0.29305555625 0.5925925921874999 0.3166666671875 0.5925925921874999
0 0.39027777812500003 0.5950617281249999 0.39027777812500003 0.550617284375 0.39027777812500003 0.5061728390625 0.3673611109375 0.5061728390625 0.34444444375 0.5061728390625 0.34444444375 0.550617284375 0.34444444375 0.5950617281249999 0.3673611109375 0.5950617281249999 0.39027777812500003 0.5950617281249999
0 0.365277778125 0.6469135796875001 0.365277778125 0.603703703125 0.365277778125 0.5604938265625 0.33541666718749996 0.5604938265625 0.30555555624999997 0.5604938265625 0.30555555624999997 0.603703703125 0.30555555624999997 0.6469135796875001 0.33541666718749996 0.6469135796875001 0.365277778125 0.6469135796875001
0 0.26944444375 0.5827160499999999 0.26944444375 0.540740740625 0.26944444375 0.4987654328125 0.24375 0.4987654328125 0.21805555625 0.4987654328125 0.21805555625 0.540740740625 0.21805555625 0.5827160499999999 0.24375 0.5827160499999999 0.26944444375 0.5827160499999999
0 0.19305555624999998 0.59012345625 0.19305555624999998 0.5456790125000001 0.19305555624999998 0.5012345671875 0.16458333281249998 0.5012345671875 0.1361111109375 0.5012345671875 0.1361111109375 0.5456790125000001 0.1361111109375 0.59012345625 0.16458333281249998 0.59012345625 0.19305555624999998 0.59012345625
0 0.3736111109375 0.5160493828125 0.3736111109375 0.477777778125 0.3736111109375 0.4395061734375 0.35 0.4395061734375 0.3263888890625 0.4395061734375 0.3263888890625 0.477777778125 0.3263888890625 0.5160493828125 0.35 0.5160493828125 0.3736111109375 0.5160493828125
0 0.34722222187499996 0.42469135781249995 0.34722222187499996 0.3851851859375 0.34722222187499996 0.3456790125 0.322222221875 0.3456790125 0.29722222187499997 0.3456790125 0.29722222187499997 0.3851851859375 0.29722222187499997 0.42469135781249995 0.322222221875 0.42469135781249995 0.34722222187499996 0.42469135781249995
0 0.40694444374999994 0.4617283953125 0.40694444374999994 0.42469135781249995 0.40694444374999994 0.38765432031249997 0.3854166671875 0.38765432031249997 0.3638888890625 0.38765432031249997 0.3638888890625 0.42469135781249995 0.3638888890625 0.4617283953125 0.3854166671875 0.4617283953125 0.40694444374999994 0.4617283953125
0 0.5763888890625 0.12592592656249998 0.5763888890625 0.08518518593749999 0.5763888890625 0.04444444375 0.5541666671875001 0.04444444375 0.5319444437499999 0.04444444375 0.5319444437499999 0.08518518593749999 0.5319444437499999 0.12592592656249998 0.5541666671875001 0.12592592656249998 0.5763888890625 0.12592592656249998
0 0.5069444437499999 0.4716049375 0.5069444437499999 0.42469135781249995 0.5069444437499999 0.377777778125 0.4791666671875 0.377777778125 0.4513888890625 0.377777778125 0.4513888890625 0.42469135781249995 0.4513888890625 0.4716049375 0.4791666671875 0.4716049375 0.5069444437499999 0.4716049375
0 0.6138888890625 0.95555555625 0.6138888890625 0.8765432093750001 0.6138888890625 0.7975308640625001 0.5638888890625 0.7975308640625001 0.5138888890625 0.7975308640625001 0.5138888890625 0.8765432093750001 0.5138888890625 0.95555555625 0.5638888890625 0.95555555625 0.6138888890625 0.95555555625