0 0.1583333328125 0.622222221875 0.1583333328125 0.58148148125 0.1583333328125 0.540740740625 0.1354166671875 0.540740740625 0.1125 0.540740740625 0.1125 0.58148148125 0.1125 0.622222221875 0.1354166671875 0.622222221875 0.1583333328125 0.622222221875
3 0.10138888906250001 0.659259259375 0.10138888906250001 0.62716049375 0.10138888906250001 0.5950617281249999 0.06875 0.5950617281249999 0.0361111109375 0.5950617281249999 0.0361111109375 0.62716049375 0.0361111109375 0.659259259375 0.06875 0.659259259375 0.10138888906250001 0.659259259375
0 0.1763888890625 0.42716049375000004 0.1763888890625 0.38765432031249997 0.1763888890625 0.3481481484375 0.14791666718750002 0.3481481484375 0.11944444375 0.3481481484375 0.11944444375 0.38765432031249997 0.11944444375 0.42716049375000004 0.14791666718750002 0.42716049375000004 0.1763888890625 0.42716049375000004
0 0.30694444375 0.7209876546875 0.30694444375 0.667901234375 0.30694444375 0.6148148140624999 0.27291666718749996 0.6148148140624999 0.2388888890625 0.6148148140624999 0.2388888890625 0.667901234375 0.2388888890625 0.7209876546875 0.27291666718749996 0.7209876546875 0.30694444375 0.7209876546875
3 0.41805555625 0.23209876562499998 0.41805555625 0.1975308640625 0.41805555625 0.1629629625 0.39375 0.1629629625 0.36944444375 0.1629629625 0.36944444375 0.1975308640625 0.36944444375 0.23209876562499998 0.39375 0.23209876562499998 0.41805555625 0.23209876562499998
0 0.3763888890625 0.3333333328125 0.3763888890625 0.29012345625 0.3763888890625 0.2469135796875 0.352777778125 0.2469135796875 0.3291666671875 0.2469135796875 0.3291666671875 0.29012345625 0.3291666671875 0.3333333328125 0.352777778125 0.3333333328125 0.3763888890625 0.3333333328125
3 0.6375 0.25679012343749996 0.6375 0.2061728390625 0.6375 0.15555555625 0.6076388890625 0.15555555625 0.577777778125 0.15555555625 0.577777778125 0.2061728390625 0.577777778125 0.25679012343749996 0.6076388890625 0.25679012343749996 0.6375 0.25679012343749996
3 0.5513888890625 0.6641975312499999 0.5513888890625 0.61728395 0.5513888890625 0.5703703703125 0.5208333328125 0.5703703703125 0.490277778125 0.5703703703125 0.490277778125 0.61728395 0.490277778125 0.6641975312499999 0.5208333328125 0.6641975312499999 0.5513888890625 0.6641975312499999
3 0.6861111109375 0.8691358031249999 0.6861111109375 0.81728395 0.6861111109375 0.7654320984375 0.640972221875 0.7654320984375 0.5958333328125 0.7654320984375 0.5958333328125 0.81728395 0.5958333328125 0.8691358031249999 0.640972221875 0.8691358031249999 0.6861111109375 0.8691358031249999
3 0.60694444375 0.9802469140625 0.60694444375 0.9333333328125001 0.60694444375 0.886419753125 0.5763888890625 0.886419753125 0.5458333328125 0.886419753125 0.5458333328125 0.9333333328125001 0.5458333328125 0.9802469140625 0.5763888890625 0.9802469140625 0.60694444375 0.9802469140625
0 0.32083333281250004 0.38271605000000003 0.32083333281250004 0.350617284375 0.32083333281250004 0.31851851875000003 0.29444444375 0.31851851875000003 0.26805555625 0.31851851875000003 0.26805555625 0.350617284375 0.26805555625 0.38271605000000003 0.29444444375 0.38271605000000003 0.32083333281250004 0.38271605000000003