3 0.952777778125 0.891358025 0.952777778125 0.7654320984375 0.952777778125 0.6395061734375 0.8756944437499999 0.6395061734375 0.7986111109375 0.6395061734375 0.7986111109375 0.7654320984375 0.7986111109375 0.891358025 0.8756944437499999 0.891358025 0.952777778125 0.891358025
3 0.8041666671875 0.23456790156250001 0.8041666671875 0.1753086421875 0.8041666671875 0.11604938281249999 0.7666666671875 0.11604938281249999 0.7291666671875 0.11604938281249999 0.7291666671875 0.1753086421875 0.7291666671875 0.23456790156250001 0.7666666671875 0.23456790156250001 0.8041666671875 0.23456790156250001
3 0.5694444437499999 0.2296296296875 0.5694444437499999 0.1518518515625 0.5694444437499999 0.0740740734375 0.5208333328125 0.0740740734375 0.47222222187499996 0.0740740734375 0.47222222187499996 0.1518518515625 0.47222222187499996 0.2296296296875 0.5208333328125 0.2296296296875 0.5694444437499999 0.2296296296875
3 0.5361111109375 1 0.5361111109375 0.9456790125 0.5361111109375 0.891358025 0.49583333281249997 0.891358025 0.45555555625000005 0.891358025 0.45555555625000005 0.9456790125 0.45555555625000005 1 0.49583333281249997 1 0.5361111109375 1
3 0.184722221875 0.5703703703125 0.184722221875 0.47283950625 0.184722221875 0.3753086421875 0.13333333281249998 0.3753086421875 0.08194444375 0.3753086421875 0.08194444375 0.47283950625 0.08194444375 0.5703703703125 0.13333333281249998 0.5703703703125 0.184722221875 0.5703703703125
1 0.9111111109375001 0.6345679015625 0.9111111109375001 0.5345679015625 0.9111111109375001 0.43456790156249997 0.86319444375 0.43456790156249997 0.815277778125 0.43456790156249997 0.815277778125 0.5345679015625 0.815277778125 0.6345679015625 0.86319444375 0.6345679015625 0.9111111109375001 0.6345679015625
1 0.8111111109375001 0.5654320984375001 0.8111111109375001 0.49012345625 0.8111111109375001 0.4148148140625 0.76180555625 0.4148148140625 0.7125 0.4148148140625 0.7125 0.49012345625 0.7125 0.5654320984375001 0.76180555625 0.5654320984375001 0.8111111109375001 0.5654320984375001
1 0.7375 0.8 0.7375 0.703703703125 0.7375 0.6074074078125 0.6548611109375 0.6074074078125 0.5722222218749999 0.6074074078125 0.5722222218749999 0.703703703125 0.5722222218749999 0.8 0.6548611109375 0.8 0.7375 0.8
1 0.3625 0.9580246906250001 0.3625 0.8283950625 0.3625 0.6987654328125 0.334722221875 0.6987654328125 0.30694444375 0.6987654328125 0.30694444375 0.8283950625 0.30694444375 0.9580246906250001 0.334722221875 0.9580246906250001 0.3625 0.9580246906250001
1 0.34722222187499996 0.26419753125 0.34722222187499996 0.20246913593750002 0.34722222187499996 0.140740740625 0.3104166671875 0.140740740625 0.2736111109375 0.140740740625 0.2736111109375 0.20246913593750002 0.2736111109375 0.26419753125 0.3104166671875 0.26419753125 0.34722222187499996 0.26419753125
0 0.5861111109375 0.0938271609375 0.5861111109375 0.049382715625000004 0.5861111109375 0.004938271875 0.5381944437499999 0.004938271875 0.490277778125 0.004938271875 0.490277778125 0.049382715625000004 0.490277778125 0.0938271609375 0.5381944437499999 0.0938271609375 0.5861111109375 0.0938271609375
0 0.6375 0.9580246906250001 0.6375 0.8493827156249999 0.6375 0.740740740625 0.5840277781250001 0.740740740625 0.5305555562500001 0.740740740625 0.5305555562500001 0.8493827156249999 0.5305555562500001 0.9580246906250001 0.5840277781250001 0.9580246906250001 0.6375 0.9580246906250001