0 0.925 0.9333333328125001 0.925 0.8851851859375 0.925 0.8370370375 0.8986111109375001 0.8370370375 0.872222221875 0.8370370375 0.872222221875 0.8851851859375 0.872222221875 0.9333333328125001 0.8986111109375001 0.9333333328125001 0.925 0.9333333328125001
0 0.7375 0.3802469140625 0.7375 0.3456790125 0.7375 0.3111111109375 0.7194444437499999 0.3111111109375 0.7013888890625 0.3111111109375 0.7013888890625 0.3456790125 0.7013888890625 0.3802469140625 0.7194444437499999 0.3802469140625 0.7375 0.3802469140625
0 0.6319444437499999 0.4296296296875 0.6319444437499999 0.38271605000000003 0.6319444437499999 0.33580246874999997 0.60625 0.33580246874999997 0.58055555625 0.33580246874999997 0.58055555625 0.38271605000000003 0.58055555625 0.4296296296875 0.60625 0.4296296296875 0.6319444437499999 0.4296296296875
0 0.6486111109375 0.8938271609375 0.6486111109375 0.8444444437499999 0.6486111109375 0.795061728125 0.6173611109375 0.795061728125 0.5861111109375 0.795061728125 0.5861111109375 0.8444444437499999 0.5861111109375 0.8938271609375 0.6173611109375 0.8938271609375 0.6486111109375 0.8938271609375
0 0.515277778125 0.5851851859375 0.515277778125 0.5481481484375 0.515277778125 0.5111111109375 0.5006944437499999 0.5111111109375 0.4861111109375 0.5111111109375 0.4861111109375 0.5481481484375 0.4861111109375 0.5851851859375 0.5006944437499999 0.5851851859375 0.515277778125 0.5851851859375
0 0.5291666671875 0.676543209375 0.5291666671875 0.6296296296875 0.5291666671875 0.5827160499999999 0.50625 0.5827160499999999 0.48333333281249996 0.5827160499999999 0.48333333281249996 0.6296296296875 0.48333333281249996 0.676543209375 0.50625 0.676543209375 0.5291666671875 0.676543209375
0 0.425 0.46419753124999996 0.425 0.4197530859375 0.425 0.3753086421875 0.397222221875 0.3753086421875 0.36944444375 0.3753086421875 0.36944444375 0.4197530859375 0.36944444375 0.46419753124999996 0.397222221875 0.46419753124999996 0.425 0.46419753124999996
0 0.36666666718749996 0.46419753124999996 0.36666666718749996 0.41851851875 0.36666666718749996 0.37283950625 0.33541666718749996 0.37283950625 0.30416666718749996 0.37283950625 0.30416666718749996 0.41851851875 0.30416666718749996 0.46419753124999996 0.33541666718749996 0.46419753124999996 0.36666666718749996 0.46419753124999996
0 0.36944444375 0.9530864203125 0.36944444375 0.8666666671875 0.36944444375 0.7802469140625 0.31736111093749997 0.7802469140625 0.26527777812500003 0.7802469140625 0.26527777812500003 0.8666666671875 0.26527777812500003 0.9530864203125 0.31736111093749997 0.9530864203125 0.36944444375 0.9530864203125
3 0.6111111109375 1 0.6111111109375 0.9654320984375 0.6111111109375 0.9308641968750001 0.577777778125 0.9308641968750001 0.54444444375 0.9308641968750001 0.54444444375 0.9654320984375 0.54444444375 1 0.577777778125 1 0.6111111109375 1
3 0.797222221875 0.691358025 0.797222221875 0.6543209875 0.797222221875 0.61728395 0.7715277781250001 0.61728395 0.7458333328125 0.61728395 0.7458333328125 0.6543209875 0.7458333328125 0.691358025 0.7715277781250001 0.691358025 0.797222221875 0.691358025
3 0.9888888890624999 0.81728395 0.9888888890624999 0.7629629625 0.9888888890624999 0.708641975 0.95694444375 0.708641975 0.925 0.708641975 0.925 0.7629629625 0.925 0.81728395 0.95694444375 0.81728395 0.9888888890624999 0.81728395
3 0.8416666671874999 1 0.8416666671874999 0.9518518515625001 0.8416666671874999 0.9037037031249999 0.8111111109375001 0.9037037031249999 0.7805555562500001 0.9037037031249999 0.7805555562500001 0.9518518515625001 0.7805555562500001 1 0.8111111109375001 1 0.8416666671874999 1
3 0.559722221875 0.6074074078125 0.559722221875 0.5851851859375 0.559722221875 0.5629629625 0.5409722218749999 0.5629629625 0.522222221875 0.5629629625 0.522222221875 0.5851851859375 0.522222221875 0.6074074078125 0.5409722218749999 0.6074074078125 0.559722221875 0.6074074078125
3 0.58194444375 0.77283950625 0.58194444375 0.7209876546875 0.58194444375 0.669135803125 0.553472221875 0.669135803125 0.525 0.669135803125 0.525 0.7209876546875 0.525 0.77283950625 0.553472221875 0.77283950625 0.58194444375 0.77283950625
3 0.4388888890625 0.8617283953125 0.4388888890625 0.8222222218749999 0.4388888890625 0.78271605 0.41875 0.78271605 0.3986111109375 0.78271605 0.3986111109375 0.8222222218749999 0.3986111109375 0.8617283953125 0.41875 0.8617283953125 0.4388888890625 0.8617283953125
3 0.4513888890625 0.62716049375 0.4513888890625 0.5790123453125 0.4513888890625 0.530864196875 0.4125 0.530864196875 0.3736111109375 0.530864196875 0.3736111109375 0.5790123453125 0.3736111109375 0.62716049375 0.4125 0.62716049375 0.4513888890625 0.62716049375
3 0.22638888906250001 0.49382716093749995 0.22638888906250001 0.45679012343750003 0.22638888906250001 0.4197530859375 0.196527778125 0.4197530859375 0.1666666671875 0.4197530859375 0.1666666671875 0.45679012343750003 0.1666666671875 0.49382716093749995 0.196527778125 0.49382716093749995 0.22638888906250001 0.49382716093749995