1 0.1666666671875 0.740740740625 0.1666666671875 0.6148148140624999 0.1666666671875 0.4888888890625 0.1416666671875 0.4888888890625 0.1166666671875 0.4888888890625 0.1166666671875 0.6148148140624999 0.1166666671875 0.740740740625 0.1416666671875 0.740740740625 0.1666666671875 0.740740740625
1 0.2388888890625 0.459259259375 0.2388888890625 0.37654320937499997 0.2388888890625 0.2938271609375 0.20555555625 0.2938271609375 0.172222221875 0.2938271609375 0.172222221875 0.37654320937499997 0.172222221875 0.459259259375 0.20555555625 0.459259259375 0.2388888890625 0.459259259375
0 0.5513888890625 0.33580246874999997 0.5513888890625 0.2666666671875 0.5513888890625 0.1975308640625 0.4875 0.1975308640625 0.4236111109375 0.1975308640625 0.4236111109375 0.2666666671875 0.4236111109375 0.33580246874999997 0.4875 0.33580246874999997 0.5513888890625 0.33580246874999997
1 0.7888888890625 1 0.7888888890625 0.9 0.7888888890625 0.8 0.721527778125 0.8 0.6541666671875 0.8 0.6541666671875 0.9 0.6541666671875 1 0.721527778125 1 0.7888888890625 1
1 0.909722221875 1 0.909722221875 0.941975309375 0.909722221875 0.8839506171875 0.8645833328125001 0.8839506171875 0.8194444437499999 0.8839506171875 0.8194444437499999 0.941975309375 0.8194444437499999 1 0.8645833328125001 1 0.909722221875 1
3 0.5305555562500001 0.5012345671875 0.5305555562500001 0.41234567968749997 0.5305555562500001 0.323456790625 0.471527778125 0.323456790625 0.4125 0.323456790625 0.4125 0.41234567968749997 0.4125 0.5012345671875 0.471527778125 0.5012345671875 0.5305555562500001 0.5012345671875
3 0.7805555562500001 0.5925925921874999 0.7805555562500001 0.5259259265625 0.7805555562500001 0.459259259375 0.746527778125 0.459259259375 0.7125 0.459259259375 0.7125 0.5259259265625 0.7125 0.5925925921874999 0.746527778125 0.5925925921874999 0.7805555562500001 0.5925925921874999
3 0.6513888890625 0.2296296296875 0.6513888890625 0.1876543203125 0.6513888890625 0.14567901249999998 0.615972221875 0.14567901249999998 0.58055555625 0.14567901249999998 0.58055555625 0.1876543203125 0.58055555625 0.2296296296875 0.615972221875 0.2296296296875 0.6513888890625 0.2296296296875
3 0.777777778125 0.10864197499999999 0.777777778125 0.076543209375 0.777777778125 0.04444444375 0.73680555625 0.04444444375 0.6958333328124999 0.04444444375 0.6958333328124999 0.076543209375 0.6958333328124999 0.10864197499999999 0.73680555625 0.10864197499999999 0.777777778125 0.10864197499999999
0 0.665277778125 0.3975308640625 0.665277778125 0.32592592656249997 0.665277778125 0.2543209875 0.61944444375 0.2543209875 0.5736111109375 0.2543209875 0.5736111109375 0.32592592656249997 0.5736111109375 0.3975308640625 0.61944444375 0.3975308640625 0.665277778125 0.3975308640625
0 0.39027777812500003 0.5950617281249999 0.39027777812500003 0.5345679015625 0.39027777812500003 0.47407407343749997 0.3583333328125 0.47407407343749997 0.3263888890625 0.47407407343749997 0.3263888890625 0.5345679015625 0.3263888890625 0.5950617281249999 0.3583333328125 0.5950617281249999 0.39027777812500003 0.5950617281249999
0 0.28472222187499996 0.9382716046875 0.28472222187499996 0.8395061734375 0.28472222187499996 0.740740740625 0.24097222187499998 0.740740740625 0.197222221875 0.740740740625 0.197222221875 0.8395061734375 0.197222221875 0.9382716046875 0.24097222187499998 0.9382716046875 0.28472222187499996 0.9382716046875