3 0.165277778125 1 0.165277778125 0.940740740625 0.165277778125 0.88148148125 0.11319444375000001 0.88148148125 0.061111110937500004 0.88148148125 0.061111110937500004 0.940740740625 0.061111110937500004 1 0.11319444375000001 1 0.165277778125 1
0 0.625 0.1629629625 0.625 0.10123456718749999 0.625 0.0395061734375 0.5958333328125 0.0395061734375 0.5666666671875 0.0395061734375 0.5666666671875 0.10123456718749999 0.5666666671875 0.1629629625 0.5958333328125 0.1629629625 0.625 0.1629629625
0 0.64444444375 0.276543209375 0.64444444375 0.21358024687500002 0.64444444375 0.150617284375 0.6125 0.150617284375 0.58055555625 0.150617284375 0.58055555625 0.21358024687500002 0.58055555625 0.276543209375 0.6125 0.276543209375 0.64444444375 0.276543209375
0 0.7986111109375 0.44197530937499996 0.7986111109375 0.367901234375 0.7986111109375 0.2938271609375 0.7604166671875 0.2938271609375 0.722222221875 0.2938271609375 0.722222221875 0.367901234375 0.722222221875 0.44197530937499996 0.7604166671875 0.44197530937499996 0.7986111109375 0.44197530937499996
0 0.8083333328125001 0.19012345625 0.8083333328125001 0.104938271875 0.8083333328125001 0.0197530859375 0.7597222218749999 0.0197530859375 0.7111111109375 0.0197530859375 0.7111111109375 0.104938271875 0.7111111109375 0.19012345625 0.7597222218749999 0.19012345625 0.8083333328125001 0.19012345625
0 0.20972222187499998 0.8098765437500001 0.20972222187499998 0.7259259265625 0.20972222187499998 0.641975309375 0.159027778125 0.641975309375 0.10833333281249999 0.641975309375 0.10833333281249999 0.7259259265625 0.10833333281249999 0.8098765437500001 0.159027778125 0.8098765437500001 0.20972222187499998 0.8098765437500001
3 1 0.8098765437500001 0.977777778125 0.8098765437500001 0.95555555625 0.8098765437500001 0.95555555625 0.8604938265625 0.95555555625 0.9111111109375001 0.977777778125 0.9111111109375001 1 0.9111111109375001 1 0.8604938265625 1 0.8098765437500001
3 0.897222221875 0.140740740625 0.897222221875 0.0938271609375 0.897222221875 0.0469135796875 0.8680555562500001 0.0469135796875 0.8388888890624999 0.0469135796875 0.8388888890624999 0.0938271609375 0.8388888890624999 0.140740740625 0.8680555562500001 0.140740740625 0.897222221875 0.140740740625
3 0.08333333281250001 0.6790123453125 0.08333333281250001 0.5925925921874999 0.08333333281250001 0.5061728390625 0.0423611109375 0.5061728390625 0.0013888890625 0.5061728390625 0.0013888890625 0.5925925921874999 0.0013888890625 0.6790123453125 0.0423611109375 0.6790123453125 0.08333333281250001 0.6790123453125
3 0.375 0.3851851859375 0.375 0.33580246874999997 0.375 0.286419753125 0.34722222187499996 0.286419753125 0.31944444375000003 0.286419753125 0.31944444375000003 0.33580246874999997 0.31944444375000003 0.3851851859375 0.34722222187499996 0.3851851859375 0.375 0.3851851859375
3 0.5638888890625 0.42469135781249995 0.5638888890625 0.3703703703125 0.5638888890625 0.3160493828125 0.5388888890625 0.3160493828125 0.5138888890625 0.3160493828125 0.5138888890625 0.3703703703125 0.5138888890625 0.42469135781249995 0.5388888890625 0.42469135781249995 0.5638888890625 0.42469135781249995
3 0.4458333328125 0.750617284375 0.4458333328125 0.6925925921875 0.4458333328125 0.6345679015625 0.415277778125 0.6345679015625 0.384722221875 0.6345679015625 0.384722221875 0.6925925921875 0.384722221875 0.750617284375 0.415277778125 0.750617284375 0.4458333328125 0.750617284375
3 0.5166666671875 1 0.5166666671875 0.9469135796874999 0.5166666671875 0.8938271609375 0.48125 0.8938271609375 0.4458333328125 0.8938271609375 0.4458333328125 0.9469135796874999 0.4458333328125 1 0.48125 1 0.5166666671875 1