0 0.1458333328125 0.4839506171875 0.1458333328125 0.4481481484375 0.1458333328125 0.41234567968749997 0.1201388890625 0.41234567968749997 0.09444444375 0.41234567968749997 0.09444444375 0.4481481484375 0.09444444375 0.4839506171875 0.1201388890625 0.4839506171875 0.1458333328125 0.4839506171875
0 0.26805555625 0.6938271609375 0.26805555625 0.632098765625 0.26805555625 0.5703703703125 0.2270833328125 0.5703703703125 0.1861111109375 0.5703703703125 0.1861111109375 0.632098765625 0.1861111109375 0.6938271609375 0.2270833328125 0.6938271609375 0.26805555625 0.6938271609375
1 0.709722221875 0.47654320937500005 0.709722221875 0.432098765625 0.709722221875 0.38765432031249997 0.6638888890625 0.38765432031249997 0.6180555562500001 0.38765432031249997 0.6180555562500001 0.432098765625 0.6180555562500001 0.47654320937500005 0.6638888890625 0.47654320937500005 0.709722221875 0.47654320937500005
1 0.709722221875 0.395061728125 0.709722221875 0.3604938265625 0.709722221875 0.32592592656249997 0.6638888890625 0.32592592656249997 0.6180555562500001 0.32592592656249997 0.6180555562500001 0.3604938265625 0.6180555562500001 0.395061728125 0.6638888890625 0.395061728125 0.709722221875 0.395061728125
1 0.8083333328125001 0.1925925921875 0.8083333328125001 0.0975308640625 0.8083333328125001 0.0024691359375 0.7597222218749999 0.0024691359375 0.7111111109375 0.0024691359375 0.7111111109375 0.0975308640625 0.7111111109375 0.1925925921875 0.7597222218749999 0.1925925921875 0.8083333328125001 0.1925925921875
1 0.722222221875 0.7925925921875 0.722222221875 0.7012345671875 0.722222221875 0.60987654375 0.6923611109375 0.60987654375 0.6625 0.60987654375 0.6625 0.7012345671875 0.6625 0.7925925921875 0.6923611109375 0.7925925921875 0.722222221875 0.7925925921875
1 0.79305555625 0.8740740734375001 0.79305555625 0.7938271609374999 0.79305555625 0.713580246875 0.7298611109375 0.713580246875 0.6666666671875 0.713580246875 0.6666666671875 0.7938271609374999 0.6666666671875 0.8740740734375001 0.7298611109375 0.8740740734375001 0.79305555625 0.8740740734375001
3 0.49583333281249997 0.37283950625 0.49583333281249997 0.3395061734375 0.49583333281249997 0.3061728390625 0.471527778125 0.3061728390625 0.447222221875 0.3061728390625 0.447222221875 0.3395061734375 0.447222221875 0.37283950625 0.471527778125 0.37283950625 0.49583333281249997 0.37283950625
3 0.85555555625 0.47901234531250003 0.85555555625 0.4296296296875 0.85555555625 0.3802469140625 0.8194444437499999 0.3802469140625 0.7833333328125 0.3802469140625 0.7833333328125 0.4296296296875 0.7833333328125 0.47901234531250003 0.8194444437499999 0.47901234531250003 0.85555555625 0.47901234531250003
3 0.877777778125 0.38271605000000003 0.877777778125 0.3333333328125 0.877777778125 0.28395061718750003 0.8326388890624999 0.28395061718750003 0.7875 0.28395061718750003 0.7875 0.3333333328125 0.7875 0.38271605000000003 0.8326388890624999 0.38271605000000003 0.877777778125 0.38271605000000003
3 0.9513888890625 1 0.9513888890625 0.9012345671875 0.9513888890625 0.8024691359375 0.8951388890624999 0.8024691359375 0.8388888890624999 0.8024691359375 0.8388888890624999 0.9012345671875 0.8388888890624999 1 0.8951388890624999 1 0.9513888890625 1