0 0.54444444375 0.48148148125 0.54444444375 0.4296296296875 0.54444444375 0.377777778125 0.5229166671875001 0.377777778125 0.5013888890625 0.377777778125 0.5013888890625 0.4296296296875 0.5013888890625 0.48148148125 0.5229166671875001 0.48148148125 0.54444444375 0.48148148125
3 0.940277778125 0.0790123453125 0.940277778125 0.040740740625 0.940277778125 0.0024691359375 0.9076388890624999 0.0024691359375 0.875 0.0024691359375 0.875 0.040740740625 0.875 0.0790123453125 0.9076388890624999 0.0790123453125 0.940277778125 0.0790123453125
0 0.8458333328125001 0.1111111109375 0.8458333328125001 0.05679012343749999 0.8458333328125001 0.0024691359375 0.79375 0.0024691359375 0.7416666671875001 0.0024691359375 0.7416666671875001 0.05679012343749999 0.7416666671875001 0.1111111109375 0.79375 0.1111111109375 0.8458333328125001 0.1111111109375
0 0.6638888890625 0.06419753125 0.6638888890625 0.0333333328125 0.6638888890625 0.0024691359375 0.6361111109375 0.0024691359375 0.6083333328125 0.0024691359375 0.6083333328125 0.0333333328125 0.6083333328125 0.06419753125 0.6361111109375 0.06419753125 0.6638888890625 0.06419753125
0 0.6708333328125 0.1975308640625 0.6708333328125 0.1382716046875 0.6708333328125 0.0790123453125 0.64375 0.0790123453125 0.6166666671875001 0.0790123453125 0.6166666671875001 0.1382716046875 0.6166666671875001 0.1975308640625 0.64375 0.1975308640625 0.6708333328125 0.1975308640625
0 0.815277778125 0.3604938265625 0.815277778125 0.2938271609375 0.815277778125 0.22716049374999997 0.7798611109375 0.22716049374999997 0.74444444375 0.22716049374999997 0.74444444375 0.2938271609375 0.74444444375 0.3604938265625 0.7798611109375 0.3604938265625 0.815277778125 0.3604938265625
0 0.23472222187499997 0.632098765625 0.23472222187499997 0.5604938265625 0.23472222187499997 0.4888888890625 0.196527778125 0.4888888890625 0.1583333328125 0.4888888890625 0.1583333328125 0.5604938265625 0.1583333328125 0.632098765625 0.196527778125 0.632098765625 0.23472222187499997 0.632098765625
3 0.07083333281250001 0.276543209375 0.07083333281250001 0.23827160468750003 0.07083333281250001 0.2 0.040972221875 0.2 0.0111111109375 0.2 0.0111111109375 0.23827160468750003 0.0111111109375 0.276543209375 0.040972221875 0.276543209375 0.07083333281250001 0.276543209375
3 0.1361111109375 0.5012345671875 0.1361111109375 0.4296296296875 0.1361111109375 0.35802469062500003 0.090277778125 0.35802469062500003 0.04444444375 0.35802469062500003 0.04444444375 0.4296296296875 0.04444444375 0.5012345671875 0.090277778125 0.5012345671875 0.1361111109375 0.5012345671875
3 0.40833333281249995 0.276543209375 0.40833333281249995 0.2246913578125 0.40833333281249995 0.17283950625 0.38194444375000003 0.17283950625 0.35555555625 0.17283950625 0.35555555625 0.2246913578125 0.35555555625 0.276543209375 0.38194444375000003 0.276543209375 0.40833333281249995 0.276543209375
3 0.5930555562500001 0.3333333328125 0.5930555562500001 0.2802469140625 0.5930555562500001 0.22716049374999997 0.565972221875 0.22716049374999997 0.5388888890625 0.22716049374999997 0.5388888890625 0.2802469140625 0.5388888890625 0.3333333328125 0.565972221875 0.3333333328125 0.5930555562500001 0.3333333328125
3 0.46388888906250003 0.60987654375 0.46388888906250003 0.5629629625 0.46388888906250003 0.5160493828125 0.43541666718750005 0.5160493828125 0.40694444374999994 0.5160493828125 0.40694444374999994 0.5629629625 0.40694444374999994 0.60987654375 0.43541666718750005 0.60987654375 0.46388888906250003 0.60987654375
3 1 0.7259259265625 0.9708333328125001 0.7259259265625 0.9416666671874999 0.7259259265625 0.9416666671874999 0.7790123453125 0.9416666671874999 0.8320987656250001 0.9708333328125001 0.8320987656250001 1 0.8320987656250001 1 0.7790123453125 1 0.7259259265625
3 1 0.8543209875000001 0.9472222218749999 0.8543209875000001 0.89444444375 0.8543209875000001 0.89444444375 0.92716049375 0.89444444375 1 0.9472222218749999 1 1 1 1 0.92716049375 1 0.8543209875000001
3 0.6166666671875001 0.9654320984375 0.6166666671875001 0.8950617281250001 0.6166666671875001 0.8246913578124999 0.5840277781250001 0.8246913578124999 0.5513888890625 0.8246913578124999 0.5513888890625 0.8950617281250001 0.5513888890625 0.9654320984375 0.5840277781250001 0.9654320984375 0.6166666671875001 0.9654320984375
3 0.522222221875 0.8691358031249999 0.522222221875 0.8098765437500001 0.522222221875 0.750617284375 0.4895833328125 0.750617284375 0.45694444375 0.750617284375 0.45694444375 0.8098765437500001 0.45694444375 0.8691358031249999 0.4895833328125 0.8691358031249999 0.522222221875 0.8691358031249999
3 0.20555555625 0.8444444437499999 0.20555555625 0.7666666671875 0.20555555625 0.6888888890625 0.15555555625 0.6888888890625 0.10555555624999999 0.6888888890625 0.10555555624999999 0.7666666671875 0.10555555624999999 0.8444444437499999 0.15555555625 0.8444444437499999 0.20555555625 0.8444444437499999
3 0.1611111109375 0.9654320984375 0.1611111109375 0.9024691359375 0.1611111109375 0.8395061734375 0.1208333328125 0.8395061734375 0.08055555625000001 0.8395061734375 0.08055555625000001 0.9024691359375 0.08055555625000001 0.9654320984375 0.1208333328125 0.9654320984375 0.1611111109375 0.9654320984375