1 0.9680555562500001 0.7481481484375 0.9680555562500001 0.622222221875 0.9680555562500001 0.49629629687500004 0.890972221875 0.49629629687500004 0.8138888890624999 0.49629629687500004 0.8138888890624999 0.622222221875 0.8138888890624999 0.7481481484375 0.890972221875 0.7481481484375 0.9680555562500001 0.7481481484375
1 0.79305555625 1 0.79305555625 0.7839506171874999 0.79305555625 0.5679012343750001 0.75 0.5679012343750001 0.70694444375 0.5679012343750001 0.70694444375 0.7839506171874999 0.70694444375 1 0.75 1 0.79305555625 1
3 0.75555555625 0.3604938265625 0.75555555625 0.2530864203125 0.75555555625 0.14567901249999998 0.7166666671875 0.14567901249999998 0.6777777781250001 0.14567901249999998 0.6777777781250001 0.2530864203125 0.6777777781250001 0.3604938265625 0.7166666671875 0.3604938265625 0.75555555625 0.3604938265625
3 0.7430555562500001 0.11358024687499998 0.7430555562500001 0.06913580312499999 0.7430555562500001 0.024691357812500002 0.709722221875 0.024691357812500002 0.6763888890625 0.024691357812500002 0.6763888890625 0.06913580312499999 0.6763888890625 0.11358024687499998 0.709722221875 0.11358024687499998 0.7430555562500001 0.11358024687499998
3 0.40138888906250003 0.708641975 0.40138888906250003 0.6543209875 0.40138888906250003 0.6 0.36875 0.6 0.3361111109375 0.6 0.3361111109375 0.6543209875 0.3361111109375 0.708641975 0.36875 0.708641975 0.40138888906250003 0.708641975
1 0.21111111093749999 0.7283950625 0.21111111093749999 0.6617283953124999 0.21111111093749999 0.5950617281249999 0.15694444375 0.5950617281249999 0.102777778125 0.5950617281249999 0.102777778125 0.6617283953124999 0.102777778125 0.7283950625 0.15694444375 0.7283950625 0.21111111093749999 0.7283950625
3 0.73055555625 0.9382716046875 0.73055555625 0.81728395 0.73055555625 0.696296296875 0.66944444375 0.696296296875 0.6083333328125 0.696296296875 0.6083333328125 0.81728395 0.6083333328125 0.9382716046875 0.66944444375 0.9382716046875 0.73055555625 0.9382716046875
3 0.352777778125 0.3209876546875 0.352777778125 0.28395061718750003 0.352777778125 0.2469135796875 0.325 0.2469135796875 0.29722222187499997 0.2469135796875 0.29722222187499997 0.28395061718750003 0.29722222187499997 0.3209876546875 0.325 0.3209876546875 0.352777778125 0.3209876546875
3 0.334722221875 0.4370370375 0.334722221875 0.3851851859375 0.334722221875 0.3333333328125 0.30416666718749996 0.3333333328125 0.2736111109375 0.3333333328125 0.2736111109375 0.3851851859375 0.2736111109375 0.4370370375 0.30416666718749996 0.4370370375 0.334722221875 0.4370370375
3 0.3861111109375 0.4296296296875 0.3861111109375 0.38271605000000003 0.3861111109375 0.33580246874999997 0.3576388890625 0.33580246874999997 0.3291666671875 0.33580246874999997 0.3291666671875 0.38271605000000003 0.3291666671875 0.4296296296875 0.3576388890625 0.4296296296875 0.3861111109375 0.4296296296875
0 0.522222221875 0.9061728390624999 0.522222221875 0.8024691359375 0.522222221875 0.6987654328125 0.46527777812500004 0.6987654328125 0.40833333281249995 0.6987654328125 0.40833333281249995 0.8024691359375 0.40833333281249995 0.9061728390624999 0.46527777812500004 0.9061728390624999 0.522222221875 0.9061728390624999
0 0.5958333328125 0.8395061734375 0.5958333328125 0.777777778125 0.5958333328125 0.7160493828125001 0.5604166671875 0.7160493828125001 0.525 0.7160493828125001 0.525 0.777777778125 0.525 0.8395061734375 0.5604166671875 0.8395061734375 0.5958333328125 0.8395061734375
0 0.5930555562500001 0.6641975312499999 0.5930555562500001 0.5950617281249999 0.5930555562500001 0.5259259265625 0.5541666671875001 0.5259259265625 0.515277778125 0.5259259265625 0.515277778125 0.5950617281249999 0.515277778125 0.6641975312499999 0.5541666671875001 0.6641975312499999 0.5930555562500001 0.6641975312499999
0 0.5013888890625 0.659259259375 0.5013888890625 0.5432098765625 0.5013888890625 0.42716049375000004 0.44444444375 0.42716049375000004 0.3875 0.42716049375000004 0.3875 0.5432098765625 0.3875 0.659259259375 0.44444444375 0.659259259375 0.5013888890625 0.659259259375
0 0.34027777812500004 0.8444444437499999 0.34027777812500004 0.7024691359374999 0.34027777812500004 0.5604938265625 0.2708333328125 0.5604938265625 0.20138888906250002 0.5604938265625 0.20138888906250002 0.7024691359374999 0.20138888906250002 0.8444444437499999 0.2708333328125 0.8444444437499999 0.34027777812500004 0.8444444437499999
0 0.21805555625 1 0.21805555625 0.932098765625 0.21805555625 0.86419753125 0.1604166671875 0.86419753125 0.102777778125 0.86419753125 0.102777778125 0.932098765625 0.102777778125 1 0.1604166671875 1 0.21805555625 1