0 0.7819444437499999 0.6567901234375 0.7819444437499999 0.5716049375 0.7819444437499999 0.486419753125 0.74444444375 0.486419753125 0.70694444375 0.486419753125 0.70694444375 0.5716049375 0.70694444375 0.6567901234375 0.74444444375 0.6567901234375 0.7819444437499999 0.6567901234375
3 0.8458333328125001 0.75555555625 0.8458333328125001 0.7209876546875 0.8458333328125001 0.686419753125 0.8263888890625 0.686419753125 0.80694444375 0.686419753125 0.80694444375 0.7209876546875 0.80694444375 0.75555555625 0.8263888890625 0.75555555625 0.8458333328125001 0.75555555625
3 0.815277778125 0.6938271609375 0.815277778125 0.649382715625 0.815277778125 0.604938271875 0.784722221875 0.604938271875 0.7541666671875 0.604938271875 0.7541666671875 0.649382715625 0.7541666671875 0.6938271609375 0.784722221875 0.6938271609375 0.815277778125 0.6938271609375
0 0.23472222187499997 0.7259259265625 0.23472222187499997 0.691358025 0.23472222187499997 0.6567901234375 0.21180555625 0.6567901234375 0.1888888890625 0.6567901234375 0.1888888890625 0.691358025 0.1888888890625 0.7259259265625 0.21180555625 0.7259259265625 0.23472222187499997 0.7259259265625
0 0.702777778125 0.08148148125 0.702777778125 0.041975309375 0.702777778125 0.0024691359375 0.67430555625 0.0024691359375 0.6458333328125 0.0024691359375 0.6458333328125 0.041975309375 0.6458333328125 0.08148148125 0.67430555625 0.08148148125 0.702777778125 0.08148148125
3 0.322222221875 0.11851851875 0.322222221875 0.09012345625 0.322222221875 0.061728395312499997 0.29930555625 0.061728395312499997 0.27638888906250003 0.061728395312499997 0.27638888906250003 0.09012345625 0.27638888906250003 0.11851851875 0.29930555625 0.11851851875 0.322222221875 0.11851851875
3 0.0861111109375 0.3111111109375 0.0861111109375 0.27283950625000003 0.0861111109375 0.23456790156250001 0.0451388890625 0.23456790156250001 0.0041666671875 0.23456790156250001 0.0041666671875 0.27283950625000003 0.0041666671875 0.3111111109375 0.0451388890625 0.3111111109375 0.0861111109375 0.3111111109375
3 0.3861111109375 0.18024691406249999 0.3861111109375 0.141975309375 0.3861111109375 0.10370370312499999 0.3583333328125 0.10370370312499999 0.33055555625 0.10370370312499999 0.33055555625 0.141975309375 0.33055555625 0.18024691406249999 0.3583333328125 0.18024691406249999 0.3861111109375 0.18024691406249999
3 0.3458333328125 0.42469135781249995 0.3458333328125 0.37654320937499997 0.3458333328125 0.3283950625 0.3138888890625 0.3283950625 0.28194444375 0.3283950625 0.28194444375 0.37654320937499997 0.28194444375 0.42469135781249995 0.3138888890625 0.42469135781249995 0.3458333328125 0.42469135781249995
3 0.36944444375 0.604938271875 0.36944444375 0.5654320984375001 0.36944444375 0.5259259265625 0.34444444375 0.5259259265625 0.31944444375000003 0.5259259265625 0.31944444375000003 0.5654320984375001 0.31944444375000003 0.604938271875 0.34444444375 0.604938271875 0.36944444375 0.604938271875
3 0.30416666718749996 0.57283950625 0.30416666718749996 0.522222221875 0.30416666718749996 0.4716049375 0.2736111109375 0.4716049375 0.24305555625 0.4716049375 0.24305555625 0.522222221875 0.24305555625 0.57283950625 0.2736111109375 0.57283950625 0.30416666718749996 0.57283950625
3 0.70694444375 0.8518518515625001 0.70694444375 0.7839506171874999 0.70694444375 0.7160493828125001 0.6666666671875 0.7160493828125001 0.6263888890625 0.7160493828125001 0.6263888890625 0.7839506171874999 0.6263888890625 0.8518518515625001 0.6666666671875 0.8518518515625001 0.70694444375 0.8518518515625001
3 0.765277778125 0.9086419749999999 0.765277778125 0.8679012343749999 0.765277778125 0.8271604937499999 0.7451388890625 0.8271604937499999 0.725 0.8271604937499999 0.725 0.8679012343749999 0.725 0.9086419749999999 0.7451388890625 0.9086419749999999 0.765277778125 0.9086419749999999
0 0.46805555625000006 0.11851851875 0.46805555625000006 0.0629629625 0.46805555625000006 0.0074074078125 0.4291666671875 0.0074074078125 0.39027777812500003 0.0074074078125 0.39027777812500003 0.0629629625 0.39027777812500003 0.11851851875 0.4291666671875 0.11851851875 0.46805555625000006 0.11851851875