0 0.715277778125 0.308641975 0.715277778125 0.269135803125 0.715277778125 0.2296296296875 0.6916666671875 0.2296296296875 0.66805555625 0.2296296296875 0.66805555625 0.269135803125 0.66805555625 0.308641975 0.6916666671875 0.308641975 0.715277778125 0.308641975
0 0.54305555625 0.18271605 0.54305555625 0.1395061734375 0.54305555625 0.09629629687499999 0.51944444375 0.09629629687499999 0.49583333281249997 0.09629629687499999 0.49583333281249997 0.1395061734375 0.49583333281249997 0.18271605 0.51944444375 0.18271605 0.54305555625 0.18271605
0 1 0.35555555625 0.972222221875 0.35555555625 0.9444444437499999 0.35555555625 0.9444444437499999 0.41358024687499995 0.9444444437499999 0.4716049375 0.972222221875 0.4716049375 1 0.4716049375 1 0.41358024687499995 1 0.35555555625
0 1 0.8148148140625 0.965972221875 0.8148148140625 0.93194444375 0.8148148140625 0.93194444375 0.8740740734375001 0.93194444375 0.9333333328125001 0.965972221875 0.9333333328125001 1 0.9333333328125001 1 0.8740740734375001 1 0.8148148140625
0 0.7541666671875 0.7259259265625 0.7541666671875 0.640740740625 0.7541666671875 0.5555555562500001 0.70069444375 0.5555555562500001 0.647222221875 0.5555555562500001 0.647222221875 0.640740740625 0.647222221875 0.7259259265625 0.70069444375 0.7259259265625 0.7541666671875 0.7259259265625
0 0.4513888890625 0.6740740734374999 0.4513888890625 0.5975308640625 0.4513888890625 0.5209876546875 0.40833333281249995 0.5209876546875 0.365277778125 0.5209876546875 0.365277778125 0.5975308640625 0.365277778125 0.6740740734374999 0.40833333281249995 0.6740740734374999 0.4513888890625 0.6740740734374999
0 0.15277777812499999 0.6716049374999999 0.15277777812499999 0.6259259265625 0.15277777812499999 0.5802469140625 0.11180555625 0.5802469140625 0.07083333281250001 0.5802469140625 0.07083333281250001 0.6259259265625 0.07083333281250001 0.6716049374999999 0.11180555625 0.6716049374999999 0.15277777812499999 0.6716049374999999
0 0.0361111109375 0.73580246875 0.0361111109375 0.68148148125 0.0361111109375 0.62716049375 0.01875 0.62716049375 0.0013888890625 0.62716049375 0.0013888890625 0.68148148125 0.0013888890625 0.73580246875 0.01875 0.73580246875 0.0361111109375 0.73580246875
3 0.597222221875 0.5950617281249999 0.597222221875 0.558024690625 0.597222221875 0.5209876546875 0.56805555625 0.5209876546875 0.5388888890625 0.5209876546875 0.5388888890625 0.558024690625 0.5388888890625 0.5950617281249999 0.56805555625 0.5950617281249999 0.597222221875 0.5950617281249999
3 0.6513888890625 0.7061728390625001 0.6513888890625 0.659259259375 0.6513888890625 0.6123456796875 0.615972221875 0.6123456796875 0.58055555625 0.6123456796875 0.58055555625 0.659259259375 0.58055555625 0.7061728390625001 0.615972221875 0.7061728390625001 0.6513888890625 0.7061728390625001
3 0.8194444437499999 0.9333333328125001 0.8194444437499999 0.8604938265625 0.8194444437499999 0.7876543203125 0.7645833328125 0.7876543203125 0.709722221875 0.7876543203125 0.709722221875 0.8604938265625 0.709722221875 0.9333333328125001 0.7645833328125 0.9333333328125001 0.8194444437499999 0.9333333328125001
3 0.5930555562500001 0.8 0.5930555562500001 0.7567901234375001 0.5930555562500001 0.713580246875 0.54930555625 0.713580246875 0.50555555625 0.713580246875 0.50555555625 0.7567901234375001 0.50555555625 0.8 0.54930555625 0.8 0.5930555562500001 0.8