3 0.8513888890624999 0.3604938265625 0.8513888890624999 0.33580246874999997 0.8513888890624999 0.3111111109375 0.834722221875 0.3111111109375 0.81805555625 0.3111111109375 0.81805555625 0.33580246874999997 0.81805555625 0.3604938265625 0.834722221875 0.3604938265625 0.8513888890624999 0.3604938265625
3 0.877777778125 0.4617283953125 0.877777778125 0.42592592656250006 0.877777778125 0.39012345625 0.85694444375 0.39012345625 0.8361111109375001 0.39012345625 0.8361111109375001 0.42592592656250006 0.8361111109375001 0.4617283953125 0.85694444375 0.4617283953125 0.877777778125 0.4617283953125
0 0.3611111109375 0.7209876546875 0.3611111109375 0.6925925921875 0.3611111109375 0.6641975312499999 0.3416666671875 0.6641975312499999 0.322222221875 0.6641975312499999 0.322222221875 0.6925925921875 0.322222221875 0.7209876546875 0.3416666671875 0.7209876546875 0.3611111109375 0.7209876546875
0 0.36944444375 0.8543209875000001 0.36944444375 0.8024691359375 0.36944444375 0.750617284375 0.34305555625 0.750617284375 0.3166666671875 0.750617284375 0.3166666671875 0.8024691359375 0.3166666671875 0.8543209875000001 0.34305555625 0.8543209875000001 0.36944444375 0.8543209875000001
0 0.9263888890624999 0.77283950625 0.9263888890624999 0.7197530859375 0.9263888890624999 0.6666666671875 0.89444444375 0.6666666671875 0.8625 0.6666666671875 0.8625 0.7197530859375 0.8625 0.77283950625 0.89444444375 0.77283950625 0.9263888890624999 0.77283950625
0 0.9013888890624999 0.6641975312499999 0.9013888890624999 0.6123456796875 0.9013888890624999 0.5604938265625 0.8729166671874999 0.5604938265625 0.8444444437499999 0.5604938265625 0.8444444437499999 0.6123456796875 0.8444444437499999 0.6641975312499999 0.8729166671874999 0.6641975312499999 0.9013888890624999 0.6641975312499999
0 0.590277778125 0.4716049375 0.590277778125 0.43580246875000006 0.590277778125 0.4 0.571527778125 0.4 0.5527777781250001 0.4 0.5527777781250001 0.43580246875000006 0.5527777781250001 0.4716049375 0.571527778125 0.4716049375 0.590277778125 0.4716049375
0 0.48055555625 0.5481481484375 0.48055555625 0.49506172812499993 0.48055555625 0.44197530937499996 0.45208333281249996 0.44197530937499996 0.4236111109375 0.44197530937499996 0.4236111109375 0.49506172812499993 0.4236111109375 0.5481481484375 0.45208333281249996 0.5481481484375 0.48055555625 0.5481481484375
0 0.3111111109375 0.5654320984375001 0.3111111109375 0.5296296296875 0.3111111109375 0.49382716093749995 0.290277778125 0.49382716093749995 0.26944444375 0.49382716093749995 0.26944444375 0.5296296296875 0.26944444375 0.5654320984375001 0.290277778125 0.5654320984375001 0.3111111109375 0.5654320984375001
0 0.24444444375000002 0.62716049375 0.24444444375000002 0.576543209375 0.24444444375000002 0.5259259265625 0.20972222187499998 0.5259259265625 0.175 0.5259259265625 0.175 0.576543209375 0.175 0.62716049375 0.20972222187499998 0.62716049375 0.24444444375000002 0.62716049375
0 0.16944444375 0.641975309375 0.16944444375 0.5888888890625 0.16944444375 0.53580246875 0.12847222187500001 0.53580246875 0.0875 0.53580246875 0.0875 0.5888888890625 0.0875 0.641975309375 0.12847222187500001 0.641975309375 0.16944444375 0.641975309375
3 0.840277778125 0.8938271609375 0.840277778125 0.840740740625 0.840277778125 0.7876543203125 0.809027778125 0.7876543203125 0.777777778125 0.7876543203125 0.777777778125 0.840740740625 0.777777778125 0.8938271609375 0.809027778125 0.8938271609375 0.840277778125 0.8938271609375
3 0.659722221875 0.8024691359375 0.659722221875 0.7567901234375001 0.659722221875 0.7111111109375 0.6354166671875 0.7111111109375 0.6111111109375 0.7111111109375 0.6111111109375 0.7567901234375001 0.6111111109375 0.8024691359375 0.6354166671875 0.8024691359375 0.659722221875 0.8024691359375
3 0.44305555625000004 0.9604938265625 0.44305555625000004 0.8901234562499999 0.44305555625000004 0.8197530859375 0.40833333281249995 0.8197530859375 0.3736111109375 0.8197530859375 0.3736111109375 0.8901234562499999 0.3736111109375 0.9604938265625 0.40833333281249995 0.9604938265625 0.44305555625000004 0.9604938265625
3 0.40833333281249995 0.7629629625 0.40833333281249995 0.7333333328125 0.40833333281249995 0.703703703125 0.38819444375 0.703703703125 0.36805555624999997 0.703703703125 0.36805555624999997 0.7333333328125 0.36805555624999997 0.7629629625 0.38819444375 0.7629629625 0.40833333281249995 0.7629629625
3 0.26944444375 0.8444444437499999 0.26944444375 0.7814814812499999 0.26944444375 0.7185185187500001 0.22291666718749997 0.7185185187500001 0.1763888890625 0.7185185187500001 0.1763888890625 0.7814814812499999 0.1763888890625 0.8444444437499999 0.22291666718749997 0.8444444437499999 0.26944444375 0.8444444437499999
3 0.0986111109375 0.8740740734375001 0.0986111109375 0.8333333328125001 0.0986111109375 0.7925925921875 0.0645833328125 0.7925925921875 0.030555556249999997 0.7925925921875 0.030555556249999997 0.8333333328125001 0.030555556249999997 0.8740740734375001 0.0645833328125 0.8740740734375001 0.0986111109375 0.8740740734375001