1 0.2513888890625 0.7604938265625 0.2513888890625 0.7111111109375 0.2513888890625 0.6617283953124999 0.22569444375 0.6617283953124999 0.2 0.6617283953124999 0.2 0.7111111109375 0.2 0.7604938265625 0.22569444375 0.7604938265625 0.2513888890625 0.7604938265625
0 0.2 1 0.2 0.9296296296875 0.2 0.859259259375 0.14375 0.859259259375 0.0875 0.859259259375 0.0875 0.9296296296875 0.0875 1 0.14375 1 0.2 1
0 0.8208333328125 0.2666666671875 0.8208333328125 0.18148148125000002 0.8208333328125 0.09629629687499999 0.76944444375 0.09629629687499999 0.7180555562500001 0.09629629687499999 0.7180555562500001 0.18148148125000002 0.7180555562500001 0.2666666671875 0.76944444375 0.2666666671875 0.8208333328125 0.2666666671875
0 0.8194444437499999 0.550617284375 0.8194444437499999 0.47654320937500005 0.8194444437499999 0.4024691359375 0.7826388890625 0.4024691359375 0.7458333328125 0.4024691359375 0.7458333328125 0.47654320937500005 0.7458333328125 0.550617284375 0.7826388890625 0.550617284375 0.8194444437499999 0.550617284375
0 0.6416666671875 0.3753086421875 0.6416666671875 0.313580246875 0.6416666671875 0.2518518515625 0.61180555625 0.2518518515625 0.58194444375 0.2518518515625 0.58194444375 0.313580246875 0.58194444375 0.3753086421875 0.61180555625 0.3753086421875 0.6416666671875 0.3753086421875
0 0.6208333328125 0.24444444375000002 0.6208333328125 0.19012345625 0.6208333328125 0.13580246875 0.5930555562500001 0.13580246875 0.565277778125 0.13580246875 0.565277778125 0.19012345625 0.565277778125 0.24444444375000002 0.5930555562500001 0.24444444375000002 0.6208333328125 0.24444444375000002
0 0.24583333281250003 0.1061728390625 0.24583333281250003 0.054320987499999994 0.24583333281250003 0.0024691359375 0.21805555625 0.0024691359375 0.190277778125 0.0024691359375 0.190277778125 0.054320987499999994 0.190277778125 0.1061728390625 0.21805555625 0.1061728390625 0.24583333281250003 0.1061728390625
0 0.052777778124999994 0.2543209875 0.052777778124999994 0.1716049375 0.052777778124999994 0.0888888890625 0.0270833328125 0.0888888890625 0.0013888890625 0.0888888890625 0.0013888890625 0.1716049375 0.0013888890625 0.2543209875 0.0270833328125 0.2543209875 0.052777778124999994 0.2543209875
3 0.38333333281250004 0.11851851875 0.38333333281250004 0.077777778125 0.38333333281250004 0.037037037499999995 0.3541666671875 0.037037037499999995 0.325 0.037037037499999995 0.325 0.077777778125 0.325 0.11851851875 0.3541666671875 0.11851851875 0.38333333281250004 0.11851851875
3 0.9111111109375001 0.2123456796875 0.9111111109375001 0.16419753125 0.9111111109375001 0.11604938281249999 0.8798611109375001 0.11604938281249999 0.8486111109375001 0.11604938281249999 0.8486111109375001 0.16419753125 0.8486111109375001 0.2123456796875 0.8798611109375001 0.2123456796875 0.9111111109375001 0.2123456796875
3 0.0625 0.9135802468750001 0.0625 0.8160493828125001 0.0625 0.7185185187500001 0.03194444375 0.7185185187500001 0.0013888890625 0.7185185187500001 0.0013888890625 0.8160493828125001 0.0013888890625 0.9135802468750001 0.03194444375 0.9135802468750001 0.0625 0.9135802468750001
3 0.36666666718749996 0.5333333328125 0.36666666718749996 0.4802469140625 0.36666666718749996 0.42716049375000004 0.33819444375 0.42716049375000004 0.309722221875 0.42716049375000004 0.309722221875 0.4802469140625 0.309722221875 0.5333333328125 0.33819444375 0.5333333328125 0.36666666718749996 0.5333333328125
3 0.5694444437499999 0.5432098765625 0.5694444437499999 0.486419753125 0.5694444437499999 0.4296296296875 0.54444444375 0.4296296296875 0.51944444375 0.4296296296875 0.51944444375 0.486419753125 0.51944444375 0.5432098765625 0.54444444375 0.5432098765625 0.5694444437499999 0.5432098765625
3 0.45555555625000005 0.9358024687500001 0.45555555625000005 0.8703703703125001 0.45555555625000005 0.804938271875 0.42291666718750004 0.804938271875 0.39027777812500003 0.804938271875 0.39027777812500003 0.8703703703125001 0.39027777812500003 0.9358024687500001 0.42291666718750004 0.9358024687500001 0.45555555625000005 0.9358024687500001
3 0.384722221875 0.7209876546875 0.384722221875 0.676543209375 0.384722221875 0.632098765625 0.3576388890625 0.632098765625 0.33055555625 0.632098765625 0.33055555625 0.676543209375 0.33055555625 0.7209876546875 0.3576388890625 0.7209876546875 0.384722221875 0.7209876546875