3 0.6861111109375 0.5802469140625 0.6861111109375 0.5370370375 0.6861111109375 0.49382716093749995 0.6555555562500001 0.49382716093749995 0.625 0.49382716093749995 0.625 0.5370370375 0.625 0.5802469140625 0.6555555562500001 0.5802469140625 0.6861111109375 0.5802469140625
3 0.6569444437499999 0.64444444375 0.6569444437499999 0.6 0.6569444437499999 0.5555555562500001 0.6326388890625 0.5555555562500001 0.6083333328125 0.5555555562500001 0.6083333328125 0.6 0.6083333328125 0.64444444375 0.6326388890625 0.64444444375 0.6569444437499999 0.64444444375
3 0.9 0.5703703703125 0.9 0.5296296296875 0.9 0.4888888890625 0.8736111109375001 0.4888888890625 0.847222221875 0.4888888890625 0.847222221875 0.5296296296875 0.847222221875 0.5703703703125 0.8736111109375001 0.5703703703125 0.9 0.5703703703125
3 0.94305555625 0.7876543203125 0.94305555625 0.7345679015625 0.94305555625 0.68148148125 0.9104166671874999 0.68148148125 0.877777778125 0.68148148125 0.877777778125 0.7345679015625 0.877777778125 0.7876543203125 0.9104166671874999 0.7876543203125 0.94305555625 0.7876543203125
3 1 0.8666666671875 0.9854166671875 0.8666666671875 0.9708333328125001 0.8666666671875 0.9708333328125001 0.92716049375 0.9708333328125001 0.9876543203124999 0.9854166671875 0.9876543203124999 1 0.9876543203124999 1 0.92716049375 1 0.8666666671875
3 0.54305555625 0.42469135781249995 0.54305555625 0.39012345625 0.54305555625 0.35555555625 0.5236111109375 0.35555555625 0.5041666671875 0.35555555625 0.5041666671875 0.39012345625 0.5041666671875 0.42469135781249995 0.5236111109375 0.42469135781249995 0.54305555625 0.42469135781249995
3 0.6708333328125 0.4 0.6708333328125 0.350617284375 0.6708333328125 0.30123456718749997 0.6416666671875 0.30123456718749997 0.6125 0.30123456718749997 0.6125 0.350617284375 0.6125 0.4 0.6416666671875 0.4 0.6708333328125 0.4
3 0.8763888890624999 0.3333333328125 0.8763888890624999 0.29135802499999996 0.8763888890624999 0.249382715625 0.8520833328125 0.249382715625 0.827777778125 0.249382715625 0.827777778125 0.29135802499999996 0.827777778125 0.3333333328125 0.8520833328125 0.3333333328125 0.8763888890624999 0.3333333328125
3 0.64305555625 0.26419753125 0.64305555625 0.240740740625 0.64305555625 0.21728394999999998 0.6256944437499999 0.21728394999999998 0.6083333328125 0.21728394999999998 0.6083333328125 0.240740740625 0.6083333328125 0.26419753125 0.6256944437499999 0.26419753125 0.64305555625 0.26419753125
3 0.55 0.24444444375000002 0.55 0.20370370312500002 0.55 0.1629629625 0.5166666671875 0.1629629625 0.48333333281249996 0.1629629625 0.48333333281249996 0.20370370312500002 0.48333333281249996 0.24444444375000002 0.5166666671875 0.24444444375000002 0.55 0.24444444375000002
3 0.11944444375 0.47407407343749997 0.11944444375 0.43827160468750004 0.11944444375 0.4024691359375 0.0979166671875 0.4024691359375 0.07638888906249999 0.4024691359375 0.07638888906249999 0.43827160468750004 0.07638888906249999 0.47407407343749997 0.0979166671875 0.47407407343749997 0.11944444375 0.47407407343749997
3 0.34305555625 0.1753086421875 0.34305555625 0.13333333281249998 0.34305555625 0.091358025 0.3166666671875 0.091358025 0.290277778125 0.091358025 0.290277778125 0.13333333281249998 0.290277778125 0.1753086421875 0.3166666671875 0.1753086421875 0.34305555625 0.1753086421875
0 0.4763888890625 0.449382715625 0.4763888890625 0.39382716093750003 0.4763888890625 0.3382716046875 0.44236111093749997 0.3382716046875 0.40833333281249995 0.3382716046875 0.40833333281249995 0.39382716093750003 0.40833333281249995 0.449382715625 0.44236111093749997 0.449382715625 0.4763888890625 0.449382715625
0 0.46527777812500004 0.12345679062499999 0.46527777812500004 0.076543209375 0.46527777812500004 0.0296296296875 0.43958333281249995 0.0296296296875 0.4138888890625 0.0296296296875 0.4138888890625 0.076543209375 0.4138888890625 0.12345679062499999 0.43958333281249995 0.12345679062499999 0.46527777812500004 0.12345679062499999
0 0.525 0.12592592656249998 0.525 0.0740740734375 0.525 0.022222221875 0.497222221875 0.022222221875 0.46944444374999994 0.022222221875 0.46944444374999994 0.0740740734375 0.46944444374999994 0.12592592656249998 0.497222221875 0.12592592656249998 0.525 0.12592592656249998
0 0.827777778125 0.051851851562499995 0.827777778125 0.027160493749999997 0.827777778125 0.0024691359375 0.80694444375 0.0024691359375 0.7861111109375 0.0024691359375 0.7861111109375 0.027160493749999997 0.7861111109375 0.051851851562499995 0.80694444375 0.051851851562499995 0.827777778125 0.051851851562499995
0 0.70694444375 0.09629629687499999 0.70694444375 0.05308642031250001 0.70694444375 0.00987654375 0.6875 0.00987654375 0.66805555625 0.00987654375 0.66805555625 0.05308642031250001 0.66805555625 0.09629629687499999 0.6875 0.09629629687499999 0.70694444375 0.09629629687499999
0 0.725 0.47901234531250003 0.725 0.43827160468750004 0.725 0.3975308640625 0.6958333328124999 0.3975308640625 0.6666666671875 0.3975308640625 0.6666666671875 0.43827160468750004 0.6666666671875 0.47901234531250003 0.6958333328124999 0.47901234531250003 0.725 0.47901234531250003
0 0.9888888890624999 0.5555555562500001 0.9888888890624999 0.5074074078125 0.9888888890624999 0.459259259375 0.96319444375 0.459259259375 0.9375 0.459259259375 0.9375 0.5074074078125 0.9375 0.5555555562500001 0.96319444375 0.5555555562500001 0.9888888890624999 0.5555555562500001
3 0.4361111109375 0.25679012343749996 0.4361111109375 0.223456790625 0.4361111109375 0.19012345625 0.41180555625000004 0.19012345625 0.3875 0.19012345625 0.3875 0.223456790625 0.3875 0.25679012343749996 0.41180555625000004 0.25679012343749996 0.4361111109375 0.25679012343749996