3 0.775 0.8098765437500001 0.775 0.7 0.775 0.59012345625 0.7118055562500001 0.59012345625 0.6486111109375 0.59012345625 0.6486111109375 0.7 0.6486111109375 0.8098765437500001 0.7118055562500001 0.8098765437500001 0.775 0.8098765437500001
3 0.5763888890625 0.9259259265625 0.5763888890625 0.8246913578124999 0.5763888890625 0.723456790625 0.509027778125 0.723456790625 0.44166666718750003 0.723456790625 0.44166666718750003 0.8246913578124999 0.44166666718750003 0.9259259265625 0.509027778125 0.9259259265625 0.5763888890625 0.9259259265625
3 0.6111111109375 0.47407407343749997 0.6111111109375 0.40987654375 0.6111111109375 0.3456790125 0.5763888890625 0.3456790125 0.5416666671875 0.3456790125 0.5416666671875 0.40987654375 0.5416666671875 0.47407407343749997 0.5763888890625 0.47407407343749997 0.6111111109375 0.47407407343749997
3 0.46666666718750005 0.5555555562500001 0.46666666718750005 0.48148148125 0.46666666718750005 0.4074074078125 0.4270833328125 0.4074074078125 0.3875 0.4074074078125 0.3875 0.48148148125 0.3875 0.5555555562500001 0.4270833328125 0.5555555562500001 0.46666666718750005 0.5555555562500001
0 0.6180555562500001 1 0.6180555562500001 0.941975309375 0.6180555562500001 0.8839506171875 0.5722222218749999 0.8839506171875 0.5263888890625 0.8839506171875 0.5263888890625 0.941975309375 0.5263888890625 1 0.5722222218749999 1 0.6180555562500001 1
0 0.959722221875 0.08148148125 0.959722221875 0.041975309375 0.959722221875 0.0024691359375 0.9013888890624999 0.0024691359375 0.8430555562500001 0.0024691359375 0.8430555562500001 0.041975309375 0.8430555562500001 0.08148148125 0.9013888890624999 0.08148148125 0.959722221875 0.08148148125
0 0.9694444437499999 0.3061728390625 0.9694444437499999 0.195061728125 0.9694444437499999 0.08395061718749999 0.9138888890624999 0.08395061718749999 0.8583333328125 0.08395061718749999 0.8583333328125 0.195061728125 0.8583333328125 0.3061728390625 0.9138888890624999 0.3061728390625 0.9694444437499999 0.3061728390625
0 0.877777778125 0.2543209875 0.877777778125 0.13703703750000001 0.877777778125 0.0197530859375 0.8263888890625 0.0197530859375 0.775 0.0197530859375 0.775 0.13703703750000001 0.775 0.2543209875 0.8263888890625 0.2543209875 0.877777778125 0.2543209875
0 0.7666666671875 0.10370370312499999 0.7666666671875 0.05308642031250001 0.7666666671875 0.0024691359375 0.7104166671875001 0.0024691359375 0.6541666671875 0.0024691359375 0.6541666671875 0.05308642031250001 0.6541666671875 0.10370370312499999 0.7104166671875001 0.10370370312499999 0.7666666671875 0.10370370312499999
0 0.9166666671874999 0.4888888890625 0.9166666671874999 0.391358025 0.9166666671874999 0.2938271609375 0.8513888890624999 0.2938271609375 0.7861111109375 0.2938271609375 0.7861111109375 0.391358025 0.7861111109375 0.4888888890625 0.8513888890624999 0.4888888890625 0.9166666671874999 0.4888888890625
0 1 0.4370370375 0.95 0.4370370375 0.9 0.4370370375 0.9 0.5469135796875 0.9 0.6567901234375 0.95 0.6567901234375 1 0.6567901234375 1 0.5469135796875 1 0.4370370375
0 0.922222221875 0.8271604937499999 0.922222221875 0.7209876546875 0.922222221875 0.6148148140624999 0.8638888890624999 0.6148148140624999 0.8055555562500001 0.6148148140624999 0.8055555562500001 0.7209876546875 0.8055555562500001 0.8271604937499999 0.8638888890624999 0.8271604937499999 0.922222221875 0.8271604937499999
0 0.877777778125 0.6938271609375 0.877777778125 0.5962962968750001 0.877777778125 0.4987654328125 0.8263888890625 0.4987654328125 0.775 0.4987654328125 0.775 0.5962962968750001 0.775 0.6938271609375 0.8263888890625 0.6938271609375 0.877777778125 0.6938271609375
0 0.40833333281249995 0.8197530859375 0.40833333281249995 0.767901234375 0.40833333281249995 0.7160493828125001 0.37430555625 0.7160493828125001 0.34027777812500004 0.7160493828125001 0.34027777812500004 0.767901234375 0.34027777812500004 0.8197530859375 0.37430555625 0.8197530859375 0.40833333281249995 0.8197530859375
0 0.40555555625000006 0.977777778125 0.40555555625000006 0.9135802468750001 0.40555555625000006 0.8493827156249999 0.36805555624999997 0.8493827156249999 0.33055555625 0.8493827156249999 0.33055555625 0.9135802468750001 0.33055555625 0.977777778125 0.36805555624999997 0.977777778125 0.40555555625000006 0.977777778125
0 0.49444444374999996 0.276543209375 0.49444444374999996 0.14444444375 0.49444444374999996 0.0123456796875 0.4270833328125 0.0123456796875 0.35972222187499997 0.0123456796875 0.35972222187499997 0.14444444375 0.35972222187499997 0.276543209375 0.4270833328125 0.276543209375 0.49444444374999996 0.276543209375
0 0.3541666671875 0.2740740734375 0.3541666671875 0.19012345625 0.3541666671875 0.1061728390625 0.30069444375 0.1061728390625 0.24722222187499998 0.1061728390625 0.24722222187499998 0.19012345625 0.24722222187499998 0.2740740734375 0.30069444375 0.2740740734375 0.3541666671875 0.2740740734375
0 0.3361111109375 0.7012345671875 0.3361111109375 0.64444444375 0.3361111109375 0.5876543203125 0.29444444375 0.5876543203125 0.252777778125 0.5876543203125 0.252777778125 0.64444444375 0.252777778125 0.7012345671875 0.29444444375 0.7012345671875 0.3361111109375 0.7012345671875
1 0.7986111109375 0.5753086421875 0.7986111109375 0.45679012343750003 0.7986111109375 0.3382716046875 0.76944444375 0.3382716046875 0.7402777781250001 0.3382716046875 0.7402777781250001 0.45679012343750003 0.7402777781250001 0.5753086421875 0.76944444375 0.5753086421875 0.7986111109375 0.5753086421875
1 0.6375 0.35802469062500003 0.6375 0.21111111093749999 0.6375 0.06419753125 0.5708333328124999 0.06419753125 0.5041666671875 0.06419753125 0.5041666671875 0.21111111093749999 0.5041666671875 0.35802469062500003 0.5708333328124999 0.35802469062500003 0.6375 0.35802469062500003
1 0.6541666671875 0.8024691359375 0.6541666671875 0.704938271875 0.6541666671875 0.6074074078125 0.58055555625 0.6074074078125 0.5069444437499999 0.6074074078125 0.5069444437499999 0.704938271875 0.5069444437499999 0.8024691359375 0.58055555625 0.8024691359375 0.6541666671875 0.8024691359375