0 0.175 1 0.175 0.9432098765625 0.175 0.886419753125 0.1451388890625 0.886419753125 0.115277778125 0.886419753125 0.115277778125 0.9432098765625 0.115277778125 1 0.1451388890625 1 0.175 1
3 0.322222221875 1 0.322222221875 0.98271605 0.322222221875 0.9654320984375 0.29652777812500003 0.9654320984375 0.2708333328125 0.9654320984375 0.2708333328125 0.98271605 0.2708333328125 1 0.29652777812500003 1 0.322222221875 1
0 0.1361111109375 0.7654320984375 0.1361111109375 0.7160493828125001 0.1361111109375 0.6666666671875 0.103472221875 0.6666666671875 0.07083333281250001 0.6666666671875 0.07083333281250001 0.7160493828125001 0.07083333281250001 0.7654320984375 0.103472221875 0.7654320984375 0.1361111109375 0.7654320984375
0 0.4236111109375 1 0.4236111109375 0.9629629625 0.4236111109375 0.9259259265625 0.38680555625 0.9259259265625 0.35 0.9259259265625 0.35 0.9629629625 0.35 1 0.38680555625 1 0.4236111109375 1
3 0.48194444374999995 0.9925925921875001 0.48194444374999995 0.9481481484375 0.48194444374999995 0.9037037031249999 0.44930555625 0.9037037031249999 0.4166666671875 0.9037037031249999 0.4166666671875 0.9481481484375 0.4166666671875 0.9925925921875001 0.44930555625 0.9925925921875001 0.48194444374999995 0.9925925921875001
0 0.44166666718750003 0.6617283953124999 0.44166666718750003 0.61851851875 0.44166666718750003 0.5753086421875 0.41875 0.5753086421875 0.3958333328125 0.5753086421875 0.3958333328125 0.61851851875 0.3958333328125 0.6617283953124999 0.41875 0.6617283953124999 0.44166666718750003 0.6617283953124999
0 0.9986111109375001 0.9802469140625 0.9986111109375001 0.86419753125 0.9986111109375001 0.7481481484375 0.90625 0.7481481484375 0.8138888890624999 0.7481481484375 0.8138888890624999 0.86419753125 0.8138888890624999 0.9802469140625 0.90625 0.9802469140625 0.9986111109375001 0.9802469140625
0 0.875 0.8938271609375 0.875 0.7938271609374999 0.875 0.6938271609375 0.8083333328125001 0.6938271609375 0.7416666671875001 0.6938271609375 0.7416666671875001 0.7938271609374999 0.7416666671875001 0.8938271609375 0.8083333328125001 0.8938271609375 0.875 0.8938271609375
0 0.66805555625 0.9160493828125 0.66805555625 0.8765432093750001 0.66805555625 0.8370370375 0.6513888890625 0.8370370375 0.6347222218749999 0.8370370375 0.6347222218749999 0.8765432093750001 0.6347222218749999 0.9160493828125 0.6513888890625 0.9160493828125 0.66805555625 0.9160493828125
0 0.66805555625 0.9802469140625 0.66805555625 0.9444444437499999 0.66805555625 0.9086419749999999 0.6486111109375 0.9086419749999999 0.6291666671875 0.9086419749999999 0.6291666671875 0.9444444437499999 0.6291666671875 0.9802469140625 0.6486111109375 0.9802469140625 0.66805555625 0.9802469140625
3 0.715277778125 0.995061728125 0.715277778125 0.9580246906250001 0.715277778125 0.9209876546875 0.6895833328125 0.9209876546875 0.6638888890625 0.9209876546875 0.6638888890625 0.9580246906250001 0.6638888890625 0.995061728125 0.6895833328125 0.995061728125 0.715277778125 0.995061728125