0 0.915277778125 0.7012345671875 0.915277778125 0.5666666671875 0.915277778125 0.432098765625 0.84375 0.432098765625 0.772222221875 0.432098765625 0.772222221875 0.5666666671875 0.772222221875 0.7012345671875 0.84375 0.7012345671875 0.915277778125 0.7012345671875
0 0.6 0.995061728125 0.6 0.8703703703125001 0.6 0.7456790125 0.5326388890625 0.7456790125 0.46527777812500004 0.7456790125 0.46527777812500004 0.8703703703125001 0.46527777812500004 0.995061728125 0.5326388890625 0.995061728125 0.6 0.995061728125
3 0.5291666671875 0.6666666671875 0.5291666671875 0.6160493828125 0.5291666671875 0.5654320984375001 0.490277778125 0.5654320984375001 0.4513888890625 0.5654320984375001 0.4513888890625 0.6160493828125 0.4513888890625 0.6666666671875 0.490277778125 0.6666666671875 0.5291666671875 0.6666666671875
3 1 0.9135802468750001 0.9770833328125 0.9135802468750001 0.9541666671875 0.9135802468750001 0.9541666671875 0.9567901234375 0.9541666671875 1 0.9770833328125 1 1 1 1 0.9567901234375 1 0.9135802468750001
3 0.45555555625000005 0.550617284375 0.45555555625000005 0.51851851875 0.45555555625000005 0.486419753125 0.425 0.486419753125 0.39444444375 0.486419753125 0.39444444375 0.51851851875 0.39444444375 0.550617284375 0.425 0.550617284375 0.45555555625000005 0.550617284375
3 0.33055555625 0.6345679015625 0.33055555625 0.6024691359375 0.33055555625 0.5703703703125 0.30902777812500004 0.5703703703125 0.2875 0.5703703703125 0.2875 0.6024691359375 0.2875 0.6345679015625 0.30902777812500004 0.6345679015625 0.33055555625 0.6345679015625
0 0.28194444375 0.8320987656250001 0.28194444375 0.777777778125 0.28194444375 0.723456790625 0.25486111093749997 0.723456790625 0.22777777812500002 0.723456790625 0.22777777812500002 0.777777778125 0.22777777812500002 0.8320987656250001 0.25486111093749997 0.8320987656250001 0.28194444375 0.8320987656250001
0 0.172222221875 0.8493827156249999 0.172222221875 0.7888888890625 0.172222221875 0.7283950625 0.13333333281249998 0.7283950625 0.09444444375 0.7283950625 0.09444444375 0.7888888890625 0.09444444375 0.8493827156249999 0.13333333281249998 0.8493827156249999 0.172222221875 0.8493827156249999
0 0.17361111093749998 0.6790123453125 0.17361111093749998 0.6382716046875 0.17361111093749998 0.5975308640625 0.14791666718750002 0.5975308640625 0.12222222187500001 0.5975308640625 0.12222222187500001 0.6382716046875 0.12222222187500001 0.6790123453125 0.14791666718750002 0.6790123453125 0.17361111093749998 0.6790123453125
0 0.584722221875 0.37283950625 0.584722221875 0.3246913578125 0.584722221875 0.276543209375 0.55625 0.276543209375 0.527777778125 0.276543209375 0.527777778125 0.3246913578125 0.527777778125 0.37283950625 0.55625 0.37283950625 0.584722221875 0.37283950625
0 0.6555555562500001 0.2469135796875 0.6555555562500001 0.208641975 0.6555555562500001 0.1703703703125 0.6333333328124999 0.1703703703125 0.6111111109375 0.1703703703125 0.6111111109375 0.208641975 0.6111111109375 0.2469135796875 0.6333333328124999 0.2469135796875 0.6555555562500001 0.2469135796875