0 0.9055555562500001 0.10123456718749999 0.9055555562500001 0.051851851562499995 0.9055555562500001 0.0024691359375 0.8666666671875 0.0024691359375 0.827777778125 0.0024691359375 0.827777778125 0.051851851562499995 0.827777778125 0.10123456718749999 0.8666666671875 0.10123456718749999 0.9055555562500001 0.10123456718749999
3 0.13333333281249998 0.8271604937499999 0.13333333281249998 0.7604938265625 0.13333333281249998 0.6938271609375 0.09097222187500001 0.6938271609375 0.0486111109375 0.6938271609375 0.0486111109375 0.7604938265625 0.0486111109375 0.8271604937499999 0.09097222187500001 0.8271604937499999 0.13333333281249998 0.8271604937499999
3 0.5861111109375 0.18271605 0.5861111109375 0.13703703750000001 0.5861111109375 0.091358025 0.5604166671875 0.091358025 0.534722221875 0.091358025 0.534722221875 0.13703703750000001 0.534722221875 0.18271605 0.5604166671875 0.18271605 0.5861111109375 0.18271605
3 0.76805555625 0.13580246875 0.76805555625 0.08271605 0.76805555625 0.0296296296875 0.7229166671875 0.0296296296875 0.6777777781250001 0.0296296296875 0.6777777781250001 0.08271605 0.6777777781250001 0.13580246875 0.7229166671875 0.13580246875 0.76805555625 0.13580246875
0 0.577777778125 1 0.577777778125 0.959259259375 0.577777778125 0.91851851875 0.540277778125 0.91851851875 0.502777778125 0.91851851875 0.502777778125 0.959259259375 0.502777778125 1 0.540277778125 1 0.577777778125 1
0 1 0.20740740781250003 0.9604166671875 0.20740740781250003 0.9208333328125 0.20740740781250003 0.9208333328125 0.2604938265625 0.9208333328125 0.313580246875 0.9604166671875 0.313580246875 1 0.313580246875 1 0.2604938265625 1 0.20740740781250003
0 0.66805555625 0.1654320984375 0.66805555625 0.104938271875 0.66805555625 0.04444444375 0.6291666671875 0.04444444375 0.590277778125 0.04444444375 0.590277778125 0.104938271875 0.590277778125 0.1654320984375 0.6291666671875 0.1654320984375 0.66805555625 0.1654320984375
0 0.5736111109375 0.086419753125 0.5736111109375 0.04444444375 0.5736111109375 0.0024691359375 0.547222221875 0.0024691359375 0.5208333328125 0.0024691359375 0.5208333328125 0.04444444375 0.5208333328125 0.086419753125 0.547222221875 0.086419753125 0.5736111109375 0.086419753125
0 0.3958333328125 0.5876543203125 0.3958333328125 0.5518518515624999 0.3958333328125 0.5160493828125 0.37013888906250003 0.5160493828125 0.34444444375 0.5160493828125 0.34444444375 0.5518518515624999 0.34444444375 0.5876543203125 0.37013888906250003 0.5876543203125 0.3958333328125 0.5876543203125
3 0.9930555562500001 0.740740740625 0.9930555562500001 0.667901234375 0.9930555562500001 0.5950617281249999 0.94930555625 0.5950617281249999 0.9055555562500001 0.5950617281249999 0.9055555562500001 0.667901234375 0.9055555562500001 0.740740740625 0.94930555625 0.740740740625 0.9930555562500001 0.740740740625
3 0.6013888890625 0.5209876546875 0.6013888890625 0.4716049375 0.6013888890625 0.42222222187499997 0.57430555625 0.42222222187499997 0.547222221875 0.42222222187499997 0.547222221875 0.4716049375 0.547222221875 0.5209876546875 0.57430555625 0.5209876546875 0.6013888890625 0.5209876546875