0 0.42083333281249996 0.1481481484375 0.42083333281249996 0.1148148140625 0.42083333281249996 0.08148148125 0.39930555624999997 0.08148148125 0.377777778125 0.08148148125 0.377777778125 0.1148148140625 0.377777778125 0.1481481484375 0.39930555624999997 0.1481481484375 0.42083333281249996 0.1481481484375
0 0.475 0.9876543203124999 0.475 0.9259259265625 0.475 0.86419753125 0.44930555625 0.86419753125 0.4236111109375 0.86419753125 0.4236111109375 0.9259259265625 0.4236111109375 0.9876543203124999 0.44930555625 0.9876543203124999 0.475 0.9876543203124999
0 0.61944444375 0.9851851859374999 0.61944444375 0.9283950624999999 0.61944444375 0.8716049375000001 0.5895833328125 0.8716049375000001 0.559722221875 0.8716049375000001 0.559722221875 0.9283950624999999 0.559722221875 0.9851851859374999 0.5895833328125 0.9851851859374999 0.61944444375 0.9851851859374999
0 0.834722221875 0.10123456718749999 0.834722221875 0.051851851562499995 0.834722221875 0.0024691359375 0.80694444375 0.0024691359375 0.7791666671875 0.0024691359375 0.7791666671875 0.051851851562499995 0.7791666671875 0.10123456718749999 0.80694444375 0.10123456718749999 0.834722221875 0.10123456718749999
0 0.8444444437499999 0.3283950625 0.8444444437499999 0.2666666671875 0.8444444437499999 0.204938271875 0.8125 0.204938271875 0.7805555562500001 0.204938271875 0.7805555562500001 0.2666666671875 0.7805555562500001 0.3283950625 0.8125 0.3283950625 0.8444444437499999 0.3283950625
0 0.6611111109375 0.4617283953125 0.6611111109375 0.41604938281250003 0.6611111109375 0.3703703703125 0.6361111109375 0.3703703703125 0.6111111109375 0.3703703703125 0.6111111109375 0.41604938281250003 0.6111111109375 0.4617283953125 0.6361111109375 0.4617283953125 0.6611111109375 0.4617283953125
0 0.5388888890625 0.3432098765625 0.5388888890625 0.3061728390625 0.5388888890625 0.269135803125 0.5208333328125 0.269135803125 0.502777778125 0.269135803125 0.502777778125 0.3061728390625 0.502777778125 0.3432098765625 0.5208333328125 0.3432098765625 0.5388888890625 0.3432098765625
0 0.45277777812500003 0.37283950625 0.45277777812500003 0.33703703749999997 0.45277777812500003 0.30123456718749997 0.4375 0.30123456718749997 0.42222222187499997 0.30123456718749997 0.42222222187499997 0.33703703749999997 0.42222222187499997 0.37283950625 0.4375 0.37283950625 0.45277777812500003 0.37283950625
0 0.1708333328125 0.2740740734375 0.1708333328125 0.23580246875 0.1708333328125 0.1975308640625 0.14861111093749999 0.1975308640625 0.1263888890625 0.1975308640625 0.1263888890625 0.23580246875 0.1263888890625 0.2740740734375 0.14861111093749999 0.2740740734375 0.1708333328125 0.2740740734375
3 0.46388888906250003 0.7333333328125 0.46388888906250003 0.6876543203125001 0.46388888906250003 0.641975309375 0.440277778125 0.641975309375 0.4166666671875 0.641975309375 0.4166666671875 0.6876543203125001 0.4166666671875 0.7333333328125 0.440277778125 0.7333333328125 0.46388888906250003 0.7333333328125
3 0.6638888890625 0.9604938265625 0.6638888890625 0.9246913578125 0.6638888890625 0.8888888890625 0.6423611109375 0.8888888890625 0.6208333328125 0.8888888890625 0.6208333328125 0.9246913578125 0.6208333328125 0.9604938265625 0.6423611109375 0.9604938265625 0.6638888890625 0.9604938265625
3 0.9625 0.8345679015625 0.9625 0.7888888890625 0.9625 0.7432098765624999 0.9263888890624999 0.7432098765624999 0.890277778125 0.7432098765624999 0.890277778125 0.7888888890625 0.890277778125 0.8345679015625 0.9263888890624999 0.8345679015625 0.9625 0.8345679015625
3 0.7805555562500001 0.723456790625 0.7805555562500001 0.6629629625 0.7805555562500001 0.6024691359375 0.747222221875 0.6024691359375 0.7138888890625 0.6024691359375 0.7138888890625 0.6629629625 0.7138888890625 0.723456790625 0.747222221875 0.723456790625 0.7805555562500001 0.723456790625
3 0.56805555625 0.7703703703125 0.56805555625 0.7246913578124999 0.56805555625 0.6790123453125 0.5416666671875 0.6790123453125 0.515277778125 0.6790123453125 0.515277778125 0.7246913578124999 0.515277778125 0.7703703703125 0.5416666671875 0.7703703703125 0.56805555625 0.7703703703125
3 0.06527777812499999 0.86419753125 0.06527777812499999 0.7839506171874999 0.06527777812499999 0.703703703125 0.0333333328125 0.703703703125 0.0013888890625 0.703703703125 0.0013888890625 0.7839506171874999 0.0013888890625 0.86419753125 0.0333333328125 0.86419753125 0.06527777812499999 0.86419753125
3 0.38055555625 1 0.38055555625 0.9703703703125001 0.38055555625 0.940740740625 0.3548611109375 0.940740740625 0.3291666671875 0.940740740625 0.3291666671875 0.9703703703125001 0.3291666671875 1 0.3548611109375 1 0.38055555625 1
3 0.5083333328124999 0.9876543203124999 0.5083333328124999 0.9395061734375 0.5083333328124999 0.891358025 0.48819444375 0.891358025 0.46805555625000006 0.891358025 0.46805555625000006 0.9395061734375 0.46805555625000006 0.9876543203124999 0.48819444375 0.9876543203124999 0.5083333328124999 0.9876543203124999