1 0.6458333328125 0.46913580312500003 0.6458333328125 0.3987654328125 0.6458333328125 0.3283950625 0.6201388890625 0.3283950625 0.5944444437499999 0.3283950625 0.5944444437499999 0.3987654328125 0.5944444437499999 0.46913580312500003 0.6201388890625 0.46913580312500003 0.6458333328125 0.46913580312500003
2 0.18055555625 1 0.18055555625 0.9086419749999999 0.18055555625 0.81728395 0.0916666671875 0.81728395 0.002777778125 0.81728395 0.002777778125 0.9086419749999999 0.002777778125 1 0.0916666671875 1 0.18055555625 1
2 0.26944444375 0.9283950624999999 0.26944444375 0.803703703125 0.26944444375 0.6790123453125 0.1986111109375 0.6790123453125 0.127777778125 0.6790123453125 0.127777778125 0.803703703125 0.127777778125 0.9283950624999999 0.1986111109375 0.9283950624999999 0.26944444375 0.9283950624999999
2 0.38055555625 0.81728395 0.38055555625 0.7074074078125 0.38055555625 0.5975308640625 0.31805555625 0.5975308640625 0.25555555625 0.5975308640625 0.25555555625 0.7074074078125 0.25555555625 0.81728395 0.31805555625 0.81728395 0.38055555625 0.81728395
2 0.3791666671875 1 0.3791666671875 0.8876543203124999 0.3791666671875 0.7753086421875001 0.3291666671875 0.7753086421875001 0.2791666671875 0.7753086421875001 0.2791666671875 0.8876543203124999 0.2791666671875 1 0.3291666671875 1 0.3791666671875 1
2 0.1833333328125 0.4024691359375 0.1833333328125 0.322222221875 0.1833333328125 0.24197530937499998 0.125 0.24197530937499998 0.0666666671875 0.24197530937499998 0.0666666671875 0.322222221875 0.0666666671875 0.4024691359375 0.125 0.4024691359375 0.1833333328125 0.4024691359375
2 0.627777778125 0.3160493828125 0.627777778125 0.2432098765625 0.627777778125 0.1703703703125 0.58055555625 0.1703703703125 0.5333333328125 0.1703703703125 0.5333333328125 0.2432098765625 0.5333333328125 0.3160493828125 0.58055555625 0.3160493828125 0.627777778125 0.3160493828125
0 0.5097222218749999 0.3753086421875 0.5097222218749999 0.28148148125 0.5097222218749999 0.1876543203125 0.465972221875 0.1876543203125 0.42222222187499997 0.1876543203125 0.42222222187499997 0.28148148125 0.42222222187499997 0.3753086421875 0.465972221875 0.3753086421875 0.5097222218749999 0.3753086421875
0 0.56805555625 0.45679012343750003 0.56805555625 0.4012345671875 0.56805555625 0.3456790125 0.5291666671875 0.3456790125 0.490277778125 0.3456790125 0.490277778125 0.4012345671875 0.490277778125 0.45679012343750003 0.5291666671875 0.45679012343750003 0.56805555625 0.45679012343750003
1 0.477777778125 1 0.477777778125 0.8851851859375 0.477777778125 0.7703703703125 0.4173611109375 0.7703703703125 0.35694444375 0.7703703703125 0.35694444375 0.8851851859375 0.35694444375 1 0.4173611109375 1 0.477777778125 1
2 0.5513888890625 0.9851851859374999 0.5513888890625 0.8617283953125 0.5513888890625 0.7382716046875 0.4923611109375 0.7382716046875 0.43333333281249997 0.7382716046875 0.43333333281249997 0.8617283953125 0.43333333281249997 0.9851851859374999 0.4923611109375 0.9851851859374999 0.5513888890625 0.9851851859374999
0 0.6180555562500001 0.758024690625 0.6180555562500001 0.6604938265625 0.6180555562500001 0.5629629625 0.5555555562500001 0.5629629625 0.49305555625 0.5629629625 0.49305555625 0.6604938265625 0.49305555625 0.758024690625 0.5555555562500001 0.758024690625 0.6180555562500001 0.758024690625
0 0.6638888890625 0.9358024687500001 0.6638888890625 0.804938271875 0.6638888890625 0.6740740734374999 0.5923611109375 0.6740740734374999 0.5208333328125 0.6740740734374999 0.5208333328125 0.804938271875 0.5208333328125 0.9358024687500001 0.5923611109375 0.9358024687500001 0.6638888890625 0.9358024687500001
0 0.79444444375 0.9086419749999999 0.79444444375 0.77283950625 0.79444444375 0.6370370375000001 0.725 0.6370370375000001 0.6555555562500001 0.6370370375000001 0.6555555562500001 0.77283950625 0.6555555562500001 0.9086419749999999 0.725 0.9086419749999999 0.79444444375 0.9086419749999999
2 0.73194444375 0.6790123453125 0.73194444375 0.6209876546875 0.73194444375 0.5629629625 0.66805555625 0.5629629625 0.6041666671875 0.5629629625 0.6041666671875 0.6209876546875 0.6041666671875 0.6790123453125 0.66805555625 0.6790123453125 0.73194444375 0.6790123453125
1 0.915277778125 1 0.915277778125 0.9209876546875 0.915277778125 0.841975309375 0.8375 0.841975309375 0.7597222218749999 0.841975309375 0.7597222218749999 0.9209876546875 0.7597222218749999 1 0.8375 1 0.915277778125 1
2 1 0.6716049374999999 0.9388888890624999 0.6716049374999999 0.877777778125 0.6716049374999999 0.877777778125 0.7654320984375 0.877777778125 0.859259259375 0.9388888890624999 0.859259259375 1 0.859259259375 1 0.7654320984375 1 0.6716049374999999
1 0.9013888890624999 0.8148148140625 0.9013888890624999 0.6888888890625 0.9013888890624999 0.5629629625 0.8534722218749999 0.5629629625 0.8055555562500001 0.5629629625 0.8055555562500001 0.6888888890625 0.8055555562500001 0.8148148140625 0.8534722218749999 0.8148148140625 0.9013888890624999 0.8148148140625
1 0.722222221875 0.5802469140625 0.722222221875 0.477777778125 0.722222221875 0.3753086421875 0.63680555625 0.3753086421875 0.5513888890625 0.3753086421875 0.5513888890625 0.477777778125 0.5513888890625 0.5802469140625 0.63680555625 0.5802469140625 0.722222221875 0.5802469140625
1 0.8791666671874999 0.40987654375 0.8791666671874999 0.36296296250000004 0.8791666671874999 0.3160493828125 0.8520833328125 0.3160493828125 0.825 0.3160493828125 0.825 0.36296296250000004 0.825 0.40987654375 0.8520833328125 0.40987654375 0.8791666671874999 0.40987654375
2 0.9638888890624999 0.42469135781249995 0.9638888890624999 0.35555555625 0.9638888890624999 0.286419753125 0.925 0.286419753125 0.8861111109375001 0.286419753125 0.8861111109375001 0.35555555625 0.8861111109375001 0.42469135781249995 0.925 0.42469135781249995 0.9638888890624999 0.42469135781249995
2 0.8194444437499999 0.4617283953125 0.8194444437499999 0.4024691359375 0.8194444437499999 0.3432098765625 0.796527778125 0.3432098765625 0.7736111109375 0.3432098765625 0.7736111109375 0.4024691359375 0.7736111109375 0.4617283953125 0.796527778125 0.4617283953125 0.8194444437499999 0.4617283953125
1 0.8958333328125001 0.38271605000000003 0.8958333328125001 0.323456790625 0.8958333328125001 0.26419753125 0.859027778125 0.26419753125 0.8222222218749999 0.26419753125 0.8222222218749999 0.323456790625 0.8222222218749999 0.38271605000000003 0.859027778125 0.38271605000000003 0.8958333328125001 0.38271605000000003
2 0.79305555625 0.558024690625 0.79305555625 0.486419753125 0.79305555625 0.4148148140625 0.7576388890625 0.4148148140625 0.722222221875 0.4148148140625 0.722222221875 0.486419753125 0.722222221875 0.558024690625 0.7576388890625 0.558024690625 0.79305555625 0.558024690625
1 0.7819444437499999 0.42222222187499997 0.7819444437499999 0.3802469140625 0.7819444437499999 0.3382716046875 0.7423611109375 0.3382716046875 0.702777778125 0.3382716046875 0.702777778125 0.3802469140625 0.702777778125 0.42222222187499997 0.7423611109375 0.42222222187499997 0.7819444437499999 0.42222222187499997
1 0.95555555625 0.540740740625 0.95555555625 0.4839506171875 0.95555555625 0.42716049375000004 0.8743055562500001 0.42716049375000004 0.79305555625 0.42716049375000004 0.79305555625 0.4839506171875 0.79305555625 0.540740740625 0.8743055562500001 0.540740740625 0.95555555625 0.540740740625
2 1 0.49629629687500004 0.9486111109375001 0.49629629687500004 0.897222221875 0.49629629687500004 0.897222221875 0.5962962968750001 0.897222221875 0.696296296875 0.9486111109375001 0.696296296875 1 0.696296296875 1 0.5962962968750001 1 0.49629629687500004