0 0.7541666671875 0.158024690625 0.7541666671875 0.1283950625 0.7541666671875 0.0987654328125 0.7375 0.0987654328125 0.7208333328125 0.0987654328125 0.7208333328125 0.1283950625 0.7208333328125 0.158024690625 0.7375 0.158024690625 0.7541666671875 0.158024690625
0 0.7013888890625 0.3481481484375 0.7013888890625 0.313580246875 0.7013888890625 0.2790123453125 0.6826388890625 0.2790123453125 0.6638888890625 0.2790123453125 0.6638888890625 0.313580246875 0.6638888890625 0.3481481484375 0.6826388890625 0.3481481484375 0.7013888890625 0.3481481484375
0 0.6180555562500001 0.286419753125 0.6180555562500001 0.25555555625 0.6180555562500001 0.2246913578125 0.6013888890625 0.2246913578125 0.584722221875 0.2246913578125 0.584722221875 0.25555555625 0.584722221875 0.286419753125 0.6013888890625 0.286419753125 0.6180555562500001 0.286419753125
3 0.8027777781250001 0.73580246875 0.8027777781250001 0.7 0.8027777781250001 0.6641975312499999 0.777777778125 0.6641975312499999 0.752777778125 0.6641975312499999 0.752777778125 0.7 0.752777778125 0.73580246875 0.777777778125 0.73580246875 0.8027777781250001 0.73580246875
3 0.6125 0.9160493828125 0.6125 0.88148148125 0.6125 0.8469135796874999 0.5875 0.8469135796874999 0.5625 0.8469135796874999 0.5625 0.88148148125 0.5625 0.9160493828125 0.5875 0.9160493828125 0.6125 0.9160493828125
3 0.49583333281249997 0.97283950625 0.49583333281249997 0.9333333328125001 0.49583333281249997 0.8938271609375 0.46805555625000006 0.8938271609375 0.440277778125 0.8938271609375 0.440277778125 0.9333333328125001 0.440277778125 0.97283950625 0.46805555625000006 0.97283950625 0.49583333281249997 0.97283950625
0 0.75555555625 0.5802469140625 0.75555555625 0.5518518515624999 0.75555555625 0.523456790625 0.7375 0.523456790625 0.7194444437499999 0.523456790625 0.7194444437499999 0.5518518515624999 0.7194444437499999 0.5802469140625 0.7375 0.5802469140625 0.75555555625 0.5802469140625
0 0.5944444437499999 0.60987654375 0.5944444437499999 0.5753086421875 0.5944444437499999 0.540740740625 0.575 0.540740740625 0.5555555562500001 0.540740740625 0.5555555562500001 0.5753086421875 0.5555555562500001 0.60987654375 0.575 0.60987654375 0.5944444437499999 0.60987654375
0 0.590277778125 0.8246913578124999 0.590277778125 0.79012345625 0.590277778125 0.75555555625 0.5729166671875 0.75555555625 0.5555555562500001 0.75555555625 0.5555555562500001 0.79012345625 0.5555555562500001 0.8246913578124999 0.5729166671875 0.8246913578124999 0.590277778125 0.8246913578124999
0 0.40555555625000006 0.57283950625 0.40555555625000006 0.5456790125000001 0.40555555625000006 0.51851851875 0.38680555625 0.51851851875 0.36805555624999997 0.51851851875 0.36805555624999997 0.5456790125000001 0.36805555624999997 0.57283950625 0.38680555625 0.57283950625 0.40555555625000006 0.57283950625
0 0.4513888890625 0.5555555562500001 0.4513888890625 0.5259259265625 0.4513888890625 0.49629629687500004 0.43055555625 0.49629629687500004 0.40972222187499996 0.49629629687500004 0.40972222187499996 0.5259259265625 0.40972222187499996 0.5555555562500001 0.43055555625 0.5555555562500001 0.4513888890625 0.5555555562500001
0 0.497222221875 0.6666666671875 0.497222221875 0.630864196875 0.497222221875 0.5950617281249999 0.4798611109375 0.5950617281249999 0.4625 0.5950617281249999 0.4625 0.630864196875 0.4625 0.6666666671875 0.4798611109375 0.6666666671875 0.497222221875 0.6666666671875
0 0.440277778125 0.7111111109375 0.440277778125 0.6753086421875001 0.440277778125 0.6395061734375 0.4166666671875 0.6395061734375 0.39305555625 0.6395061734375 0.39305555625 0.6753086421875001 0.39305555625 0.7111111109375 0.4166666671875 0.7111111109375 0.440277778125 0.7111111109375
0 0.6638888890625 0.676543209375 0.6638888890625 0.6395061734375 0.6638888890625 0.6024691359375 0.6416666671875 0.6024691359375 0.61944444375 0.6024691359375 0.61944444375 0.6395061734375 0.61944444375 0.676543209375 0.6416666671875 0.676543209375 0.6638888890625 0.676543209375
0 0.6708333328125 0.7975308640625001 0.6708333328125 0.7567901234375001 0.6708333328125 0.7160493828125001 0.65 0.7160493828125001 0.6291666671875 0.7160493828125001 0.6291666671875 0.7567901234375001 0.6291666671875 0.7975308640625001 0.65 0.7975308640625001 0.6708333328125 0.7975308640625001
0 1 0.632098765625 0.984027778125 0.632098765625 0.9680555562500001 0.632098765625 0.9680555562500001 0.6790123453125 0.9680555562500001 0.7259259265625 0.984027778125 0.7259259265625 1 0.7259259265625 1 0.6790123453125 1 0.632098765625
0 0.909722221875 0.841975309375 0.909722221875 0.8 0.909722221875 0.758024690625 0.8770833328125001 0.758024690625 0.8444444437499999 0.758024690625 0.8444444437499999 0.8 0.8444444437499999 0.841975309375 0.8770833328125001 0.841975309375 0.909722221875 0.841975309375
0 0.98194444375 0.9604938265625 0.98194444375 0.8950617281250001 0.98194444375 0.8296296296874999 0.93125 0.8296296296874999 0.88055555625 0.8296296296874999 0.88055555625 0.8950617281250001 0.88055555625 0.9604938265625 0.93125 0.9604938265625 0.98194444375 0.9604938265625
0 0.1361111109375 0.45432098749999994 0.1361111109375 0.40493827187500003 0.1361111109375 0.35555555625 0.0979166671875 0.35555555625 0.059722221875 0.35555555625 0.059722221875 0.40493827187500003 0.059722221875 0.45432098749999994 0.0979166671875 0.45432098749999994 0.1361111109375 0.45432098749999994