1 1 0.5135802468749999 0.9673611109375001 0.5135802468749999 0.934722221875 0.5135802468749999 0.934722221875 0.559259259375 0.934722221875 0.604938271875 0.9673611109375001 0.604938271875 1 0.604938271875 1 0.559259259375 1 0.5135802468749999
0 0.3541666671875 0.6074074078125 0.3541666671875 0.569135803125 0.3541666671875 0.530864196875 0.3326388890625 0.530864196875 0.3111111109375 0.530864196875 0.3111111109375 0.569135803125 0.3111111109375 0.6074074078125 0.3326388890625 0.6074074078125 0.3541666671875 0.6074074078125
0 0.309722221875 0.47901234531250003 0.309722221875 0.4456790125 0.309722221875 0.41234567968749997 0.2888888890625 0.41234567968749997 0.26805555625 0.41234567968749997 0.26805555625 0.4456790125 0.26805555625 0.47901234531250003 0.2888888890625 0.47901234531250003 0.309722221875 0.47901234531250003
0 0.3125 0.41728395 0.3125 0.386419753125 0.3125 0.35555555625 0.29305555625 0.35555555625 0.2736111109375 0.35555555625 0.2736111109375 0.386419753125 0.2736111109375 0.41728395 0.29305555625 0.41728395 0.3125 0.41728395
0 0.36944444375 0.259259259375 0.36944444375 0.223456790625 0.36944444375 0.1876543203125 0.3513888890625 0.1876543203125 0.3333333328125 0.1876543203125 0.3333333328125 0.223456790625 0.3333333328125 0.259259259375 0.3513888890625 0.259259259375 0.36944444375 0.259259259375
0 0.46527777812500004 0.08395061718749999 0.46527777812500004 0.0432098765625 0.46527777812500004 0.0024691359375 0.44236111093749997 0.0024691359375 0.41944444374999995 0.0024691359375 0.41944444374999995 0.0432098765625 0.41944444374999995 0.08395061718749999 0.44236111093749997 0.08395061718749999 0.46527777812500004 0.08395061718749999
0 0.5583333328125 0.12592592656249998 0.5583333328125 0.086419753125 0.5583333328125 0.0469135796875 0.534027778125 0.0469135796875 0.5097222218749999 0.0469135796875 0.5097222218749999 0.086419753125 0.5097222218749999 0.12592592656249998 0.534027778125 0.12592592656249998 0.5583333328125 0.12592592656249998
3 0.6513888890625 0.11604938281249999 0.6513888890625 0.0716049375 0.6513888890625 0.027160493749999997 0.6229166671875 0.027160493749999997 0.5944444437499999 0.027160493749999997 0.5944444437499999 0.0716049375 0.5944444437499999 0.11604938281249999 0.6229166671875 0.11604938281249999 0.6513888890625 0.11604938281249999
0 0.6986111109375 0.1654320984375 0.6986111109375 0.12222222187500001 0.6986111109375 0.0790123453125 0.675 0.0790123453125 0.6513888890625 0.0790123453125 0.6513888890625 0.12222222187500001 0.6513888890625 0.1654320984375 0.675 0.1654320984375 0.6986111109375 0.1654320984375
0 0.9236111109375 0.60987654375 0.9236111109375 0.5555555562500001 0.9236111109375 0.5012345671875 0.8847222218749999 0.5012345671875 0.8458333328125001 0.5012345671875 0.8458333328125001 0.5555555562500001 0.8458333328125001 0.60987654375 0.8847222218749999 0.60987654375 0.9236111109375 0.60987654375
0 0.6 0.6790123453125 0.6 0.61728395 0.6 0.5555555562500001 0.5701388890625 0.5555555562500001 0.540277778125 0.5555555562500001 0.540277778125 0.61728395 0.540277778125 0.6790123453125 0.5701388890625 0.6790123453125 0.6 0.6790123453125
0 0.48333333281249996 1 0.48333333281249996 0.9518518515625001 0.48333333281249996 0.9037037031249999 0.45347222187499997 0.9037037031249999 0.4236111109375 0.9037037031249999 0.4236111109375 0.9518518515625001 0.4236111109375 1 0.45347222187499997 1 0.48333333281249996 1
0 0.8291666671875 0.9802469140625 0.8291666671875 0.8938271609375 0.8291666671875 0.8074074078125 0.7854166671875 0.8074074078125 0.7416666671875001 0.8074074078125 0.7416666671875001 0.8938271609375 0.7416666671875001 0.9802469140625 0.7854166671875 0.9802469140625 0.8291666671875 0.9802469140625
3 0.63055555625 0.5802469140625 0.63055555625 0.540740740625 0.63055555625 0.5012345671875 0.60625 0.5012345671875 0.58194444375 0.5012345671875 0.58194444375 0.540740740625 0.58194444375 0.5802469140625 0.60625 0.5802469140625 0.63055555625 0.5802469140625
3 0.665277778125 0.5604938265625 0.665277778125 0.523456790625 0.665277778125 0.486419753125 0.6423611109375 0.486419753125 0.61944444375 0.486419753125 0.61944444375 0.523456790625 0.61944444375 0.5604938265625 0.6423611109375 0.5604938265625 0.665277778125 0.5604938265625
0 0.35694444375 0.8493827156249999 0.35694444375 0.7987654328125 0.35694444375 0.7481481484375 0.32430555625 0.7481481484375 0.2916666671875 0.7481481484375 0.2916666671875 0.7987654328125 0.2916666671875 0.8493827156249999 0.32430555625 0.8493827156249999 0.35694444375 0.8493827156249999
0 0.290277778125 0.9802469140625 0.290277778125 0.9148148140625001 0.290277778125 0.8493827156249999 0.2520833328125 0.8493827156249999 0.2138888890625 0.8493827156249999 0.2138888890625 0.9148148140625001 0.2138888890625 0.9802469140625 0.2520833328125 0.9802469140625 0.290277778125 0.9802469140625
0 0.7986111109375 0.42469135781249995 0.7986111109375 0.386419753125 0.7986111109375 0.3481481484375 0.775 0.3481481484375 0.7513888890625 0.3481481484375 0.7513888890625 0.386419753125 0.7513888890625 0.42469135781249995 0.775 0.42469135781249995 0.7986111109375 0.42469135781249995
3 0.8333333328125001 0.276543209375 0.8333333328125001 0.21728394999999998 0.8333333328125001 0.158024690625 0.8083333328125001 0.158024690625 0.7833333328125 0.158024690625 0.7833333328125 0.21728394999999998 0.7833333328125 0.276543209375 0.8083333328125001 0.276543209375 0.8333333328125001 0.276543209375