1 0.15277777812499999 0.632098765625 0.15277777812499999 0.4876543203125 0.15277777812499999 0.3432098765625 0.084027778125 0.3432098765625 0.015277778124999999 0.3432098765625 0.015277778124999999 0.4876543203125 0.015277778124999999 0.632098765625 0.084027778125 0.632098765625 0.15277777812499999 0.632098765625
1 0.20416666718749998 0.8 0.20416666718749998 0.640740740625 0.20416666718749998 0.48148148125 0.13194444375 0.48148148125 0.059722221875 0.48148148125 0.059722221875 0.640740740625 0.059722221875 0.8 0.13194444375 0.8 0.20416666718749998 0.8
1 0.28472222187499996 0.8493827156249999 0.28472222187499996 0.67283950625 0.28472222187499996 0.49629629687500004 0.20138888906250002 0.49629629687500004 0.11805555625 0.49629629687500004 0.11805555625 0.67283950625 0.11805555625 0.8493827156249999 0.20138888906250002 0.8493827156249999 0.28472222187499996 0.8493827156249999
1 0.334722221875 0.5382716046875 0.334722221875 0.4024691359375 0.334722221875 0.2666666671875 0.28055555625 0.2666666671875 0.22638888906250001 0.2666666671875 0.22638888906250001 0.4024691359375 0.22638888906250001 0.5382716046875 0.28055555625 0.5382716046875 0.334722221875 0.5382716046875
1 0.28472222187499996 0.33580246874999997 0.28472222187499996 0.2802469140625 0.28472222187499996 0.2246913578125 0.2138888890625 0.2246913578125 0.14305555625 0.2246913578125 0.14305555625 0.2802469140625 0.14305555625 0.33580246874999997 0.2138888890625 0.33580246874999997 0.28472222187499996 0.33580246874999997
1 0.3333333328125 1 0.3333333328125 0.858024690625 0.3333333328125 0.7160493828125001 0.25833333281250004 0.7160493828125001 0.1833333328125 0.7160493828125001 0.1833333328125 0.858024690625 0.1833333328125 1 0.25833333281250004 1 0.3333333328125 1
1 0.44166666718750003 1 0.44166666718750003 0.8432098765625 0.44166666718750003 0.686419753125 0.37152777812500004 0.686419753125 0.3013888890625 0.686419753125 0.3013888890625 0.8432098765625 0.3013888890625 1 0.37152777812500004 1 0.44166666718750003 1
1 0.55 1 0.55 0.8975308640625 0.55 0.795061728125 0.47291666718750003 0.795061728125 0.3958333328125 0.795061728125 0.3958333328125 0.8975308640625 0.3958333328125 1 0.47291666718750003 1 0.55 1
0 0.622222221875 0.9358024687500001 0.622222221875 0.803703703125 0.622222221875 0.6716049374999999 0.5486111109375 0.6716049374999999 0.475 0.6716049374999999 0.475 0.803703703125 0.475 0.9358024687500001 0.5486111109375 0.9358024687500001 0.622222221875 0.9358024687500001
1 0.6611111109375 1 0.6611111109375 0.922222221875 0.6611111109375 0.8444444437499999 0.6125 0.8444444437499999 0.5638888890625 0.8444444437499999 0.5638888890625 0.922222221875 0.5638888890625 1 0.6125 1 0.6611111109375 1
1 0.7666666671875 1 0.7666666671875 0.922222221875 0.7666666671875 0.8444444437499999 0.7041666671875 0.8444444437499999 0.6416666671875 0.8444444437499999 0.6416666671875 0.922222221875 0.6416666671875 1 0.7041666671875 1 0.7666666671875 1
1 1 0.6790123453125 0.840277778125 0.6790123453125 0.6805555562500001 0.6790123453125 0.6805555562500001 0.8148148140625 0.6805555562500001 0.950617284375 0.840277778125 0.950617284375 1 0.950617284375 1 0.8148148140625 1 0.6790123453125
0 0.934722221875 1 0.934722221875 0.9283950624999999 0.934722221875 0.8567901234375 0.8375 0.8567901234375 0.7402777781250001 0.8567901234375 0.7402777781250001 0.9283950624999999 0.7402777781250001 1 0.8375 1 0.934722221875 1
2 0.76805555625 0.804938271875 0.76805555625 0.750617284375 0.76805555625 0.696296296875 0.7298611109375 0.696296296875 0.6916666671875 0.696296296875 0.6916666671875 0.750617284375 0.6916666671875 0.804938271875 0.7298611109375 0.804938271875 0.76805555625 0.804938271875
2 0.9916666671875 0.7432098765624999 0.9916666671875 0.6666666671875 0.9916666671875 0.59012345625 0.91875 0.59012345625 0.8458333328125001 0.59012345625 0.8458333328125001 0.6666666671875 0.8458333328125001 0.7432098765624999 0.91875 0.7432098765624999 0.9916666671875 0.7432098765624999
2 0.8652777781250001 0.7160493828125001 0.8652777781250001 0.6259259265625 0.8652777781250001 0.53580246875 0.8 0.53580246875 0.734722221875 0.53580246875 0.734722221875 0.6259259265625 0.734722221875 0.7160493828125001 0.8 0.7160493828125001 0.8652777781250001 0.7160493828125001
0 0.7333333328125 0.73580246875 0.7333333328125 0.59012345625 0.7333333328125 0.44444444375 0.64305555625 0.44444444375 0.5527777781250001 0.44444444375 0.5527777781250001 0.59012345625 0.5527777781250001 0.73580246875 0.64305555625 0.73580246875 0.7333333328125 0.73580246875
1 0.625 0.61728395 0.625 0.51728395 0.625 0.41728395 0.49791666718750005 0.41728395 0.3708333328125 0.41728395 0.3708333328125 0.51728395 0.3708333328125 0.61728395 0.49791666718750005 0.61728395 0.625 0.61728395
2 0.7541666671875 0.641975309375 0.7541666671875 0.5456790125000001 0.7541666671875 0.449382715625 0.702777778125 0.449382715625 0.6513888890625 0.449382715625 0.6513888890625 0.5456790125000001 0.6513888890625 0.641975309375 0.702777778125 0.641975309375 0.7541666671875 0.641975309375
0 0.7791666671875 0.486419753125 0.7791666671875 0.36666666718749996 0.7791666671875 0.2469135796875 0.7118055562500001 0.2469135796875 0.64444444375 0.2469135796875 0.64444444375 0.36666666718749996 0.64444444375 0.486419753125 0.7118055562500001 0.486419753125 0.7791666671875 0.486419753125
2 0.7597222218749999 0.47407407343749997 0.7597222218749999 0.43456790156249997 0.7597222218749999 0.395061728125 0.7041666671875 0.395061728125 0.6486111109375 0.395061728125 0.6486111109375 0.43456790156249997 0.6486111109375 0.47407407343749997 0.7041666671875 0.47407407343749997 0.7597222218749999 0.47407407343749997
0 0.6736111109375 0.4074074078125 0.6736111109375 0.29753086406249996 0.6736111109375 0.1876543203125 0.5951388890625 0.1876543203125 0.5166666671875 0.1876543203125 0.5166666671875 0.29753086406249996 0.5166666671875 0.4074074078125 0.5951388890625 0.4074074078125 0.6736111109375 0.4074074078125
0 0.5541666671875001 0.47407407343749997 0.5541666671875001 0.37654320937499997 0.5541666671875001 0.2790123453125 0.49652777812500004 0.2790123453125 0.4388888890625 0.2790123453125 0.4388888890625 0.37654320937499997 0.4388888890625 0.47407407343749997 0.49652777812500004 0.47407407343749997 0.5541666671875001 0.47407407343749997
1 0.45694444375 0.459259259375 0.45694444375 0.3617283953125 0.45694444375 0.26419753125 0.40555555625000006 0.26419753125 0.3541666671875 0.26419753125 0.3541666671875 0.3617283953125 0.3541666671875 0.459259259375 0.40555555625000006 0.459259259375 0.45694444375 0.459259259375
1 0.540277778125 0.2938271609375 0.540277778125 0.23333333281250002 0.540277778125 0.17283950625 0.4701388890625 0.17283950625 0.4 0.17283950625 0.4 0.23333333281250002 0.4 0.2938271609375 0.4701388890625 0.2938271609375 0.540277778125 0.2938271609375
1 0.39444444375 0.330864196875 0.39444444375 0.25555555625 0.39444444375 0.18024691406249999 0.3583333328125 0.18024691406249999 0.322222221875 0.18024691406249999 0.322222221875 0.25555555625 0.322222221875 0.330864196875 0.3583333328125 0.330864196875 0.39444444375 0.330864196875
1 0.39444444375 0.2395061734375 0.39444444375 0.1703703703125 0.39444444375 0.10123456718749999 0.3263888890625 0.10123456718749999 0.25833333281250004 0.10123456718749999 0.25833333281250004 0.1703703703125 0.25833333281250004 0.2395061734375 0.3263888890625 0.2395061734375 0.39444444375 0.2395061734375
0 0.5 0.1604938265625 0.5 0.104938271875 0.5 0.049382715625000004 0.46666666718750005 0.049382715625000004 0.43333333281249997 0.049382715625000004 0.43333333281249997 0.104938271875 0.43333333281249997 0.1604938265625 0.46666666718750005 0.1604938265625 0.5 0.1604938265625
1 0.45 0.2296296296875 0.45 0.1740740734375 0.45 0.11851851875 0.409027778125 0.11851851875 0.36805555624999997 0.11851851875 0.36805555624999997 0.1740740734375 0.36805555624999997 0.2296296296875 0.409027778125 0.2296296296875 0.45 0.2296296296875
2 0.7583333328124999 0.3061728390625 0.7583333328124999 0.2543209875 0.7583333328124999 0.20246913593750002 0.71875 0.20246913593750002 0.6791666671875001 0.20246913593750002 0.6791666671875001 0.2543209875 0.6791666671875001 0.3061728390625 0.71875 0.3061728390625 0.7583333328124999 0.3061728390625
0 0.722222221875 0.21728394999999998 0.722222221875 0.1345679015625 0.722222221875 0.051851851562499995 0.6770833328125 0.051851851562499995 0.6319444437499999 0.051851851562499995 0.6319444437499999 0.1345679015625 0.6319444437499999 0.21728394999999998 0.6770833328125 0.21728394999999998 0.722222221875 0.21728394999999998
1 0.5416666671875 0.1876543203125 0.5416666671875 0.1395061734375 0.5416666671875 0.091358025 0.49791666718750005 0.091358025 0.45416666718750004 0.091358025 0.45416666718750004 0.1395061734375 0.45416666718750004 0.1876543203125 0.49791666718750005 0.1876543203125 0.5416666671875 0.1876543203125
1 0.6625 0.14567901249999998 0.6625 0.09012345625 0.6625 0.034567901562499996 0.640972221875 0.034567901562499996 0.61944444375 0.034567901562499996 0.61944444375 0.09012345625 0.61944444375 0.14567901249999998 0.640972221875 0.14567901249999998 0.6625 0.14567901249999998
0 0.64305555625 0.1061728390625 0.64305555625 0.0654320984375 0.64305555625 0.024691357812500002 0.615972221875 0.024691357812500002 0.5888888890625 0.024691357812500002 0.5888888890625 0.0654320984375 0.5888888890625 0.1061728390625 0.615972221875 0.1061728390625 0.64305555625 0.1061728390625
1 0.6138888890625 0.11604938281249999 0.6138888890625 0.08271605 0.6138888890625 0.049382715625000004 0.5631944437499999 0.049382715625000004 0.5125 0.049382715625000004 0.5125 0.08271605 0.5125 0.11604938281249999 0.5631944437499999 0.11604938281249999 0.6138888890625 0.11604938281249999
0 0.547222221875 0.0740740734375 0.547222221875 0.0382716046875 0.547222221875 0.0024691359375 0.51944444375 0.0024691359375 0.4916666671875 0.0024691359375 0.4916666671875 0.0382716046875 0.4916666671875 0.0740740734375 0.51944444375 0.0740740734375 0.547222221875 0.0740740734375
1 0.597222221875 0.06913580312499999 0.597222221875 0.03580246875 0.597222221875 0.0024691359375 0.5694444437499999 0.0024691359375 0.5416666671875 0.0024691359375 0.5416666671875 0.03580246875 0.5416666671875 0.06913580312499999 0.5694444437499999 0.06913580312499999 0.597222221875 0.06913580312499999
1 1 0.12345679062499999 0.9416666671874999 0.12345679062499999 0.8833333328125 0.12345679062499999 0.8833333328125 0.18271605 0.8833333328125 0.24197530937499998 0.9416666671874999 0.24197530937499998 1 0.24197530937499998 1 0.18271605 1 0.12345679062499999