0 0.5125 0.14567901249999998 0.5125 0.1111111109375 0.5125 0.076543209375 0.49305555625 0.076543209375 0.47361111093749997 0.076543209375 0.47361111093749997 0.1111111109375 0.47361111093749997 0.14567901249999998 0.49305555625 0.14567901249999998 0.5125 0.14567901249999998
0 0.4236111109375 0.1604938265625 0.4236111109375 0.12716049375 0.4236111109375 0.0938271609375 0.40694444374999994 0.0938271609375 0.39027777812500003 0.0938271609375 0.39027777812500003 0.12716049375 0.39027777812500003 0.1604938265625 0.40694444374999994 0.1604938265625 0.4236111109375 0.1604938265625
0 0.434722221875 0.9530864203125 0.434722221875 0.91851851875 0.434722221875 0.8839506171875 0.4173611109375 0.8839506171875 0.4 0.8839506171875 0.4 0.91851851875 0.4 0.9530864203125 0.4173611109375 0.9530864203125 0.434722221875 0.9530864203125
3 0.41944444374999995 0.508641975 0.41944444374999995 0.46666666718750005 0.41944444374999995 0.42469135781249995 0.396527778125 0.42469135781249995 0.3736111109375 0.42469135781249995 0.3736111109375 0.46666666718750005 0.3736111109375 0.508641975 0.396527778125 0.508641975 0.41944444374999995 0.508641975
0 0.42222222187499997 0.740740740625 0.42222222187499997 0.6851851859375 0.42222222187499997 0.6296296296875 0.3951388890625 0.6296296296875 0.36805555624999997 0.6296296296875 0.36805555624999997 0.6851851859375 0.36805555624999997 0.740740740625 0.3951388890625 0.740740740625 0.42222222187499997 0.740740740625
0 0.565277778125 0.75555555625 0.565277778125 0.703703703125 0.565277778125 0.6518518515625 0.534722221875 0.6518518515625 0.5041666671875 0.6518518515625 0.5041666671875 0.703703703125 0.5041666671875 0.75555555625 0.534722221875 0.75555555625 0.565277778125 0.75555555625
0 0.6291666671875 0.2790123453125 0.6291666671875 0.22839506250000002 0.6291666671875 0.177777778125 0.602777778125 0.177777778125 0.5763888890625 0.177777778125 0.5763888890625 0.22839506250000002 0.5763888890625 0.2790123453125 0.602777778125 0.2790123453125 0.6291666671875 0.2790123453125
0 0.8111111109375001 0.150617284375 0.8111111109375001 0.0876543203125 0.8111111109375001 0.024691357812500002 0.7791666671875 0.024691357812500002 0.747222221875 0.024691357812500002 0.747222221875 0.0876543203125 0.747222221875 0.150617284375 0.7791666671875 0.150617284375 0.8111111109375001 0.150617284375
3 0.522222221875 0.5629629625 0.522222221875 0.5135802468749999 0.522222221875 0.46419753124999996 0.49652777812500004 0.46419753124999996 0.47083333281249995 0.46419753124999996 0.47083333281249995 0.5135802468749999 0.47083333281249995 0.5629629625 0.49652777812500004 0.5629629625 0.522222221875 0.5629629625
3 0.872222221875 0.641975309375 0.872222221875 0.5950617281249999 0.872222221875 0.5481481484375 0.84375 0.5481481484375 0.815277778125 0.5481481484375 0.815277778125 0.5950617281249999 0.815277778125 0.641975309375 0.84375 0.641975309375 0.872222221875 0.641975309375
3 0.722222221875 0.51851851875 0.722222221875 0.46790123437500003 0.722222221875 0.41728395 0.6916666671875 0.41728395 0.6611111109375 0.41728395 0.6611111109375 0.46790123437500003 0.6611111109375 0.51851851875 0.6916666671875 0.51851851875 0.722222221875 0.51851851875
3 0.4611111109375 0.75555555625 0.4611111109375 0.7111111109375 0.4611111109375 0.6666666671875 0.43680555625000006 0.6666666671875 0.4125 0.6666666671875 0.4125 0.7111111109375 0.4125 0.75555555625 0.43680555625000006 0.75555555625 0.4611111109375 0.75555555625
3 0.334722221875 0.7876543203125 0.334722221875 0.72716049375 0.334722221875 0.6666666671875 0.30555555624999997 0.6666666671875 0.27638888906250003 0.6666666671875 0.27638888906250003 0.72716049375 0.27638888906250003 0.7876543203125 0.30555555624999997 0.7876543203125 0.334722221875 0.7876543203125
3 0.315277778125 0.9975308640625 0.315277778125 0.904938271875 0.315277778125 0.8123456796875 0.26805555625 0.8123456796875 0.2208333328125 0.8123456796875 0.2208333328125 0.904938271875 0.2208333328125 0.9975308640625 0.26805555625 0.9975308640625 0.315277778125 0.9975308640625