1 0.7013888890625 0.3160493828125 0.7013888890625 0.2604938265625 0.7013888890625 0.204938271875 0.66944444375 0.204938271875 0.6375 0.204938271875 0.6375 0.2604938265625 0.6375 0.3160493828125 0.66944444375 0.3160493828125 0.7013888890625 0.3160493828125
2 0.0791666671875 0.269135803125 0.0791666671875 0.23209876562499998 0.0791666671875 0.195061728125 0.05625 0.195061728125 0.0333333328125 0.195061728125 0.0333333328125 0.23209876562499998 0.0333333328125 0.269135803125 0.05625 0.269135803125 0.0791666671875 0.269135803125
1 0.052777778124999994 0.6197530859375 0.052777778124999994 0.54444444375 0.052777778124999994 0.46913580312500003 0.0270833328125 0.46913580312500003 0.0013888890625 0.46913580312500003 0.0013888890625 0.54444444375 0.0013888890625 0.6197530859375 0.0270833328125 0.6197530859375 0.052777778124999994 0.6197530859375
0 0.134722221875 0.3703703703125 0.134722221875 0.323456790625 0.134722221875 0.276543209375 0.103472221875 0.276543209375 0.072222221875 0.276543209375 0.072222221875 0.323456790625 0.072222221875 0.3703703703125 0.103472221875 0.3703703703125 0.134722221875 0.3703703703125
2 0.13055555624999998 0.44197530937499996 0.13055555624999998 0.39382716093750003 0.13055555624999998 0.3456790125 0.1145833328125 0.3456790125 0.0986111109375 0.3456790125 0.0986111109375 0.39382716093750003 0.0986111109375 0.44197530937499996 0.1145833328125 0.44197530937499996 0.13055555624999998 0.44197530937499996
0 0.16388888906250001 0.22716049374999997 0.16388888906250001 0.1876543203125 0.16388888906250001 0.1481481484375 0.134722221875 0.1481481484375 0.10555555624999999 0.1481481484375 0.10555555624999999 0.1876543203125 0.10555555624999999 0.22716049374999997 0.134722221875 0.22716049374999997 0.16388888906250001 0.22716049374999997
2 0.1875 0.2666666671875 0.1875 0.23086419687499998 0.1875 0.195061728125 0.1604166671875 0.195061728125 0.13333333281249998 0.195061728125 0.13333333281249998 0.23086419687499998 0.13333333281249998 0.2666666671875 0.1604166671875 0.2666666671875 0.1875 0.2666666671875
0 0.1458333328125 0.5753086421875 0.1458333328125 0.5061728390625 0.1458333328125 0.4370370375 0.10625 0.4370370375 0.0666666671875 0.4370370375 0.0666666671875 0.5061728390625 0.0666666671875 0.5753086421875 0.10625 0.5753086421875 0.1458333328125 0.5753086421875
1 0.20277777812500003 0.5061728390625 0.20277777812500003 0.3790123453125 0.20277777812500003 0.2518518515625 0.1611111109375 0.2518518515625 0.11944444375 0.2518518515625 0.11944444375 0.3790123453125 0.11944444375 0.5061728390625 0.1611111109375 0.5061728390625 0.20277777812500003 0.5061728390625
2 0.2666666671875 0.550617284375 0.2666666671875 0.48518518593750004 0.2666666671875 0.4197530859375 0.225 0.4197530859375 0.1833333328125 0.4197530859375 0.1833333328125 0.48518518593750004 0.1833333328125 0.550617284375 0.225 0.550617284375 0.2666666671875 0.550617284375
2 0.24722222187499998 0.45432098749999994 0.24722222187499998 0.4024691359375 0.24722222187499998 0.350617284375 0.21458333281250003 0.350617284375 0.18194444375000002 0.350617284375 0.18194444375000002 0.4024691359375 0.18194444375000002 0.45432098749999994 0.21458333281250003 0.45432098749999994 0.24722222187499998 0.45432098749999994
2 0.2513888890625 0.3654320984375 0.2513888890625 0.3296296296875 0.2513888890625 0.2938271609375 0.22291666718749997 0.2938271609375 0.19444444375 0.2938271609375 0.19444444375 0.3296296296875 0.19444444375 0.3654320984375 0.22291666718749997 0.3654320984375 0.2513888890625 0.3654320984375
0 0.240277778125 0.2296296296875 0.240277778125 0.17901234531250002 0.240277778125 0.1283950625 0.2076388890625 0.1283950625 0.175 0.1283950625 0.175 0.17901234531250002 0.175 0.2296296296875 0.2076388890625 0.2296296296875 0.240277778125 0.2296296296875
0 0.34027777812500004 0.25679012343749996 0.34027777812500004 0.1925925921875 0.34027777812500004 0.1283950625 0.3013888890625 0.1283950625 0.2625 0.1283950625 0.2625 0.1925925921875 0.2625 0.25679012343749996 0.3013888890625 0.25679012343749996 0.34027777812500004 0.25679012343749996
0 0.272222221875 0.32592592656249997 0.272222221875 0.27777777812500004 0.272222221875 0.2296296296875 0.2416666671875 0.2296296296875 0.21111111093749999 0.2296296296875 0.21111111093749999 0.27777777812500004 0.21111111093749999 0.32592592656249997 0.2416666671875 0.32592592656249997 0.272222221875 0.32592592656249997
1 0.352777778125 0.28395061718750003 0.352777778125 0.2469135796875 0.352777778125 0.20987654375 0.3125 0.20987654375 0.272222221875 0.20987654375 0.272222221875 0.2469135796875 0.272222221875 0.28395061718750003 0.3125 0.28395061718750003 0.352777778125 0.28395061718750003
0 0.415277778125 0.31851851875000003 0.415277778125 0.2629629625 0.415277778125 0.20740740781250003 0.384027778125 0.20740740781250003 0.352777778125 0.20740740781250003 0.352777778125 0.2629629625 0.352777778125 0.31851851875000003 0.384027778125 0.31851851875000003 0.415277778125 0.31851851875000003
0 0.3708333328125 0.7654320984375 0.3708333328125 0.68148148125 0.3708333328125 0.5975308640625 0.3229166671875 0.5975308640625 0.275 0.5975308640625 0.275 0.68148148125 0.275 0.7654320984375 0.3229166671875 0.7654320984375 0.3708333328125 0.7654320984375
0 0.45555555625000005 0.7753086421875001 0.45555555625000005 0.686419753125 0.45555555625000005 0.5975308640625 0.4076388890625 0.5975308640625 0.35972222187499997 0.5975308640625 0.35972222187499997 0.686419753125 0.35972222187499997 0.7753086421875001 0.4076388890625 0.7753086421875001 0.45555555625000005 0.7753086421875001
0 0.44166666718750003 0.6370370375000001 0.44166666718750003 0.5543209874999999 0.44166666718750003 0.4716049375 0.39791666718749996 0.4716049375 0.3541666671875 0.4716049375 0.3541666671875 0.5543209874999999 0.3541666671875 0.6370370375000001 0.39791666718749996 0.6370370375000001 0.44166666718750003 0.6370370375000001
0 0.5 0.5802469140625 0.5 0.486419753125 0.5 0.3925925921875 0.45069444374999995 0.3925925921875 0.40138888906250003 0.3925925921875 0.40138888906250003 0.486419753125 0.40138888906250003 0.5802469140625 0.45069444374999995 0.5802469140625 0.5 0.5802469140625
1 0.3916666671875 0.508641975 0.3916666671875 0.4148148140625 0.3916666671875 0.3209876546875 0.32847222187499997 0.3209876546875 0.26527777812500003 0.3209876546875 0.26527777812500003 0.4148148140625 0.26527777812500003 0.508641975 0.32847222187499997 0.508641975 0.3916666671875 0.508641975
2 0.43194444374999996 0.28395061718750003 0.43194444374999996 0.22839506250000002 0.43194444374999996 0.17283950625 0.40208333281249997 0.17283950625 0.372222221875 0.17283950625 0.372222221875 0.22839506250000002 0.372222221875 0.28395061718750003 0.40208333281249997 0.28395061718750003 0.43194444374999996 0.28395061718750003
2 0.3791666671875 0.40493827187500003 0.3791666671875 0.3617283953125 0.3791666671875 0.31851851875000003 0.34305555625 0.31851851875000003 0.30694444375 0.31851851875000003 0.30694444375 0.3617283953125 0.30694444375 0.40493827187500003 0.34305555625 0.40493827187500003 0.3791666671875 0.40493827187500003
2 0.45555555625000005 0.4197530859375 0.45555555625000005 0.3617283953125 0.45555555625000005 0.303703703125 0.40416666718750005 0.303703703125 0.352777778125 0.303703703125 0.352777778125 0.3617283953125 0.352777778125 0.4197530859375 0.40416666718750005 0.4197530859375 0.45555555625000005 0.4197530859375
2 0.4513888890625 0.4987654328125 0.4513888890625 0.440740740625 0.4513888890625 0.38271605000000003 0.41180555625000004 0.38271605000000003 0.372222221875 0.38271605000000003 0.372222221875 0.440740740625 0.372222221875 0.4987654328125 0.41180555625000004 0.4987654328125 0.4513888890625 0.4987654328125
2 0.5097222218749999 0.38271605000000003 0.5097222218749999 0.3345679015625 0.5097222218749999 0.286419753125 0.47291666718750003 0.286419753125 0.4361111109375 0.286419753125 0.4361111109375 0.3345679015625 0.4361111109375 0.38271605000000003 0.47291666718750003 0.38271605000000003 0.5097222218749999 0.38271605000000003
2 0.5694444437499999 0.35555555625 0.5694444437499999 0.2938271609375 0.5694444437499999 0.23209876562499998 0.53125 0.23209876562499998 0.49305555625 0.23209876562499998 0.49305555625 0.2938271609375 0.49305555625 0.35555555625 0.53125 0.35555555625 0.5694444437499999 0.35555555625
1 0.5416666671875 0.26419753125 0.5416666671875 0.21358024687500002 0.5416666671875 0.1629629625 0.49791666718750005 0.1629629625 0.45416666718750004 0.1629629625 0.45416666718750004 0.21358024687500002 0.45416666718750004 0.26419753125 0.49791666718750005 0.26419753125 0.5416666671875 0.26419753125
0 0.5791666671875 0.5481481484375 0.5791666671875 0.4604938265625 0.5791666671875 0.37283950625 0.5326388890625 0.37283950625 0.4861111109375 0.37283950625 0.4861111109375 0.4604938265625 0.4861111109375 0.5481481484375 0.5326388890625 0.5481481484375 0.5791666671875 0.5481481484375
2 0.6263888890625 0.4148148140625 0.6263888890625 0.36296296250000004 0.6263888890625 0.3111111109375 0.5875 0.3111111109375 0.5486111109375 0.3111111109375 0.5486111109375 0.36296296250000004 0.5486111109375 0.4148148140625 0.5875 0.4148148140625 0.6263888890625 0.4148148140625
2 0.5944444437499999 0.5654320984375001 0.5944444437499999 0.48148148125 0.5944444437499999 0.3975308640625 0.5673611109375 0.3975308640625 0.540277778125 0.3975308640625 0.540277778125 0.48148148125 0.540277778125 0.5654320984375001 0.5673611109375 0.5654320984375001 0.5944444437499999 0.5654320984375001
1 0.6861111109375 0.46419753124999996 0.6861111109375 0.40493827187500003 0.6861111109375 0.3456790125 0.6291666671875 0.3456790125 0.5722222218749999 0.3456790125 0.5722222218749999 0.40493827187500003 0.5722222218749999 0.46419753124999996 0.6291666671875 0.46419753124999996 0.6861111109375 0.46419753124999996
2 0.6805555562500001 0.60987654375 0.6805555562500001 0.530864196875 0.6805555562500001 0.45185185156249996 0.6270833328125 0.45185185156249996 0.5736111109375 0.45185185156249996 0.5736111109375 0.530864196875 0.5736111109375 0.60987654375 0.6270833328125 0.60987654375 0.6805555562500001 0.60987654375
2 0.70694444375 0.49382716093749995 0.70694444375 0.44444444375 0.70694444375 0.395061728125 0.6631944437499999 0.395061728125 0.61944444375 0.395061728125 0.61944444375 0.44444444375 0.61944444375 0.49382716093749995 0.6631944437499999 0.49382716093749995 0.70694444375 0.49382716093749995
0 0.752777778125 0.7283950625 0.752777778125 0.6234567906249999 0.752777778125 0.51851851875 0.6881944437499999 0.51851851875 0.6236111109375 0.51851851875 0.6236111109375 0.6234567906249999 0.6236111109375 0.7283950625 0.6881944437499999 0.7283950625 0.752777778125 0.7283950625
0 0.825 0.59012345625 0.825 0.5135802468749999 0.825 0.4370370375 0.7666666671875 0.4370370375 0.7083333328125 0.4370370375 0.7083333328125 0.5135802468749999 0.7083333328125 0.59012345625 0.7666666671875 0.59012345625 0.825 0.59012345625
0 0.7958333328125 0.486419753125 0.7958333328125 0.41851851875 0.7958333328125 0.350617284375 0.740972221875 0.350617284375 0.6861111109375 0.350617284375 0.6861111109375 0.41851851875 0.6861111109375 0.486419753125 0.740972221875 0.486419753125 0.7958333328125 0.486419753125
0 0.8013888890624999 0.395061728125 0.8013888890624999 0.33209876562499996 0.8013888890624999 0.269135803125 0.75 0.269135803125 0.6986111109375 0.269135803125 0.6986111109375 0.33209876562499996 0.6986111109375 0.395061728125 0.75 0.395061728125 0.8013888890624999 0.395061728125
1 0.8861111109375001 0.659259259375 0.8861111109375001 0.51728395 0.8861111109375001 0.3753086421875 0.8458333328125001 0.3753086421875 0.8055555562500001 0.3753086421875 0.8055555562500001 0.51728395 0.8055555562500001 0.659259259375 0.8458333328125001 0.659259259375 0.8861111109375001 0.659259259375
2 0.9138888890624999 0.449382715625 0.9138888890624999 0.3851851859375 0.9138888890624999 0.3209876546875 0.85625 0.3209876546875 0.7986111109375 0.3209876546875 0.7986111109375 0.3851851859375 0.7986111109375 0.449382715625 0.85625 0.449382715625 0.9138888890624999 0.449382715625
1 0.7236111109375 0.195061728125 0.7236111109375 0.1246913578125 0.7236111109375 0.054320987499999994 0.6666666671875 0.054320987499999994 0.609722221875 0.054320987499999994 0.609722221875 0.1246913578125 0.609722221875 0.195061728125 0.6666666671875 0.195061728125 0.7236111109375 0.195061728125
0 0.80694444375 0.0987654328125 0.80694444375 0.051851851562499995 0.80694444375 0.004938271875 0.7729166671875001 0.004938271875 0.7388888890625 0.004938271875 0.7388888890625 0.051851851562499995 0.7388888890625 0.0987654328125 0.7729166671875001 0.0987654328125 0.80694444375 0.0987654328125
2 0.7819444437499999 0.2246913578125 0.7819444437499999 0.1617283953125 0.7819444437499999 0.0987654328125 0.734027778125 0.0987654328125 0.6861111109375 0.0987654328125 0.6861111109375 0.1617283953125 0.6861111109375 0.2246913578125 0.734027778125 0.2246913578125 0.7819444437499999 0.2246913578125
2 0.8138888890624999 0.276543209375 0.8138888890624999 0.20740740781250003 0.8138888890624999 0.1382716046875 0.7736111109375 0.1382716046875 0.7333333328125 0.1382716046875 0.7333333328125 0.20740740781250003 0.7333333328125 0.276543209375 0.7736111109375 0.276543209375 0.8138888890624999 0.276543209375
0 0.85 0.204938271875 0.85 0.1617283953125 0.85 0.11851851875 0.8208333328125 0.11851851875 0.7916666671875 0.11851851875 0.7916666671875 0.1617283953125 0.7916666671875 0.204938271875 0.8208333328125 0.204938271875 0.85 0.204938271875
1 0.89305555625 0.32592592656249997 0.89305555625 0.25555555625 0.89305555625 0.1851851859375 0.8458333328125001 0.1851851859375 0.7986111109375 0.1851851859375 0.7986111109375 0.25555555625 0.7986111109375 0.32592592656249997 0.8458333328125001 0.32592592656249997 0.89305555625 0.32592592656249997
1 0.9333333328125001 0.3061728390625 0.9333333328125001 0.240740740625 0.9333333328125001 0.1753086421875 0.8958333328125001 0.1753086421875 0.8583333328125 0.1753086421875 0.8583333328125 0.240740740625 0.8583333328125 0.3061728390625 0.8958333328125001 0.3061728390625 0.9333333328125001 0.3061728390625
1 0.9736111109375001 0.3209876546875 0.9736111109375001 0.2469135796875 0.9736111109375001 0.17283950625 0.9395833328125001 0.17283950625 0.9055555562500001 0.17283950625 0.9055555562500001 0.2469135796875 0.9055555562500001 0.3209876546875 0.9395833328125001 0.3209876546875 0.9736111109375001 0.3209876546875
1 1 0.15555555625 0.9798611109375001 0.15555555625 0.959722221875 0.15555555625 0.959722221875 0.20370370312500002 0.959722221875 0.2518518515625 0.9798611109375001 0.2518518515625 1 0.2518518515625 1 0.20370370312500002 1 0.15555555625
1 1 0.296296296875 0.9541666671875 0.296296296875 0.9083333328125001 0.296296296875 0.9083333328125001 0.35925925937500003 0.9083333328125001 0.42222222187499997 0.9541666671875 0.42222222187499997 1 0.42222222187499997 1 0.35925925937500003 1 0.296296296875
1 1 0.432098765625 0.9694444437499999 0.432098765625 0.9388888890624999 0.432098765625 0.9388888890624999 0.5024691359375 0.9388888890624999 0.57283950625 0.9694444437499999 0.57283950625 1 0.57283950625 1 0.5024691359375 1 0.432098765625
1 0.31805555625 0.9111111109375001 0.31805555625 0.8506172843750001 0.31805555625 0.79012345625 0.2666666671875 0.79012345625 0.215277778125 0.79012345625 0.215277778125 0.8506172843750001 0.215277778125 0.9111111109375001 0.2666666671875 0.9111111109375001 0.31805555625 0.9111111109375001
1 0.6708333328125 0.7975308640625001 0.6708333328125 0.723456790625 0.6708333328125 0.649382715625 0.5583333328125 0.649382715625 0.4458333328125 0.649382715625 0.4458333328125 0.723456790625 0.4458333328125 0.7975308640625001 0.5583333328125 0.7975308640625001 0.6708333328125 0.7975308640625001
1 0.752777778125 1 0.752777778125 0.904938271875 0.752777778125 0.8098765437500001 0.690972221875 0.8098765437500001 0.6291666671875 0.8098765437500001 0.6291666671875 0.904938271875 0.6291666671875 1 0.690972221875 1 0.752777778125 1
1 0.540277778125 1 0.540277778125 0.8691358031249999 0.540277778125 0.7382716046875 0.48472222187499997 0.7382716046875 0.4291666671875 0.7382716046875 0.4291666671875 0.8691358031249999 0.4291666671875 1 0.48472222187499997 1 0.540277778125 1
2 0.54305555625 0.9111111109375001 0.54305555625 0.8148148140625 0.54305555625 0.7185185187500001 0.48472222187499997 0.7185185187500001 0.4263888890625 0.7185185187500001 0.4263888890625 0.8148148140625 0.4263888890625 0.9111111109375001 0.48472222187499997 0.9111111109375001 0.54305555625 0.9111111109375001
2 0.9833333328125 0.12592592656249998 0.9833333328125 0.06419753125 0.9833333328125 0.0024691359375 0.92430555625 0.0024691359375 0.8652777781250001 0.0024691359375 0.8652777781250001 0.06419753125 0.8652777781250001 0.12592592656249998 0.92430555625 0.12592592656249998 0.9833333328125 0.12592592656249998