3 0.922222221875 0.6716049374999999 0.922222221875 0.6283950625 0.922222221875 0.5851851859375 0.88819444375 0.5851851859375 0.8541666671874999 0.5851851859375 0.8541666671874999 0.6283950625 0.8541666671874999 0.6716049374999999 0.88819444375 0.6716049374999999 0.922222221875 0.6716049374999999
3 0.6958333328124999 0.9037037031249999 0.6958333328124999 0.8629629624999999 0.6958333328124999 0.8222222218749999 0.6736111109375 0.8222222218749999 0.6513888890625 0.8222222218749999 0.6513888890625 0.8629629624999999 0.6513888890625 0.9037037031249999 0.6736111109375 0.9037037031249999 0.6958333328124999 0.9037037031249999
3 0.58194444375 1 0.58194444375 0.959259259375 0.58194444375 0.91851851875 0.5486111109375 0.91851851875 0.515277778125 0.91851851875 0.515277778125 0.959259259375 0.515277778125 1 0.5486111109375 1 0.58194444375 1
0 0.647222221875 0.150617284375 0.647222221875 0.11851851875 0.647222221875 0.086419753125 0.628472221875 0.086419753125 0.609722221875 0.086419753125 0.609722221875 0.11851851875 0.609722221875 0.150617284375 0.628472221875 0.150617284375 0.647222221875 0.150617284375
0 0.547222221875 0.622222221875 0.547222221875 0.5851851859375 0.547222221875 0.5481481484375 0.527777778125 0.5481481484375 0.5083333328124999 0.5481481484375 0.5083333328124999 0.5851851859375 0.5083333328124999 0.622222221875 0.527777778125 0.622222221875 0.547222221875 0.622222221875
0 0.66805555625 0.77283950625 0.66805555625 0.73580246875 0.66805555625 0.6987654328125 0.6493055562500001 0.6987654328125 0.63055555625 0.6987654328125 0.63055555625 0.73580246875 0.63055555625 0.77283950625 0.6493055562500001 0.77283950625 0.66805555625 0.77283950625
0 0.12222222187500001 0.530864196875 0.12222222187500001 0.48148148125 0.12222222187500001 0.432098765625 0.07986111093750001 0.432098765625 0.0375 0.432098765625 0.0375 0.48148148125 0.0375 0.530864196875 0.07986111093750001 0.530864196875 0.12222222187500001 0.530864196875
0 0.48333333281249996 0.5160493828125 0.48333333281249996 0.486419753125 0.48333333281249996 0.45679012343750003 0.46319444374999996 0.45679012343750003 0.44305555625000004 0.45679012343750003 0.44305555625000004 0.486419753125 0.44305555625000004 0.5160493828125 0.46319444374999996 0.5160493828125 0.48333333281249996 0.5160493828125
0 0.44305555625000004 0.5604938265625 0.44305555625000004 0.5271604937500001 0.44305555625000004 0.49382716093749995 0.4236111109375 0.49382716093749995 0.40416666718750005 0.49382716093749995 0.40416666718750005 0.5271604937500001 0.40416666718750005 0.5604938265625 0.4236111109375 0.5604938265625 0.44305555625000004 0.5604938265625
0 0.4861111109375 0.7111111109375 0.4861111109375 0.669135803125 0.4861111109375 0.62716049375 0.4625 0.62716049375 0.4388888890625 0.62716049375 0.4388888890625 0.669135803125 0.4388888890625 0.7111111109375 0.4625 0.7111111109375 0.4861111109375 0.7111111109375
0 0.647222221875 0.5283950625 0.647222221875 0.486419753125 0.647222221875 0.44444444375 0.625 0.44444444375 0.602777778125 0.44444444375 0.602777778125 0.486419753125 0.602777778125 0.5283950625 0.625 0.5283950625 0.647222221875 0.5283950625
0 0.8291666671875 0.4716049375 0.8291666671875 0.4395061734375 0.8291666671875 0.4074074078125 0.80694444375 0.4074074078125 0.784722221875 0.4074074078125 0.784722221875 0.4395061734375 0.784722221875 0.4716049375 0.80694444375 0.4716049375 0.8291666671875 0.4716049375
0 0.7388888890625 0.6148148140624999 0.7388888890625 0.5703703703125 0.7388888890625 0.5259259265625 0.7118055562500001 0.5259259265625 0.684722221875 0.5259259265625 0.684722221875 0.5703703703125 0.684722221875 0.6148148140624999 0.7118055562500001 0.6148148140624999 0.7388888890625 0.6148148140624999
0 0.76805555625 0.7654320984375 0.76805555625 0.722222221875 0.76805555625 0.6790123453125 0.7416666671875001 0.6790123453125 0.715277778125 0.6790123453125 0.715277778125 0.722222221875 0.715277778125 0.7654320984375 0.7416666671875001 0.7654320984375 0.76805555625 0.7654320984375