1 0.165277778125 1 0.165277778125 0.88271605 0.165277778125 0.7654320984375 0.0979166671875 0.7654320984375 0.030555556249999997 0.7654320984375 0.030555556249999997 0.88271605 0.030555556249999997 1 0.0979166671875 1 0.165277778125 1
2 0.23472222187499997 0.9530864203125 0.23472222187499997 0.8728395062500001 0.23472222187499997 0.7925925921875 0.1729166671875 0.7925925921875 0.1111111109375 0.7925925921875 0.1111111109375 0.8728395062500001 0.1111111109375 0.9530864203125 0.1729166671875 0.9530864203125 0.23472222187499997 0.9530864203125
2 0.24305555625 1 0.24305555625 0.9469135796874999 0.24305555625 0.8938271609375 0.184722221875 0.8938271609375 0.1263888890625 0.8938271609375 0.1263888890625 0.9469135796874999 0.1263888890625 1 0.184722221875 1 0.24305555625 1
2 0.14444444375 0.777777778125 0.14444444375 0.7 0.14444444375 0.622222221875 0.090277778125 0.622222221875 0.0361111109375 0.622222221875 0.0361111109375 0.7 0.0361111109375 0.777777778125 0.090277778125 0.777777778125 0.14444444375 0.777777778125
0 0.11805555625 0.6938271609375 0.11805555625 0.630864196875 0.11805555625 0.5679012343750001 0.059722221875 0.5679012343750001 0.0013888890625 0.5679012343750001 0.0013888890625 0.630864196875 0.0013888890625 0.6938271609375 0.059722221875 0.6938271609375 0.11805555625 0.6938271609375
1 0.24305555625 0.45679012343750003 0.24305555625 0.4 0.24305555625 0.3432098765625 0.178472221875 0.3432098765625 0.11388888906250001 0.3432098765625 0.11388888906250001 0.4 0.11388888906250001 0.45679012343750003 0.178472221875 0.45679012343750003 0.24305555625 0.45679012343750003
0 0.1611111109375 0.5604938265625 0.1611111109375 0.4839506171875 0.1611111109375 0.4074074078125 0.0986111109375 0.4074074078125 0.0361111109375 0.4074074078125 0.0361111109375 0.4839506171875 0.0361111109375 0.5604938265625 0.0986111109375 0.5604938265625 0.1611111109375 0.5604938265625
0 0.2138888890625 0.6395061734375 0.2138888890625 0.57283950625 0.2138888890625 0.5061728390625 0.1708333328125 0.5061728390625 0.127777778125 0.5061728390625 0.127777778125 0.57283950625 0.127777778125 0.6395061734375 0.1708333328125 0.6395061734375 0.2138888890625 0.6395061734375
0 0.2916666671875 0.6469135796875001 0.2916666671875 0.5839506171875 0.2916666671875 0.5209876546875 0.24444444375000002 0.5209876546875 0.197222221875 0.5209876546875 0.197222221875 0.5839506171875 0.197222221875 0.6469135796875001 0.24444444375000002 0.6469135796875001 0.2916666671875 0.6469135796875001
0 0.2736111109375 0.550617284375 0.2736111109375 0.47407407343749997 0.2736111109375 0.3975308640625 0.22291666718749997 0.3975308640625 0.172222221875 0.3975308640625 0.172222221875 0.47407407343749997 0.172222221875 0.550617284375 0.22291666718749997 0.550617284375 0.2736111109375 0.550617284375
0 0.23333333281250002 0.7851851859375001 0.23333333281250002 0.7123456796875 0.23333333281250002 0.6395061734375 0.165277778125 0.6395061734375 0.097222221875 0.6395061734375 0.097222221875 0.7123456796875 0.097222221875 0.7851851859375001 0.165277778125 0.7851851859375001 0.23333333281250002 0.7851851859375001
0 0.3611111109375 0.6 0.3611111109375 0.5197530859375 0.3611111109375 0.4395061734375 0.31805555625 0.4395061734375 0.275 0.4395061734375 0.275 0.5197530859375 0.275 0.6 0.31805555625 0.6 0.3611111109375 0.6
0 0.35972222187499997 0.8740740734375001 0.35972222187499997 0.7654320984375 0.35972222187499997 0.6567901234375 0.302777778125 0.6567901234375 0.24583333281250003 0.6567901234375 0.24583333281250003 0.7654320984375 0.24583333281250003 0.8740740734375001 0.302777778125 0.8740740734375001 0.35972222187499997 0.8740740734375001
0 0.41805555625 0.8518518515625001 0.41805555625 0.741975309375 0.41805555625 0.632098765625 0.375 0.632098765625 0.33194444375 0.632098765625 0.33194444375 0.741975309375 0.33194444375 0.8518518515625001 0.375 0.8518518515625001 0.41805555625 0.8518518515625001
2 0.41805555625 0.6666666671875 0.41805555625 0.586419753125 0.41805555625 0.5061728390625 0.37013888906250003 0.5061728390625 0.322222221875 0.5061728390625 0.322222221875 0.586419753125 0.322222221875 0.6666666671875 0.37013888906250003 0.6666666671875 0.41805555625 0.6666666671875
2 0.515277778125 0.5679012343750001 0.515277778125 0.46666666718750005 0.515277778125 0.3654320984375 0.45069444374999995 0.3654320984375 0.3861111109375 0.3654320984375 0.3861111109375 0.46666666718750005 0.3861111109375 0.5679012343750001 0.45069444374999995 0.5679012343750001 0.515277778125 0.5679012343750001
1 0.46388888906250003 0.46913580312500003 0.46388888906250003 0.3802469140625 0.46388888906250003 0.29135802499999996 0.4076388890625 0.29135802499999996 0.3513888890625 0.29135802499999996 0.3513888890625 0.3802469140625 0.3513888890625 0.46913580312500003 0.4076388890625 0.46913580312500003 0.46388888906250003 0.46913580312500003
1 0.5708333328124999 0.9580246906250001 0.5708333328124999 0.769135803125 0.5708333328124999 0.5802469140625 0.48472222187499997 0.5802469140625 0.3986111109375 0.5802469140625 0.3986111109375 0.769135803125 0.3986111109375 0.9580246906250001 0.48472222187499997 0.9580246906250001 0.5708333328124999 0.9580246906250001
1 0.547222221875 0.8320987656250001 0.547222221875 0.6888888890625 0.547222221875 0.5456790125000001 0.5125 0.5456790125000001 0.477777778125 0.5456790125000001 0.477777778125 0.6888888890625 0.477777778125 0.8320987656250001 0.5125 0.8320987656250001 0.547222221875 0.8320987656250001
2 0.6611111109375 0.758024690625 0.6611111109375 0.6432098765625 0.6611111109375 0.5283950625 0.597222221875 0.5283950625 0.5333333328125 0.5283950625 0.5333333328125 0.6432098765625 0.5333333328125 0.758024690625 0.597222221875 0.758024690625 0.6611111109375 0.758024690625
2 0.734722221875 0.8839506171875 0.734722221875 0.7481481484375 0.734722221875 0.6123456796875 0.6791666671875001 0.6123456796875 0.6236111109375 0.6123456796875 0.6236111109375 0.7481481484375 0.6236111109375 0.8839506171875 0.6791666671875001 0.8839506171875 0.734722221875 0.8839506171875
0 0.815277778125 0.9851851859374999 0.815277778125 0.8851851859375 0.815277778125 0.7851851859375001 0.7451388890625 0.7851851859375001 0.675 0.7851851859375001 0.675 0.8851851859375 0.675 0.9851851859374999 0.7451388890625 0.9851851859374999 0.815277778125 0.9851851859374999
2 0.6958333328124999 0.5876543203125 0.6958333328124999 0.5111111109375 0.6958333328124999 0.43456790156249997 0.6388888890625 0.43456790156249997 0.58194444375 0.43456790156249997 0.58194444375 0.5111111109375 0.58194444375 0.5876543203125 0.6388888890625 0.5876543203125 0.6958333328124999 0.5876543203125
2 0.7388888890625 0.5012345671875 0.7388888890625 0.41604938281250003 0.7388888890625 0.330864196875 0.6888888890625 0.330864196875 0.6388888890625 0.330864196875 0.6388888890625 0.41604938281250003 0.6388888890625 0.5012345671875 0.6888888890625 0.5012345671875 0.7388888890625 0.5012345671875
2 0.9138888890624999 0.330864196875 0.9138888890624999 0.2790123453125 0.9138888890624999 0.22716049374999997 0.85625 0.22716049374999997 0.7986111109375 0.22716049374999997 0.7986111109375 0.2790123453125 0.7986111109375 0.330864196875 0.85625 0.330864196875 0.9138888890624999 0.330864196875
0 0.85555555625 0.8123456796875 0.85555555625 0.6851851859375 0.85555555625 0.558024690625 0.784722221875 0.558024690625 0.7138888890625 0.558024690625 0.7138888890625 0.6851851859375 0.7138888890625 0.8123456796875 0.784722221875 0.8123456796875 0.85555555625 0.8123456796875
0 0.9291666671875 0.696296296875 0.9291666671875 0.5827160499999999 0.9291666671875 0.46913580312500003 0.859722221875 0.46913580312500003 0.790277778125 0.46913580312500003 0.790277778125 0.5827160499999999 0.790277778125 0.696296296875 0.859722221875 0.696296296875 0.9291666671875 0.696296296875
1 0.95694444375 0.49629629687500004 0.95694444375 0.42592592656250006 0.95694444375 0.35555555625 0.9138888890624999 0.35555555625 0.8708333328125001 0.35555555625 0.8708333328125001 0.42592592656250006 0.8708333328125001 0.49629629687500004 0.9138888890624999 0.49629629687500004 0.95694444375 0.49629629687500004
2 0.95694444375 0.7185185187500001 0.95694444375 0.6074074078125 0.95694444375 0.49629629687500004 0.9270833328125001 0.49629629687500004 0.897222221875 0.49629629687500004 0.897222221875 0.6074074078125 0.897222221875 0.7185185187500001 0.9270833328125001 0.7185185187500001 0.95694444375 0.7185185187500001
2 1 0.5604938265625 0.9701388890624999 0.5604938265625 0.940277778125 0.5604938265625 0.940277778125 0.6703703703125 0.940277778125 0.7802469140625 0.9701388890624999 0.7802469140625 1 0.7802469140625 1 0.6703703703125 1 0.5604938265625
2 0.8236111109375001 0.42716049375000004 0.8236111109375001 0.341975309375 0.8236111109375001 0.25679012343749996 0.7708333328125 0.25679012343749996 0.7180555562500001 0.25679012343749996 0.7180555562500001 0.341975309375 0.7180555562500001 0.42716049375000004 0.7708333328125 0.42716049375000004 0.8236111109375001 0.42716049375000004
2 0.8680555562500001 0.5135802468749999 0.8680555562500001 0.4469135796875 0.8680555562500001 0.3802469140625 0.8229166671874999 0.3802469140625 0.777777778125 0.3802469140625 0.777777778125 0.4469135796875 0.777777778125 0.5135802468749999 0.8229166671874999 0.5135802468749999 0.8680555562500001 0.5135802468749999
2 1 0.41728395 0.9680555562500001 0.41728395 0.9361111109375001 0.41728395 0.9361111109375001 0.46543209843750005 0.9361111109375001 0.5135802468749999 0.9680555562500001 0.5135802468749999 1 0.5135802468749999 1 0.46543209843750005 1 0.41728395
0 0.940277778125 0.19012345625 0.940277778125 0.130864196875 0.940277778125 0.0716049375 0.8993055562500001 0.0716049375 0.8583333328125 0.0716049375 0.8583333328125 0.130864196875 0.8583333328125 0.19012345625 0.8993055562500001 0.19012345625 0.940277778125 0.19012345625
0 0.99444444375 0.3654320984375 0.99444444375 0.2925925921875 0.99444444375 0.2197530859375 0.95694444375 0.2197530859375 0.91944444375 0.2197530859375 0.91944444375 0.2925925921875 0.91944444375 0.3654320984375 0.95694444375 0.3654320984375 0.99444444375 0.3654320984375
1 1 0.086419753125 0.9673611109375001 0.086419753125 0.934722221875 0.086419753125 0.934722221875 0.16419753125 0.934722221875 0.24197530937499998 0.9673611109375001 0.24197530937499998 1 0.24197530937499998 1 0.16419753125 1 0.086419753125
0 0.86944444375 0.130864196875 0.86944444375 0.0666666671875 0.86944444375 0.0024691359375 0.825 0.0024691359375 0.7805555562500001 0.0024691359375 0.7805555562500001 0.0666666671875 0.7805555562500001 0.130864196875 0.825 0.130864196875 0.86944444375 0.130864196875
2 0.9541666671875 0.061728395312499997 0.9541666671875 0.032098765625 0.9541666671875 0.0024691359375 0.9069444437499999 0.0024691359375 0.859722221875 0.0024691359375 0.859722221875 0.032098765625 0.859722221875 0.061728395312499997 0.9069444437499999 0.061728395312499997 0.9541666671875 0.061728395312499997
2 0.5555555562500001 0.1703703703125 0.5555555562500001 0.1061728390625 0.5555555562500001 0.041975309375 0.509027778125 0.041975309375 0.4625 0.041975309375 0.4625 0.1061728390625 0.4625 0.1703703703125 0.509027778125 0.1703703703125 0.5555555562500001 0.1703703703125
3 0.07083333281250001 0.39012345625 0.07083333281250001 0.30987654375 0.07083333281250001 0.2296296296875 0.0361111109375 0.2296296296875 0.0013888890625 0.2296296296875 0.0013888890625 0.30987654375 0.0013888890625 0.39012345625 0.0361111109375 0.39012345625 0.07083333281250001 0.39012345625