0 0.975 1 0.975 0.9629629625 0.975 0.9259259265625 0.91944444375 0.9259259265625 0.8638888890624999 0.9259259265625 0.8638888890624999 0.9629629625 0.8638888890624999 1 0.91944444375 1 0.975 1
0 0.95 0.48148148125 0.95 0.42222222187499997 0.95 0.36296296250000004 0.915277778125 0.36296296250000004 0.88055555625 0.36296296250000004 0.88055555625 0.42222222187499997 0.88055555625 0.48148148125 0.915277778125 0.48148148125 0.95 0.48148148125
0 0.6986111109375 0.4987654328125 0.6986111109375 0.45679012343750003 0.6986111109375 0.4148148140625 0.6701388890625 0.4148148140625 0.6416666671875 0.4148148140625 0.6416666671875 0.45679012343750003 0.6416666671875 0.4987654328125 0.6701388890625 0.4987654328125 0.6986111109375 0.4987654328125
0 0.6111111109375 0.8246913578124999 0.6111111109375 0.7790123453125 0.6111111109375 0.7333333328125 0.5833333328125 0.7333333328125 0.5555555562500001 0.7333333328125 0.5555555562500001 0.7790123453125 0.5555555562500001 0.8246913578124999 0.5833333328125 0.8246913578124999 0.6111111109375 0.8246913578124999
3 0.940277778125 0.8987654328125 0.940277778125 0.8432098765625 0.940277778125 0.7876543203125 0.90069444375 0.7876543203125 0.8611111109375 0.7876543203125 0.8611111109375 0.8432098765625 0.8611111109375 0.8987654328125 0.90069444375 0.8987654328125 0.940277778125 0.8987654328125
3 0.672222221875 0.7012345671875 0.672222221875 0.667901234375 0.672222221875 0.6345679015625 0.6486111109375 0.6345679015625 0.625 0.6345679015625 0.625 0.667901234375 0.625 0.7012345671875 0.6486111109375 0.7012345671875 0.672222221875 0.7012345671875
3 0.8416666671874999 0.486419753125 0.8416666671874999 0.43827160468750004 0.8416666671874999 0.39012345625 0.809722221875 0.39012345625 0.777777778125 0.39012345625 0.777777778125 0.43827160468750004 0.777777778125 0.486419753125 0.809722221875 0.486419753125 0.8416666671874999 0.486419753125
3 0.809722221875 0.5654320984375001 0.809722221875 0.5148148140625 0.809722221875 0.46419753124999996 0.7791666671875 0.46419753124999996 0.7486111109375 0.46419753124999996 0.7486111109375 0.5148148140625 0.7486111109375 0.5654320984375001 0.7791666671875 0.5654320984375001 0.809722221875 0.5654320984375001
3 0.7583333328124999 0.3283950625 0.7583333328124999 0.2802469140625 0.7583333328124999 0.23209876562499998 0.7291666671875 0.23209876562499998 0.7 0.23209876562499998 0.7 0.2802469140625 0.7 0.3283950625 0.7291666671875 0.3283950625 0.7583333328124999 0.3283950625
3 0.1833333328125 0.7629629625 0.1833333328125 0.723456790625 0.1833333328125 0.6839506171874999 0.1520833328125 0.6839506171874999 0.1208333328125 0.6839506171874999 0.1208333328125 0.723456790625 0.1208333328125 0.7629629625 0.1520833328125 0.7629629625 0.1833333328125 0.7629629625
0 0.32083333281250004 0.8716049375000001 0.32083333281250004 0.8308641968750001 0.32083333281250004 0.79012345625 0.2916666671875 0.79012345625 0.2625 0.79012345625 0.2625 0.8308641968750001 0.2625 0.8716049375000001 0.2916666671875 0.8716049375000001 0.32083333281250004 0.8716049375000001
0 0.26527777812500003 0.7481481484375 0.26527777812500003 0.7024691359374999 0.26527777812500003 0.6567901234375 0.2388888890625 0.6567901234375 0.2125 0.6567901234375 0.2125 0.7024691359374999 0.2125 0.7481481484375 0.2388888890625 0.7481481484375 0.26527777812500003 0.7481481484375
0 0.10833333281249999 0.8098765437500001 0.10833333281249999 0.7543209875 0.10833333281249999 0.6987654328125 0.07638888906249999 0.6987654328125 0.04444444375 0.6987654328125 0.04444444375 0.7543209875 0.04444444375 0.8098765437500001 0.07638888906249999 0.8098765437500001 0.10833333281249999 0.8098765437500001