1 0.8430555562500001 0.20246913593750002 0.8430555562500001 0.11728395 0.8430555562500001 0.032098765625 0.7479166671875 0.032098765625 0.652777778125 0.032098765625 0.652777778125 0.11728395 0.652777778125 0.20246913593750002 0.7479166671875 0.20246913593750002 0.8430555562500001 0.20246913593750002
1 0.7875 0.2716049375 0.7875 0.18271605 0.7875 0.0938271609375 0.6916666671875 0.0938271609375 0.5958333328125 0.0938271609375 0.5958333328125 0.18271605 0.5958333328125 0.2716049375 0.6916666671875 0.2716049375 0.7875 0.2716049375
2 0.7180555562500001 0.08395061718749999 0.7180555562500001 0.0432098765625 0.7180555562500001 0.0024691359375 0.65 0.0024691359375 0.58194444375 0.0024691359375 0.58194444375 0.0432098765625 0.58194444375 0.08395061718749999 0.65 0.08395061718749999 0.7180555562500001 0.08395061718749999
2 0.8263888890625 0.48148148125 0.8263888890625 0.3716049375 0.8263888890625 0.2617283953125 0.71875 0.2617283953125 0.6111111109375 0.2617283953125 0.6111111109375 0.3716049375 0.6111111109375 0.48148148125 0.71875 0.48148148125 0.8263888890625 0.48148148125
0 0.790277778125 0.8370370375 0.790277778125 0.5617283953125 0.790277778125 0.286419753125 0.60555555625 0.286419753125 0.42083333281249996 0.286419753125 0.42083333281249996 0.5617283953125 0.42083333281249996 0.8370370375 0.60555555625 0.8370370375 0.790277778125 0.8370370375
2 0.3 0.6024691359375 0.3 0.3851851859375 0.3 0.16790123437499999 0.16458333281249998 0.16790123437499999 0.029166667187500002 0.16790123437499999 0.029166667187500002 0.3851851859375 0.029166667187500002 0.6024691359375 0.16458333281249998 0.6024691359375 0.3 0.6024691359375
2 0.447222221875 0.5012345671875 0.447222221875 0.2938271609375 0.447222221875 0.086419753125 0.346527778125 0.086419753125 0.24583333281250003 0.086419753125 0.24583333281250003 0.2938271609375 0.24583333281250003 0.5012345671875 0.346527778125 0.5012345671875 0.447222221875 0.5012345671875
1 0.559722221875 0.4716049375 0.559722221875 0.249382715625 0.559722221875 0.027160493749999997 0.48819444375 0.027160493749999997 0.4166666671875 0.027160493749999997 0.4166666671875 0.249382715625 0.4166666671875 0.4716049375 0.48819444375 0.4716049375 0.559722221875 0.4716049375
2 0.622222221875 0.31851851875000003 0.622222221875 0.1987654328125 0.622222221875 0.0790123453125 0.5694444437499999 0.0790123453125 0.5166666671875 0.0790123453125 0.5166666671875 0.1987654328125 0.5166666671875 0.31851851875000003 0.5694444437499999 0.31851851875000003 0.622222221875 0.31851851875000003
1 0.34444444375 0.15555555625 0.34444444375 0.1 0.34444444375 0.04444444375 0.2638888890625 0.04444444375 0.1833333328125 0.04444444375 0.1833333328125 0.1 0.1833333328125 0.15555555625 0.2638888890625 0.15555555625 0.34444444375 0.15555555625
1 0.184722221875 0.16790123437499999 0.184722221875 0.08518518593749999 0.184722221875 0.0024691359375 0.09305555625 0.0024691359375 0.0013888890625 0.0024691359375 0.0013888890625 0.08518518593749999 0.0013888890625 0.16790123437499999 0.09305555625 0.16790123437499999 0.184722221875 0.16790123437499999
1 0.40972222187499996 0.0740740734375 0.40972222187499996 0.0382716046875 0.40972222187499996 0.0024691359375 0.3763888890625 0.0024691359375 0.34305555625 0.0024691359375 0.34305555625 0.0382716046875 0.34305555625 0.0740740734375 0.3763888890625 0.0740740734375 0.40972222187499996 0.0740740734375
0 1 0.38765432031249997 0.8861111109375001 0.38765432031249997 0.772222221875 0.38765432031249997 0.772222221875 0.6024691359375 0.772222221875 0.81728395 0.8861111109375001 0.81728395 1 0.81728395 1 0.6024691359375 1 0.38765432031249997
0 0.975 1 0.975 0.767901234375 0.975 0.53580246875 0.8236111109375001 0.53580246875 0.672222221875 0.53580246875 0.672222221875 0.767901234375 0.672222221875 1 0.8236111109375001 1 0.975 1