0 0.527777778125 0.2246913578125 0.527777778125 0.1654320984375 0.527777778125 0.1061728390625 0.49652777812500004 0.1061728390625 0.46527777812500004 0.1061728390625 0.46527777812500004 0.1654320984375 0.46527777812500004 0.2246913578125 0.49652777812500004 0.2246913578125 0.527777778125 0.2246913578125
3 0.5555555562500001 0.1283950625 0.5555555562500001 0.0888888890625 0.5555555562500001 0.049382715625000004 0.5354166671875 0.049382715625000004 0.515277778125 0.049382715625000004 0.515277778125 0.0888888890625 0.515277778125 0.1283950625 0.5354166671875 0.1283950625 0.5555555562500001 0.1283950625
3 0.590277778125 0.10123456718749999 0.590277778125 0.0654320984375 0.590277778125 0.0296296296875 0.5708333328124999 0.0296296296875 0.5513888890625 0.0296296296875 0.5513888890625 0.0654320984375 0.5513888890625 0.10123456718749999 0.5708333328124999 0.10123456718749999 0.590277778125 0.10123456718749999
3 0.725 0.9283950624999999 0.725 0.8481481484375 0.725 0.767901234375 0.6833333328125 0.767901234375 0.6416666671875 0.767901234375 0.6416666671875 0.8481481484375 0.6416666671875 0.9283950624999999 0.6833333328125 0.9283950624999999 0.725 0.9283950624999999
3 0.9902777781250001 0.31851851875000003 0.9902777781250001 0.2543209875 0.9902777781250001 0.19012345625 0.9361111109375001 0.19012345625 0.8819444437499999 0.19012345625 0.8819444437499999 0.2543209875 0.8819444437499999 0.31851851875000003 0.9361111109375001 0.31851851875000003 0.9902777781250001 0.31851851875000003
3 0.6458333328125 0.5259259265625 0.6458333328125 0.46296296249999996 0.6458333328125 0.4 0.6152777781250001 0.4 0.584722221875 0.4 0.584722221875 0.46296296249999996 0.584722221875 0.5259259265625 0.6152777781250001 0.5259259265625 0.6458333328125 0.5259259265625
3 0.43333333281249997 0.6567901234375 0.43333333281249997 0.6123456796875 0.43333333281249997 0.5679012343750001 0.4076388890625 0.5679012343750001 0.38194444375000003 0.5679012343750001 0.38194444375000003 0.6123456796875 0.38194444375000003 0.6567901234375 0.4076388890625 0.6567901234375 0.43333333281249997 0.6567901234375
0 0.31944444375000003 0.7012345671875 0.31944444375000003 0.61851851875 0.31944444375000003 0.53580246875 0.2770833328125 0.53580246875 0.23472222187499997 0.53580246875 0.23472222187499997 0.61851851875 0.23472222187499997 0.7012345671875 0.2770833328125 0.7012345671875 0.31944444375000003 0.7012345671875
0 0.20972222187499998 0.3975308640625 0.20972222187499998 0.341975309375 0.20972222187499998 0.286419753125 0.1770833328125 0.286419753125 0.14444444375 0.286419753125 0.14444444375 0.341975309375 0.14444444375 0.3975308640625 0.1770833328125 0.3975308640625 0.20972222187499998 0.3975308640625
0 0.27777777812500004 0.2938271609375 0.27777777812500004 0.2518518515625 0.27777777812500004 0.20987654375 0.24583333281250003 0.20987654375 0.2138888890625 0.20987654375 0.2138888890625 0.2518518515625 0.2138888890625 0.2938271609375 0.24583333281250003 0.2938271609375 0.27777777812500004 0.2938271609375
0 0.4138888890625 0.47901234531250003 0.4138888890625 0.40987654375 0.4138888890625 0.340740740625 0.38055555625 0.340740740625 0.34722222187499996 0.340740740625 0.34722222187499996 0.40987654375 0.34722222187499996 0.47901234531250003 0.38055555625 0.47901234531250003 0.4138888890625 0.47901234531250003
0 0.7180555562500001 0.3703703703125 0.7180555562500001 0.296296296875 0.7180555562500001 0.222222221875 0.6805555562500001 0.222222221875 0.64305555625 0.222222221875 0.64305555625 0.296296296875 0.64305555625 0.3703703703125 0.6805555562500001 0.3703703703125 0.7180555562500001 0.3703703703125
0 0.8791666671874999 0.7333333328125 0.8791666671874999 0.64444444375 0.8791666671874999 0.5555555562500001 0.83125 0.5555555562500001 0.7833333328125 0.5555555562500001 0.7833333328125 0.64444444375 0.7833333328125 0.7333333328125 0.83125 0.7333333328125 0.8791666671874999 0.7333333328125
0 0.8236111109375001 0.08148148125 0.8236111109375001 0.041975309375 0.8236111109375001 0.0024691359375 0.7881944437499999 0.0024691359375 0.752777778125 0.0024691359375 0.752777778125 0.041975309375 0.752777778125 0.08148148125 0.7881944437499999 0.08148148125 0.8236111109375001 0.08148148125
0 0.627777778125 0.649382715625 0.627777778125 0.59012345625 0.627777778125 0.530864196875 0.59930555625 0.530864196875 0.5708333328124999 0.530864196875 0.5708333328124999 0.59012345625 0.5708333328124999 0.649382715625 0.59930555625 0.649382715625 0.627777778125 0.649382715625