3 0.825 0.47407407343749997 0.825 0.3839506171875 0.825 0.2938271609375 0.7548611109375 0.2938271609375 0.684722221875 0.2938271609375 0.684722221875 0.3839506171875 0.684722221875 0.47407407343749997 0.7548611109375 0.47407407343749997 0.825 0.47407407343749997
2 0.49444444374999996 0.195061728125 0.49444444374999996 0.150617284375 0.49444444374999996 0.1061728390625 0.45416666718750004 0.1061728390625 0.4138888890625 0.1061728390625 0.4138888890625 0.150617284375 0.4138888890625 0.195061728125 0.45416666718750004 0.195061728125 0.49444444374999996 0.195061728125
2 0.40416666718750005 0.1432098765625 0.40416666718750005 0.104938271875 0.40416666718750005 0.0666666671875 0.37013888906250003 0.0666666671875 0.3361111109375 0.0666666671875 0.3361111109375 0.104938271875 0.3361111109375 0.1432098765625 0.37013888906250003 0.1432098765625 0.40416666718750005 0.1432098765625
0 0.852777778125 1 0.852777778125 0.8925925921875001 0.852777778125 0.7851851859375001 0.7625 0.7851851859375001 0.672222221875 0.7851851859375001 0.672222221875 0.8925925921875001 0.672222221875 1 0.7625 1 0.852777778125 1
0 0.9291666671875 0.9333333328125001 0.9291666671875 0.7851851859375001 0.9291666671875 0.6370370375000001 0.8486111109375001 0.6370370375000001 0.76805555625 0.6370370375000001 0.76805555625 0.7851851859375001 0.76805555625 0.9333333328125001 0.8486111109375001 0.9333333328125001 0.9291666671875 0.9333333328125001
0 0.7375 0.7432098765624999 0.7375 0.6246913578125 0.7375 0.5061728390625 0.665277778125 0.5061728390625 0.5930555562500001 0.5061728390625 0.5930555562500001 0.6246913578125 0.5930555562500001 0.7432098765624999 0.665277778125 0.7432098765624999 0.7375 0.7432098765624999
3 0.6486111109375 0.6123456796875 0.6486111109375 0.5209876546875 0.6486111109375 0.4296296296875 0.578472221875 0.4296296296875 0.5083333328124999 0.4296296296875 0.5083333328124999 0.5209876546875 0.5083333328124999 0.6123456796875 0.578472221875 0.6123456796875 0.6486111109375 0.6123456796875
3 0.41805555625 0.60987654375 0.41805555625 0.4975308640625 0.41805555625 0.3851851859375 0.35069444375000003 0.3851851859375 0.2833333328125 0.3851851859375 0.2833333328125 0.4975308640625 0.2833333328125 0.60987654375 0.35069444375000003 0.60987654375 0.41805555625 0.60987654375
0 0.490277778125 0.6024691359375 0.490277778125 0.522222221875 0.490277778125 0.44197530937499996 0.43958333281249995 0.44197530937499996 0.3888888890625 0.44197530937499996 0.3888888890625 0.522222221875 0.3888888890625 0.6024691359375 0.43958333281249995 0.6024691359375 0.490277778125 0.6024691359375
2 0.490277778125 0.7753086421875001 0.490277778125 0.6604938265625 0.490277778125 0.5456790125000001 0.4166666671875 0.5456790125000001 0.34305555625 0.5456790125000001 0.34305555625 0.6604938265625 0.34305555625 0.7753086421875001 0.4166666671875 0.7753086421875001 0.490277778125 0.7753086421875001
1 0.45277777812500003 1 0.45277777812500003 0.8975308640625 0.45277777812500003 0.795061728125 0.35555555625 0.795061728125 0.25833333281250004 0.795061728125 0.25833333281250004 0.8975308640625 0.25833333281250004 1 0.35555555625 1 0.45277777812500003 1
2 0.34444444375 0.9333333328125001 0.34444444375 0.8481481484375 0.34444444375 0.7629629625 0.28055555625 0.7629629625 0.2166666671875 0.7629629625 0.2166666671875 0.8481481484375 0.2166666671875 0.9333333328125001 0.28055555625 0.9333333328125001 0.34444444375 0.9333333328125001
2 0.3375 0.81728395 0.3375 0.732098765625 0.3375 0.6469135796875001 0.284027778125 0.6469135796875001 0.23055555625 0.6469135796875001 0.23055555625 0.732098765625 0.23055555625 0.81728395 0.284027778125 0.81728395 0.3375 0.81728395
2 0.24305555625 0.891358025 0.24305555625 0.7814814812499999 0.24305555625 0.6716049374999999 0.18680555625 0.6716049374999999 0.13055555624999998 0.6716049374999999 0.13055555624999998 0.7814814812499999 0.13055555624999998 0.891358025 0.18680555625 0.891358025 0.24305555625 0.891358025
1 0.222222221875 0.676543209375 0.222222221875 0.6333333328124999 0.222222221875 0.59012345625 0.165277778125 0.59012345625 0.10833333281249999 0.59012345625 0.10833333281249999 0.6333333328124999 0.10833333281249999 0.676543209375 0.165277778125 0.676543209375 0.222222221875 0.676543209375
1 0.2736111109375 0.6617283953124999 0.2736111109375 0.5975308640625 0.2736111109375 0.5333333328125 0.19444444375 0.5333333328125 0.115277778125 0.5333333328125 0.115277778125 0.5975308640625 0.115277778125 0.6617283953124999 0.19444444375 0.6617283953124999 0.2736111109375 0.6617283953124999
2 0.2958333328125 0.558024690625 0.2958333328125 0.49012345625 0.2958333328125 0.42222222187499997 0.2479166671875 0.42222222187499997 0.2 0.42222222187499997 0.2 0.49012345625 0.2 0.558024690625 0.2479166671875 0.558024690625 0.2958333328125 0.558024690625
2 0.275 0.49629629687500004 0.275 0.40493827187500003 0.275 0.313580246875 0.21111111093749999 0.313580246875 0.147222221875 0.313580246875 0.147222221875 0.40493827187500003 0.147222221875 0.49629629687500004 0.21111111093749999 0.49629629687500004 0.275 0.49629629687500004
2 0.26944444375 0.3604938265625 0.26944444375 0.30740740781250003 0.26944444375 0.2543209875 0.21597222187499998 0.2543209875 0.1625 0.2543209875 0.1625 0.30740740781250003 0.1625 0.3604938265625 0.21597222187499998 0.3604938265625 0.26944444375 0.3604938265625
2 0.10555555624999999 0.23209876562499998 0.10555555624999999 0.19135802500000001 0.10555555624999999 0.150617284375 0.06805555625000001 0.150617284375 0.030555556249999997 0.150617284375 0.030555556249999997 0.19135802500000001 0.030555556249999997 0.23209876562499998 0.06805555625000001 0.23209876562499998 0.10555555624999999 0.23209876562499998
2 0.19444444375 0.2790123453125 0.19444444375 0.2370370375 0.19444444375 0.195061728125 0.13055555624999998 0.195061728125 0.0666666671875 0.195061728125 0.0666666671875 0.2370370375 0.0666666671875 0.2790123453125 0.13055555624999998 0.2790123453125 0.19444444375 0.2790123453125
0 0.16388888906250001 0.340740740625 0.16388888906250001 0.286419753125 0.16388888906250001 0.23209876562499998 0.11944444375 0.23209876562499998 0.075 0.23209876562499998 0.075 0.286419753125 0.075 0.340740740625 0.11944444375 0.340740740625 0.16388888906250001 0.340740740625
1 0.058333332812500006 0.44197530937499996 0.058333332812500006 0.367901234375 0.058333332812500006 0.2938271609375 0.0298611109375 0.2938271609375 0.0013888890625 0.2938271609375 0.0013888890625 0.367901234375 0.0013888890625 0.44197530937499996 0.0298611109375 0.44197530937499996 0.058333332812500006 0.44197530937499996
1 0.140277778125 0.449382715625 0.140277778125 0.4074074078125 0.140277778125 0.3654320984375 0.0958333328125 0.3654320984375 0.0513888890625 0.3654320984375 0.0513888890625 0.4074074078125 0.0513888890625 0.449382715625 0.0958333328125 0.449382715625 0.140277778125 0.449382715625
2 0.175 0.5259259265625 0.175 0.46913580312500003 0.175 0.41234567968749997 0.11319444375000001 0.41234567968749997 0.0513888890625 0.41234567968749997 0.0513888890625 0.46913580312500003 0.0513888890625 0.5259259265625 0.11319444375000001 0.5259259265625 0.175 0.5259259265625
0 0.1041666671875 0.8098765437500001 0.1041666671875 0.64444444375 0.1041666671875 0.47901234531250003 0.053472221875 0.47901234531250003 0.002777778125 0.47901234531250003 0.002777778125 0.64444444375 0.002777778125 0.8098765437500001 0.053472221875 0.8098765437500001 0.1041666671875 0.8098765437500001
0 0.1708333328125 0.940740740625 0.1708333328125 0.78271605 0.1708333328125 0.6246913578125 0.09444444375 0.6246913578125 0.01805555625 0.6246913578125 0.01805555625 0.78271605 0.01805555625 0.940740740625 0.09444444375 0.940740740625 0.1708333328125 0.940740740625