0 0.6263888890625 0.2123456796875 0.6263888890625 0.1481481484375 0.6263888890625 0.08395061718749999 0.5840277781250001 0.08395061718749999 0.5416666671875 0.08395061718749999 0.5416666671875 0.1481481484375 0.5416666671875 0.2123456796875 0.5840277781250001 0.2123456796875 0.6263888890625 0.2123456796875
2 0.06527777812499999 0.323456790625 0.06527777812499999 0.24197530937499998 0.06527777812499999 0.1604938265625 0.0333333328125 0.1604938265625 0.0013888890625 0.1604938265625 0.0013888890625 0.24197530937499998 0.0013888890625 0.323456790625 0.0333333328125 0.323456790625 0.06527777812499999 0.323456790625
2 0.147222221875 0.249382715625 0.147222221875 0.1839506171875 0.147222221875 0.11851851875 0.1 0.11851851875 0.052777778124999994 0.11851851875 0.052777778124999994 0.1839506171875 0.052777778124999994 0.249382715625 0.1 0.249382715625 0.147222221875 0.249382715625
1 0.109722221875 1 0.109722221875 0.9197530859375 0.109722221875 0.8395061734375 0.05625 0.8395061734375 0.002777778125 0.8395061734375 0.002777778125 0.9197530859375 0.002777778125 1 0.05625 1 0.109722221875 1
2 0.2486111109375 1 0.2486111109375 0.9061728390624999 0.2486111109375 0.8123456796875 0.172222221875 0.8123456796875 0.0958333328125 0.8123456796875 0.0958333328125 0.9061728390624999 0.0958333328125 1 0.172222221875 1 0.2486111109375 1
1 0.33194444375 1 0.33194444375 0.9444444437499999 0.33194444375 0.8888888890625 0.2298611109375 0.8888888890625 0.127777778125 0.8888888890625 0.127777778125 0.9444444437499999 0.127777778125 1 0.2298611109375 1 0.33194444375 1
1 0.23055555625 0.8691358031249999 0.23055555625 0.759259259375 0.23055555625 0.649382715625 0.140277778125 0.649382715625 0.05 0.649382715625 0.05 0.759259259375 0.05 0.8691358031249999 0.140277778125 0.8691358031249999 0.23055555625 0.8691358031249999
1 0.27638888906250003 0.795061728125 0.27638888906250003 0.6777777781250001 0.27638888906250003 0.5604938265625 0.19930555625 0.5604938265625 0.12222222187500001 0.5604938265625 0.12222222187500001 0.6777777781250001 0.12222222187500001 0.795061728125 0.19930555625 0.795061728125 0.27638888906250003 0.795061728125
2 0.352777778125 0.8567901234375 0.352777778125 0.730864196875 0.352777778125 0.604938271875 0.28611111093749997 0.604938271875 0.21944444375 0.604938271875 0.21944444375 0.730864196875 0.21944444375 0.8567901234375 0.28611111093749997 0.8567901234375 0.352777778125 0.8567901234375
0 0.5236111109375 1 0.5236111109375 0.8604938265625 0.5236111109375 0.7209876546875 0.40972222187499996 0.7209876546875 0.2958333328125 0.7209876546875 0.2958333328125 0.8604938265625 0.2958333328125 1 0.40972222187499996 1 0.5236111109375 1
0 0.5361111109375 0.7851851859375001 0.5361111109375 0.669135803125 0.5361111109375 0.5530864203125 0.46875 0.5530864203125 0.40138888906250003 0.5530864203125 0.40138888906250003 0.669135803125 0.40138888906250003 0.7851851859375001 0.46875 0.7851851859375001 0.5361111109375 0.7851851859375001
0 0.46527777812500004 0.723456790625 0.46527777812500004 0.604938271875 0.46527777812500004 0.486419753125 0.39791666718749996 0.486419753125 0.33055555625 0.486419753125 0.33055555625 0.604938271875 0.33055555625 0.723456790625 0.39791666718749996 0.723456790625 0.46527777812500004 0.723456790625
0 0.797222221875 1 0.797222221875 0.8469135796874999 0.797222221875 0.6938271609375 0.70694444375 0.6938271609375 0.6166666671875001 0.6938271609375 0.6166666671875001 0.8469135796874999 0.6166666671875001 1 0.70694444375 1 0.797222221875 1
1 0.9361111109375001 1 0.9361111109375001 0.8469135796874999 0.9361111109375001 0.6938271609375 0.8486111109375001 0.6938271609375 0.7611111109375 0.6938271609375 0.7611111109375 0.8469135796874999 0.7611111109375 1 0.8486111109375001 1 0.9361111109375001 1
1 0.9666666671874999 0.7432098765624999 0.9666666671874999 0.5530864203125 0.9666666671874999 0.36296296250000004 0.8513888890624999 0.36296296250000004 0.7361111109375 0.36296296250000004 0.7361111109375 0.5530864203125 0.7361111109375 0.7432098765624999 0.8513888890624999 0.7432098765624999 0.9666666671874999 0.7432098765624999
1 0.7638888890625 0.8246913578124999 0.7638888890625 0.7 0.7638888890625 0.5753086421875 0.6361111109375 0.5753086421875 0.5083333328124999 0.5753086421875 0.5083333328124999 0.7 0.5083333328124999 0.8246913578124999 0.6361111109375 0.8246913578124999 0.7638888890625 0.8246913578124999
0 0.79444444375 0.62716049375 0.79444444375 0.49259259218749996 0.79444444375 0.35802469062500003 0.7111111109375 0.35802469062500003 0.627777778125 0.35802469062500003 0.627777778125 0.49259259218749996 0.627777778125 0.62716049375 0.7111111109375 0.62716049375 0.79444444375 0.62716049375
0 0.425 0.51851851875 0.425 0.42716049375000004 0.425 0.33580246874999997 0.3673611109375 0.33580246874999997 0.309722221875 0.33580246874999997 0.309722221875 0.42716049375000004 0.309722221875 0.51851851875 0.3673611109375 0.51851851875 0.425 0.51851851875
1 0.6611111109375 0.669135803125 0.6611111109375 0.569135803125 0.6611111109375 0.46913580312500003 0.5840277781250001 0.46913580312500003 0.5069444437499999 0.46913580312500003 0.5069444437499999 0.569135803125 0.5069444437499999 0.669135803125 0.5840277781250001 0.669135803125 0.6611111109375 0.669135803125
0 0.575 0.5555555562500001 0.575 0.449382715625 0.575 0.3432098765625 0.5166666671875 0.3432098765625 0.4583333328125 0.3432098765625 0.4583333328125 0.449382715625 0.4583333328125 0.5555555562500001 0.5166666671875 0.5555555562500001 0.575 0.5555555562500001
1 0.625 0.5135802468749999 0.625 0.432098765625 0.625 0.350617284375 0.528472221875 0.350617284375 0.43194444374999996 0.350617284375 0.43194444374999996 0.432098765625 0.43194444374999996 0.5135802468749999 0.528472221875 0.5135802468749999 0.625 0.5135802468749999
2 0.7791666671875 0.3925925921875 0.7791666671875 0.3061728390625 0.7791666671875 0.2197530859375 0.7104166671875001 0.2197530859375 0.6416666671875 0.2197530859375 0.6416666671875 0.3061728390625 0.6416666671875 0.3925925921875 0.7104166671875001 0.3925925921875 0.7791666671875 0.3925925921875
2 0.91805555625 0.3333333328125 0.91805555625 0.2518518515625 0.91805555625 0.1703703703125 0.8486111109375001 0.1703703703125 0.7791666671875 0.1703703703125 0.7791666671875 0.2518518515625 0.7791666671875 0.3333333328125 0.8486111109375001 0.3333333328125 0.91805555625 0.3333333328125
1 0.477777778125 0.5111111109375 0.477777778125 0.3851851859375 0.477777778125 0.259259259375 0.44097222187499996 0.259259259375 0.40416666718750005 0.259259259375 0.40416666718750005 0.3851851859375 0.40416666718750005 0.5111111109375 0.44097222187499996 0.5111111109375 0.477777778125 0.5111111109375
1 0.372222221875 0.3382716046875 0.372222221875 0.259259259375 0.372222221875 0.18024691406249999 0.35 0.18024691406249999 0.32777777812500003 0.18024691406249999 0.32777777812500003 0.259259259375 0.32777777812500003 0.3382716046875 0.35 0.3382716046875 0.372222221875 0.3382716046875
0 0.4375 0.2987654328125 0.4375 0.21728394999999998 0.4375 0.13580246875 0.3951388890625 0.13580246875 0.352777778125 0.13580246875 0.352777778125 0.21728394999999998 0.352777778125 0.2987654328125 0.3951388890625 0.2987654328125 0.4375 0.2987654328125
0 0.49444444374999996 0.249382715625 0.49444444374999996 0.18024691406249999 0.49444444374999996 0.1111111109375 0.44375 0.1111111109375 0.39305555625 0.1111111109375 0.39305555625 0.18024691406249999 0.39305555625 0.249382715625 0.44375 0.249382715625 0.49444444374999996 0.249382715625
0 0.559722221875 0.33580246874999997 0.559722221875 0.2543209875 0.559722221875 0.17283950625 0.5104166671875 0.17283950625 0.4611111109375 0.17283950625 0.4611111109375 0.2543209875 0.4611111109375 0.33580246874999997 0.5104166671875 0.33580246874999997 0.559722221875 0.33580246874999997
0 0.6583333328125 0.3703703703125 0.6583333328125 0.2629629625 0.6583333328125 0.15555555625 0.6048611109375 0.15555555625 0.5513888890625 0.15555555625 0.5513888890625 0.2629629625 0.5513888890625 0.3703703703125 0.6048611109375 0.3703703703125 0.6583333328125 0.3703703703125
0 0.7194444437499999 0.26419753125 0.7194444437499999 0.18271605 0.7194444437499999 0.10123456718749999 0.671527778125 0.10123456718749999 0.6236111109375 0.10123456718749999 0.6236111109375 0.18271605 0.6236111109375 0.26419753125 0.671527778125 0.26419753125 0.7194444437499999 0.26419753125
0 0.8208333328125 0.1975308640625 0.8208333328125 0.140740740625 0.8208333328125 0.08395061718749999 0.78125 0.08395061718749999 0.7416666671875001 0.08395061718749999 0.7416666671875001 0.140740740625 0.7416666671875001 0.1975308640625 0.78125 0.1975308640625 0.8208333328125 0.1975308640625
2 0.6291666671875 0.1851851859375 0.6291666671875 0.11728395 0.6291666671875 0.049382715625000004 0.578472221875 0.049382715625000004 0.527777778125 0.049382715625000004 0.527777778125 0.11728395 0.527777778125 0.1851851859375 0.578472221875 0.1851851859375 0.6291666671875 0.1851851859375
1 0.45555555625000005 0.1481481484375 0.45555555625000005 0.1024691359375 0.45555555625000005 0.05679012343749999 0.42222222187499997 0.05679012343749999 0.3888888890625 0.05679012343749999 0.3888888890625 0.1024691359375 0.3888888890625 0.1481481484375 0.42222222187499997 0.1481481484375 0.45555555625000005 0.1481481484375
0 0.49305555625 0.10864197499999999 0.49305555625 0.055555556250000006 0.49305555625 0.0024691359375 0.44444444375 0.0024691359375 0.3958333328125 0.0024691359375 0.3958333328125 0.055555556250000006 0.3958333328125 0.10864197499999999 0.44444444375 0.10864197499999999 0.49305555625 0.10864197499999999
0 0.577777778125 0.11358024687499998 0.577777778125 0.058024690625 0.577777778125 0.0024691359375 0.5361111109375 0.0024691359375 0.49444444374999996 0.0024691359375 0.49444444374999996 0.058024690625 0.49444444374999996 0.11358024687499998 0.5361111109375 0.11358024687499998 0.577777778125 0.11358024687499998
1 0.9125 0.23456790156250001 0.9125 0.1543209875 0.9125 0.0740740734375 0.86180555625 0.0740740734375 0.8111111109375001 0.0740740734375 0.8111111109375001 0.1543209875 0.8111111109375001 0.23456790156250001 0.86180555625 0.23456790156250001 0.9125 0.23456790156250001
0 0.9416666671874999 0.09629629687499999 0.9416666671874999 0.049382715625000004 0.9416666671874999 0.0024691359375 0.89444444375 0.0024691359375 0.847222221875 0.0024691359375 0.847222221875 0.049382715625000004 0.847222221875 0.09629629687499999 0.89444444375 0.09629629687499999 0.9416666671874999 0.09629629687499999
1 0.9986111109375001 0.11358024687499998 0.9986111109375001 0.058024690625 0.9986111109375001 0.0024691359375 0.9645833328125001 0.0024691359375 0.9305555562500001 0.0024691359375 0.9305555562500001 0.058024690625 0.9305555562500001 0.11358024687499998 0.9645833328125001 0.11358024687499998 0.9986111109375001 0.11358024687499998