0 0.0875 0.9629629625 0.0875 0.8283950625 0.0875 0.6938271609375 0.04444444375 0.6938271609375 0.0013888890625 0.6938271609375 0.0013888890625 0.8283950625 0.0013888890625 0.9629629625 0.04444444375 0.9629629625 0.0875 0.9629629625
2 0.1041666671875 0.5925925921874999 0.1041666671875 0.50987654375 0.1041666671875 0.42716049375000004 0.052777778124999994 0.42716049375000004 0.0013888890625 0.42716049375000004 0.0013888890625 0.50987654375 0.0013888890625 0.5925925921874999 0.052777778124999994 0.5925925921874999 0.1041666671875 0.5925925921874999
2 0.30694444375 1 0.30694444375 0.9543209875 0.30694444375 0.9086419749999999 0.2708333328125 0.9086419749999999 0.23472222187499997 0.9086419749999999 0.23472222187499997 0.9543209875 0.23472222187499997 1 0.2708333328125 1 0.30694444375 1
0 0.22777777812500002 0.7456790125 0.22777777812500002 0.630864196875 0.22777777812500002 0.5160493828125 0.15 0.5160493828125 0.072222221875 0.5160493828125 0.072222221875 0.630864196875 0.072222221875 0.7456790125 0.15 0.7456790125 0.22777777812500002 0.7456790125
0 0.25833333281250004 0.9209876546875 0.25833333281250004 0.823456790625 0.25833333281250004 0.7259259265625 0.175 0.7259259265625 0.0916666671875 0.7259259265625 0.0916666671875 0.823456790625 0.0916666671875 0.9209876546875 0.175 0.9209876546875 0.25833333281250004 0.9209876546875
0 0.33055555625 0.7876543203125 0.33055555625 0.6925925921875 0.33055555625 0.5975308640625 0.2625 0.5975308640625 0.19444444375 0.5975308640625 0.19444444375 0.6925925921875 0.19444444375 0.7876543203125 0.2625 0.7876543203125 0.33055555625 0.7876543203125
0 0.5986111109375 0.97283950625 0.5986111109375 0.8074074078125 0.5986111109375 0.641975309375 0.502777778125 0.641975309375 0.40694444374999994 0.641975309375 0.40694444374999994 0.8074074078125 0.40694444374999994 0.97283950625 0.502777778125 0.97283950625 0.5986111109375 0.97283950625
1 0.43194444374999996 1 0.43194444374999996 0.9123456796875 0.43194444374999996 0.8246913578124999 0.3638888890625 0.8246913578124999 0.2958333328125 0.8246913578124999 0.2958333328125 0.9123456796875 0.2958333328125 1 0.3638888890625 1 0.43194444374999996 1
1 0.4166666671875 0.9259259265625 0.4166666671875 0.81728395 0.4166666671875 0.708641975 0.34930555625 0.708641975 0.28194444375 0.708641975 0.28194444375 0.81728395 0.28194444375 0.9259259265625 0.34930555625 0.9259259265625 0.4166666671875 0.9259259265625
0 0.325 0.577777778125 0.325 0.4753086421875 0.325 0.37283950625 0.25833333281250004 0.37283950625 0.1916666671875 0.37283950625 0.1916666671875 0.4753086421875 0.1916666671875 0.577777778125 0.25833333281250004 0.577777778125 0.325 0.577777778125
0 0.26527777812500003 0.395061728125 0.26527777812500003 0.296296296875 0.26527777812500003 0.1975308640625 0.19930555625 0.1975308640625 0.13333333281249998 0.1975308640625 0.13333333281249998 0.296296296875 0.13333333281249998 0.395061728125 0.19930555625 0.395061728125 0.26527777812500003 0.395061728125
1 0.3138888890625 0.28148148125 0.3138888890625 0.2 0.3138888890625 0.11851851875 0.2388888890625 0.11851851875 0.16388888906250001 0.11851851875 0.16388888906250001 0.2 0.16388888906250001 0.28148148125 0.2388888890625 0.28148148125 0.3138888890625 0.28148148125
1 0.10555555624999999 0.286419753125 0.10555555624999999 0.2370370375 0.10555555624999999 0.1876543203125 0.053472221875 0.1876543203125 0.0013888890625 0.1876543203125 0.0013888890625 0.2370370375 0.0013888890625 0.286419753125 0.053472221875 0.286419753125 0.10555555624999999 0.286419753125
1 0.48194444374999995 0.6246913578125 0.48194444374999995 0.5296296296875 0.48194444374999995 0.43456790156249997 0.3916666671875 0.43456790156249997 0.3013888890625 0.43456790156249997 0.3013888890625 0.5296296296875 0.3013888890625 0.6246913578125 0.3916666671875 0.6246913578125 0.48194444374999995 0.6246913578125
0 0.41944444374999995 0.46913580312500003 0.41944444374999995 0.36296296250000004 0.41944444374999995 0.25679012343749996 0.3638888890625 0.25679012343749996 0.3083333328125 0.25679012343749996 0.3083333328125 0.36296296250000004 0.3083333328125 0.46913580312500003 0.3638888890625 0.46913580312500003 0.41944444374999995 0.46913580312500003
0 0.3958333328125 0.26419753125 0.3958333328125 0.1481481484375 0.3958333328125 0.032098765625 0.3423611109375 0.032098765625 0.2888888890625 0.032098765625 0.2888888890625 0.1481481484375 0.2888888890625 0.26419753125 0.3423611109375 0.26419753125 0.3958333328125 0.26419753125
2 0.4986111109375 0.38271605000000003 0.4986111109375 0.2888888890625 0.4986111109375 0.195061728125 0.45208333281249996 0.195061728125 0.40555555625000006 0.195061728125 0.40555555625000006 0.2888888890625 0.40555555625000006 0.38271605000000003 0.45208333281249996 0.38271605000000003 0.4986111109375 0.38271605000000003
1 0.5458333328125 0.26419753125 0.5458333328125 0.13580246875 0.5458333328125 0.0074074078125 0.4486111109375 0.0074074078125 0.3513888890625 0.0074074078125 0.3513888890625 0.13580246875 0.3513888890625 0.26419753125 0.4486111109375 0.26419753125 0.5458333328125 0.26419753125
1 0.7333333328125 1 0.7333333328125 0.8123456796875 0.7333333328125 0.6246913578125 0.659722221875 0.6246913578125 0.5861111109375 0.6246913578125 0.5861111109375 0.8123456796875 0.5861111109375 1 0.659722221875 1 0.7333333328125 1
1 0.88055555625 0.9432098765625 0.88055555625 0.7345679015625 0.88055555625 0.5259259265625 0.7770833328125 0.5259259265625 0.6736111109375 0.5259259265625 0.6736111109375 0.7345679015625 0.6736111109375 0.9432098765625 0.7770833328125 0.9432098765625 0.88055555625 0.9432098765625
1 0.6375 0.7111111109375 0.6375 0.50987654375 0.6375 0.308641975 0.5979166671875 0.308641975 0.5583333328125 0.308641975 0.5583333328125 0.50987654375 0.5583333328125 0.7111111109375 0.5979166671875 0.7111111109375 0.6375 0.7111111109375
0 0.575 0.5111111109375 0.575 0.3987654328125 0.575 0.286419753125 0.5173611109375 0.286419753125 0.459722221875 0.286419753125 0.459722221875 0.3987654328125 0.459722221875 0.5111111109375 0.5173611109375 0.5111111109375 0.575 0.5111111109375
0 0.6958333328124999 0.61728395 0.6958333328124999 0.508641975 0.6958333328124999 0.4 0.6583333328125 0.4 0.6208333328125 0.4 0.6208333328125 0.508641975 0.6208333328125 0.61728395 0.6583333328125 0.61728395 0.6958333328124999 0.61728395
1 0.7513888890625 0.1432098765625 0.7513888890625 0.0740740734375 0.7513888890625 0.004938271875 0.675 0.004938271875 0.5986111109375 0.004938271875 0.5986111109375 0.0740740734375 0.5986111109375 0.1432098765625 0.675 0.1432098765625 0.7513888890625 0.1432098765625
2 0.734722221875 0.30123456718749997 0.734722221875 0.186419753125 0.734722221875 0.0716049375 0.6701388890625 0.0716049375 0.60555555625 0.0716049375 0.60555555625 0.186419753125 0.60555555625 0.30123456718749997 0.6701388890625 0.30123456718749997 0.734722221875 0.30123456718749997
1 0.6083333328125 0.3382716046875 0.6083333328125 0.2197530859375 0.6083333328125 0.10123456718749999 0.56805555625 0.10123456718749999 0.527777778125 0.10123456718749999 0.527777778125 0.2197530859375 0.527777778125 0.3382716046875 0.56805555625 0.3382716046875 0.6083333328125 0.3382716046875
0 0.7875 0.330864196875 0.7875 0.196296296875 0.7875 0.061728395312499997 0.7486111109375 0.061728395312499997 0.709722221875 0.061728395312499997 0.709722221875 0.196296296875 0.709722221875 0.330864196875 0.7486111109375 0.330864196875 0.7875 0.330864196875
0 0.8 0.45679012343750003 0.8 0.3790123453125 0.8 0.30123456718749997 0.7104166671875001 0.30123456718749997 0.6208333328125 0.30123456718749997 0.6208333328125 0.3790123453125 0.6208333328125 0.45679012343750003 0.7104166671875001 0.45679012343750003 0.8 0.45679012343750003
0 0.8958333328125001 0.577777778125 0.8958333328125001 0.46543209843750005 0.8958333328125001 0.35308642031250004 0.8340277781250001 0.35308642031250004 0.772222221875 0.35308642031250004 0.772222221875 0.46543209843750005 0.772222221875 0.577777778125 0.8340277781250001 0.577777778125 0.8958333328125001 0.577777778125
1 0.9638888890624999 0.6790123453125 0.9638888890624999 0.4148148140625 0.9638888890624999 0.150617284375 0.890277778125 0.150617284375 0.8166666671874999 0.150617284375 0.8166666671874999 0.4148148140625 0.8166666671874999 0.6790123453125 0.890277778125 0.6790123453125 0.9638888890624999 0.6790123453125
1 1 0.6469135796875001 0.89444444375 0.6469135796875001 0.7888888890625 0.6469135796875001 0.7888888890625 0.7456790125 0.7888888890625 0.8444444437499999 0.89444444375 0.8444444437499999 1 0.8444444437499999 1 0.7456790125 1 0.6469135796875001
1 1 0.7925925921875 0.9486111109375001 0.7925925921875 0.897222221875 0.7925925921875 0.897222221875 0.8851851859375 0.897222221875 0.977777778125 0.9486111109375001 0.977777778125 1 0.977777778125 1 0.8851851859375 1 0.7925925921875
1 1 0.0024691359375 0.9131944437499999 0.0024691359375 0.8263888890625 0.0024691359375 0.8263888890625 0.091358025 0.8263888890625 0.18024691406249999 0.9131944437499999 0.18024691406249999 1 0.18024691406249999 1 0.091358025 1 0.0024691359375
0 0.984722221875 0.33580246874999997 0.984722221875 0.22716049374999997 0.984722221875 0.11851851875 0.9375 0.11851851875 0.890277778125 0.11851851875 0.890277778125 0.22716049374999997 0.890277778125 0.33580246874999997 0.9375 0.33580246874999997 0.984722221875 0.33580246874999997
1 1 0.3209876546875 0.9756944437499999 0.3209876546875 0.9513888890625 0.3209876546875 0.9513888890625 0.486419753125 0.9513888890625 0.6518518515625 0.9756944437499999 0.6518518515625 1 0.6518518515625 1 0.486419753125 1 0.3209876546875