2 0.25833333281250004 0.8197530859375 0.25833333281250004 0.703703703125 0.25833333281250004 0.5876543203125 0.1986111109375 0.5876543203125 0.13888888906250002 0.5876543203125 0.13888888906250002 0.703703703125 0.13888888906250002 0.8197530859375 0.1986111109375 0.8197530859375 0.25833333281250004 0.8197530859375
1 0.40138888906250003 0.3333333328125 0.40138888906250003 0.2629629625 0.40138888906250003 0.1925925921875 0.3576388890625 0.1925925921875 0.3138888890625 0.1925925921875 0.3138888890625 0.2629629625 0.3138888890625 0.3333333328125 0.3576388890625 0.3333333328125 0.40138888906250003 0.3333333328125
0 0.20416666718749998 0.696296296875 0.20416666718749998 0.5641975312499999 0.20416666718749998 0.432098765625 0.1145833328125 0.432098765625 0.025 0.432098765625 0.025 0.5641975312499999 0.025 0.696296296875 0.1145833328125 0.696296296875 0.20416666718749998 0.696296296875
0 0.1111111109375 0.98271605 0.1111111109375 0.8469135796874999 0.1111111109375 0.7111111109375 0.05625 0.7111111109375 0.0013888890625 0.7111111109375 0.0013888890625 0.8469135796874999 0.0013888890625 0.98271605 0.05625 0.98271605 0.1111111109375 0.98271605
1 0.3236111109375 1 0.3236111109375 0.840740740625 0.3236111109375 0.68148148125 0.23125 0.68148148125 0.13888888906250002 0.68148148125 0.13888888906250002 0.840740740625 0.13888888906250002 1 0.23125 1 0.3236111109375 1
1 0.3083333328125 0.9481481484375 0.3083333328125 0.7839506171874999 0.3083333328125 0.6197530859375 0.21875 0.6197530859375 0.1291666671875 0.6197530859375 0.1291666671875 0.7839506171874999 0.1291666671875 0.9481481484375 0.21875 0.9481481484375 0.3083333328125 0.9481481484375
1 0.3986111109375 0.5160493828125 0.3986111109375 0.41604938281250003 0.3986111109375 0.3160493828125 0.29444444375 0.3160493828125 0.190277778125 0.3160493828125 0.190277778125 0.41604938281250003 0.190277778125 0.5160493828125 0.29444444375 0.5160493828125 0.3986111109375 0.5160493828125
2 0.3166666671875 0.558024690625 0.3166666671875 0.5024691359375 0.3166666671875 0.4469135796875 0.2708333328125 0.4469135796875 0.225 0.4469135796875 0.225 0.5024691359375 0.225 0.558024690625 0.2708333328125 0.558024690625 0.3166666671875 0.558024690625
2 0.40833333281249995 0.6543209875 0.40833333281249995 0.5370370375 0.40833333281249995 0.4197530859375 0.35 0.4197530859375 0.2916666671875 0.4197530859375 0.2916666671875 0.5370370375 0.2916666671875 0.6543209875 0.35 0.6543209875 0.40833333281249995 0.6543209875
2 0.31805555625 0.3851851859375 0.31805555625 0.3 0.31805555625 0.2148148140625 0.2625 0.2148148140625 0.20694444375 0.2148148140625 0.20694444375 0.3 0.20694444375 0.3851851859375 0.2625 0.3851851859375 0.31805555625 0.3851851859375
2 0.27638888906250003 0.33580246874999997 0.27638888906250003 0.22716049374999997 0.27638888906250003 0.11851851875 0.24097222187499998 0.11851851875 0.20555555625 0.11851851875 0.20555555625 0.22716049374999997 0.20555555625 0.33580246874999997 0.24097222187499998 0.33580246874999997 0.27638888906250003 0.33580246874999997
2 0.375 0.2148148140625 0.375 0.1481481484375 0.375 0.08148148125 0.321527778125 0.08148148125 0.26805555625 0.08148148125 0.26805555625 0.1481481484375 0.26805555625 0.2148148140625 0.321527778125 0.2148148140625 0.375 0.2148148140625
0 0.5097222218749999 0.308641975 0.5097222218749999 0.186419753125 0.5097222218749999 0.06419753125 0.4548611109375 0.06419753125 0.4 0.06419753125 0.4 0.186419753125 0.4 0.308641975 0.4548611109375 0.308641975 0.5097222218749999 0.308641975
2 0.49305555625 0.5209876546875 0.49305555625 0.40493827187500003 0.49305555625 0.2888888890625 0.44375 0.2888888890625 0.39444444375 0.2888888890625 0.39444444375 0.40493827187500003 0.39444444375 0.5209876546875 0.44375 0.5209876546875 0.49305555625 0.5209876546875
1 0.5486111109375 0.8740740734375001 0.5486111109375 0.7024691359374999 0.5486111109375 0.530864196875 0.4458333328125 0.530864196875 0.34305555625 0.530864196875 0.34305555625 0.7024691359374999 0.34305555625 0.8740740734375001 0.4458333328125 0.8740740734375001 0.5486111109375 0.8740740734375001
1 0.690277778125 0.604938271875 0.690277778125 0.46666666718750005 0.690277778125 0.3283950625 0.58819444375 0.3283950625 0.4861111109375 0.3283950625 0.4861111109375 0.46666666718750005 0.4861111109375 0.604938271875 0.58819444375 0.604938271875 0.690277778125 0.604938271875
2 0.66944444375 0.8938271609375 0.66944444375 0.7283950625 0.66944444375 0.5629629625 0.5736111109375 0.5629629625 0.477777778125 0.5629629625 0.477777778125 0.7283950625 0.477777778125 0.8938271609375 0.5736111109375 0.8938271609375 0.66944444375 0.8938271609375
2 0.8652777781250001 0.9703703703125001 0.8652777781250001 0.791358025 0.8652777781250001 0.6123456796875 0.753472221875 0.6123456796875 0.6416666671875 0.6123456796875 0.6416666671875 0.791358025 0.6416666671875 0.9703703703125001 0.753472221875 0.9703703703125001 0.8652777781250001 0.9703703703125001
1 0.7013888890625 0.313580246875 0.7013888890625 0.23086419687499998 0.7013888890625 0.1481481484375 0.6034722218749999 0.1481481484375 0.50555555625 0.1481481484375 0.50555555625 0.23086419687499998 0.50555555625 0.313580246875 0.6034722218749999 0.313580246875 0.7013888890625 0.313580246875
2 0.5916666671875 0.2246913578125 0.5916666671875 0.140740740625 0.5916666671875 0.05679012343749999 0.5416666671875 0.05679012343749999 0.4916666671875 0.05679012343749999 0.4916666671875 0.140740740625 0.4916666671875 0.2246913578125 0.5416666671875 0.2246913578125 0.5916666671875 0.2246913578125
1 0.6083333328125 0.1654320984375 0.6083333328125 0.08395061718749999 0.6083333328125 0.0024691359375 0.5666666671875 0.0024691359375 0.525 0.0024691359375 0.525 0.08395061718749999 0.525 0.1654320984375 0.5666666671875 0.1654320984375 0.6083333328125 0.1654320984375
0 0.7208333328125 0.130864196875 0.7208333328125 0.0666666671875 0.7208333328125 0.0024691359375 0.652777778125 0.0024691359375 0.584722221875 0.0024691359375 0.584722221875 0.0666666671875 0.584722221875 0.130864196875 0.652777778125 0.130864196875 0.7208333328125 0.130864196875
0 0.8194444437499999 0.3975308640625 0.8194444437499999 0.29135802499999996 0.8194444437499999 0.1851851859375 0.74444444375 0.1851851859375 0.66944444375 0.1851851859375 0.66944444375 0.29135802499999996 0.66944444375 0.3975308640625 0.74444444375 0.3975308640625 0.8194444437499999 0.3975308640625
0 1 0.2197530859375 0.915277778125 0.2197530859375 0.83055555625 0.2197530859375 0.83055555625 0.38271605000000003 0.83055555625 0.5456790125000001 0.915277778125 0.5456790125000001 1 0.5456790125000001 1 0.38271605000000003 1 0.2197530859375