1 0.1986111109375 0.3753086421875 0.1986111109375 0.303703703125 0.1986111109375 0.23209876562499998 0.1604166671875 0.23209876562499998 0.12222222187500001 0.23209876562499998 0.12222222187500001 0.303703703125 0.12222222187500001 0.3753086421875 0.1604166671875 0.3753086421875 0.1986111109375 0.3753086421875
1 0.0916666671875 0.995061728125 0.0916666671875 0.79012345625 0.0916666671875 0.5851851859375 0.046527778125 0.5851851859375 0.0013888890625 0.5851851859375 0.0013888890625 0.79012345625 0.0013888890625 0.995061728125 0.046527778125 0.995061728125 0.0916666671875 0.995061728125
1 0.23055555625 0.81728395 0.23055555625 0.6790123453125 0.23055555625 0.540740740625 0.17986111093749999 0.540740740625 0.1291666671875 0.540740740625 0.1291666671875 0.6790123453125 0.1291666671875 0.81728395 0.17986111093749999 0.81728395 0.23055555625 0.81728395
1 0.165277778125 0.8024691359375 0.165277778125 0.69012345625 0.165277778125 0.577777778125 0.121527778125 0.577777778125 0.077777778125 0.577777778125 0.077777778125 0.69012345625 0.077777778125 0.8024691359375 0.121527778125 0.8024691359375 0.165277778125 0.8024691359375
1 0.28194444375 1 0.28194444375 0.891358025 0.28194444375 0.78271605 0.2 0.78271605 0.11805555625 0.78271605 0.11805555625 0.891358025 0.11805555625 1 0.2 1 0.28194444375 1
0 0.34305555625 1 0.34305555625 0.922222221875 0.34305555625 0.8444444437499999 0.29652777812500003 0.8444444437499999 0.25 0.8444444437499999 0.25 0.922222221875 0.25 1 0.29652777812500003 1 0.34305555625 1
2 0.7486111109375 1 0.7486111109375 0.9469135796874999 0.7486111109375 0.8938271609375 0.665277778125 0.8938271609375 0.58194444375 0.8938271609375 0.58194444375 0.9469135796874999 0.58194444375 1 0.665277778125 1 0.7486111109375 1
2 0.60694444375 1 0.60694444375 0.8740740734375001 0.60694444375 0.7481481484375 0.5541666671875001 0.7481481484375 0.5013888890625 0.7481481484375 0.5013888890625 0.8740740734375001 0.5013888890625 1 0.5541666671875001 1 0.60694444375 1
2 0.54305555625 1 0.54305555625 0.9703703703125001 0.54305555625 0.940740740625 0.47291666718750003 0.940740740625 0.40277777812500004 0.940740740625 0.40277777812500004 0.9703703703125001 0.40277777812500004 1 0.47291666718750003 1 0.54305555625 1
2 0.51944444375 0.95555555625 0.51944444375 0.8296296296874999 0.51944444375 0.703703703125 0.4701388890625 0.703703703125 0.42083333281249996 0.703703703125 0.42083333281249996 0.8296296296874999 0.42083333281249996 0.95555555625 0.4701388890625 0.95555555625 0.51944444375 0.95555555625
0 0.4861111109375 0.8345679015625 0.4861111109375 0.7148148140624999 0.4861111109375 0.5950617281249999 0.42569444375 0.5950617281249999 0.365277778125 0.5950617281249999 0.365277778125 0.7148148140624999 0.365277778125 0.8345679015625 0.42569444375 0.8345679015625 0.4861111109375 0.8345679015625
1 0.44305555625000004 0.7283950625 0.44305555625000004 0.630864196875 0.44305555625000004 0.5333333328125 0.352777778125 0.5333333328125 0.2625 0.5333333328125 0.2625 0.630864196875 0.2625 0.7283950625 0.352777778125 0.7283950625 0.44305555625000004 0.7283950625
0 0.40833333281249995 0.60987654375 0.40833333281249995 0.5135802468749999 0.40833333281249995 0.41728395 0.35555555625 0.41728395 0.302777778125 0.41728395 0.302777778125 0.5135802468749999 0.302777778125 0.60987654375 0.35555555625 0.60987654375 0.40833333281249995 0.60987654375
1 0.3083333328125 0.5111111109375 0.3083333328125 0.40493827187500003 0.3083333328125 0.2987654328125 0.23611111093749998 0.2987654328125 0.16388888906250001 0.2987654328125 0.16388888906250001 0.40493827187500003 0.16388888906250001 0.5111111109375 0.23611111093749998 0.5111111109375 0.3083333328125 0.5111111109375
1 0.3291666671875 0.5333333328125 0.3291666671875 0.4716049375 0.3291666671875 0.40987654375 0.26944444375 0.40987654375 0.20972222187499998 0.40987654375 0.20972222187499998 0.4716049375 0.20972222187499998 0.5333333328125 0.26944444375 0.5333333328125 0.3291666671875 0.5333333328125
1 0.43194444374999996 0.3753086421875 0.43194444374999996 0.2938271609375 0.43194444374999996 0.2123456796875 0.36875 0.2123456796875 0.30555555624999997 0.2123456796875 0.30555555624999997 0.2938271609375 0.30555555624999997 0.3753086421875 0.36875 0.3753086421875 0.43194444374999996 0.3753086421875
2 0.6041666671875 0.669135803125 0.6041666671875 0.5518518515624999 0.6041666671875 0.43456790156249997 0.56875 0.43456790156249997 0.5333333328125 0.43456790156249997 0.5333333328125 0.5518518515624999 0.5333333328125 0.669135803125 0.56875 0.669135803125 0.6041666671875 0.669135803125
0 0.5638888890625 0.6790123453125 0.5638888890625 0.5604938265625 0.5638888890625 0.44197530937499996 0.5097222218749999 0.44197530937499996 0.45555555625000005 0.44197530937499996 0.45555555625000005 0.5604938265625 0.45555555625000005 0.6790123453125 0.5097222218749999 0.6790123453125 0.5638888890625 0.6790123453125
0 0.5361111109375 0.5160493828125 0.5361111109375 0.4395061734375 0.5361111109375 0.36296296250000004 0.48541666718750004 0.36296296250000004 0.434722221875 0.36296296250000004 0.434722221875 0.4395061734375 0.434722221875 0.5160493828125 0.48541666718750004 0.5160493828125 0.5361111109375 0.5160493828125
0 0.46944444374999994 0.45679012343750003 0.46944444374999994 0.35925925937500003 0.46944444374999994 0.2617283953125 0.43055555625 0.2617283953125 0.3916666671875 0.2617283953125 0.3916666671875 0.35925925937500003 0.3916666671875 0.45679012343750003 0.43055555625 0.45679012343750003 0.46944444374999994 0.45679012343750003
2 0.702777778125 0.3654320984375 0.702777778125 0.2617283953125 0.702777778125 0.158024690625 0.6451388890625 0.158024690625 0.5875 0.158024690625 0.5875 0.2617283953125 0.5875 0.3654320984375 0.6451388890625 0.3654320984375 0.702777778125 0.3654320984375
2 0.5986111109375 0.3382716046875 0.5986111109375 0.2876543203125 0.5986111109375 0.2370370375 0.5625 0.2370370375 0.5263888890625 0.2370370375 0.5263888890625 0.2876543203125 0.5263888890625 0.3382716046875 0.5625 0.3382716046875 0.5986111109375 0.3382716046875
0 0.5361111109375 0.377777778125 0.5361111109375 0.30740740781250003 0.5361111109375 0.2370370375 0.4875 0.2370370375 0.4388888890625 0.2370370375 0.4388888890625 0.30740740781250003 0.4388888890625 0.377777778125 0.4875 0.377777778125 0.5361111109375 0.377777778125
0 0.6152777781250001 0.249382715625 0.6152777781250001 0.18024691406249999 0.6152777781250001 0.1111111109375 0.56805555625 0.1111111109375 0.5208333328125 0.1111111109375 0.5208333328125 0.18024691406249999 0.5208333328125 0.249382715625 0.56805555625 0.249382715625 0.6152777781250001 0.249382715625
0 0.5125 0.269135803125 0.5125 0.19135802500000001 0.5125 0.11358024687499998 0.46458333281249997 0.11358024687499998 0.4166666671875 0.11358024687499998 0.4166666671875 0.19135802500000001 0.4166666671875 0.269135803125 0.46458333281249997 0.269135803125 0.5125 0.269135803125
1 0.45555555625000005 0.2790123453125 0.45555555625000005 0.1888888890625 0.45555555625000005 0.0987654328125 0.384722221875 0.0987654328125 0.3138888890625 0.0987654328125 0.3138888890625 0.1888888890625 0.3138888890625 0.2790123453125 0.384722221875 0.2790123453125 0.45555555625000005 0.2790123453125
1 0.3375 0.1876543203125 0.3375 0.13703703750000001 0.3375 0.086419753125 0.30694444375 0.086419753125 0.27638888906250003 0.086419753125 0.27638888906250003 0.13703703750000001 0.27638888906250003 0.1876543203125 0.30694444375 0.1876543203125 0.3375 0.1876543203125
1 0.397222221875 0.12098765468749999 0.397222221875 0.061728395312499997 0.397222221875 0.0024691359375 0.3458333328125 0.0024691359375 0.29444444375 0.0024691359375 0.29444444375 0.061728395312499997 0.29444444375 0.12098765468749999 0.3458333328125 0.12098765468749999 0.397222221875 0.12098765468749999
0 0.45 0.10123456718749999 0.45 0.051851851562499995 0.45 0.0024691359375 0.42152777812500003 0.0024691359375 0.39305555625 0.0024691359375 0.39305555625 0.051851851562499995 0.39305555625 0.10123456718749999 0.42152777812500003 0.10123456718749999 0.45 0.10123456718749999
1 0.5125 0.0938271609375 0.5125 0.048148148437499996 0.5125 0.0024691359375 0.46458333281249997 0.0024691359375 0.4166666671875 0.0024691359375 0.4166666671875 0.048148148437499996 0.4166666671875 0.0938271609375 0.46458333281249997 0.0938271609375 0.5125 0.0938271609375
0 0.5722222218749999 0.1432098765625 0.5722222218749999 0.07283950624999999 0.5722222218749999 0.0024691359375 0.5354166671875 0.0024691359375 0.4986111109375 0.0024691359375 0.4986111109375 0.07283950624999999 0.4986111109375 0.1432098765625 0.5354166671875 0.1432098765625 0.5722222218749999 0.1432098765625
1 0.6180555562500001 0.11851851875 0.6180555562500001 0.0604938265625 0.6180555562500001 0.0024691359375 0.58125 0.0024691359375 0.54444444375 0.0024691359375 0.54444444375 0.0604938265625 0.54444444375 0.11851851875 0.58125 0.11851851875 0.6180555562500001 0.11851851875
0 0.7333333328125 0.1604938265625 0.7333333328125 0.08148148125 0.7333333328125 0.0024691359375 0.67569444375 0.0024691359375 0.6180555562500001 0.0024691359375 0.6180555562500001 0.08148148125 0.6180555562500001 0.1604938265625 0.67569444375 0.1604938265625 0.7333333328125 0.1604938265625