3 0.26805555625 0.708641975 0.26805555625 0.667901234375 0.26805555625 0.62716049375 0.23611111093749998 0.62716049375 0.20416666718749998 0.62716049375 0.20416666718749998 0.667901234375 0.20416666718749998 0.708641975 0.23611111093749998 0.708641975 0.26805555625 0.708641975
0 0.175 0.7925925921875 0.175 0.7345679015625 0.175 0.676543209375 0.13819444375 0.676543209375 0.10138888906250001 0.676543209375 0.10138888906250001 0.7345679015625 0.10138888906250001 0.7925925921875 0.13819444375 0.7925925921875 0.175 0.7925925921875
0 0.20416666718749998 0.6246913578125 0.20416666718749998 0.5827160499999999 0.20416666718749998 0.540740740625 0.18125 0.540740740625 0.1583333328125 0.540740740625 0.1583333328125 0.5827160499999999 0.1583333328125 0.6246913578125 0.18125 0.6246913578125 0.20416666718749998 0.6246913578125
0 0.252777778125 0.3481481484375 0.252777778125 0.3148148140625 0.252777778125 0.28148148125 0.23541666718749998 0.28148148125 0.21805555625 0.28148148125 0.21805555625 0.3148148140625 0.21805555625 0.3481481484375 0.23541666718749998 0.3481481484375 0.252777778125 0.3481481484375
0 0.077777778125 0.486419753125 0.077777778125 0.43333333281249997 0.077777778125 0.3802469140625 0.0416666671875 0.3802469140625 0.00555555625 0.3802469140625 0.00555555625 0.43333333281249997 0.00555555625 0.486419753125 0.0416666671875 0.486419753125 0.077777778125 0.486419753125
0 0.5722222218749999 0.6395061734375 0.5722222218749999 0.5938271609375 0.5722222218749999 0.5481481484375 0.5486111109375 0.5481481484375 0.525 0.5481481484375 0.525 0.5938271609375 0.525 0.6395061734375 0.5486111109375 0.6395061734375 0.5722222218749999 0.6395061734375
0 0.6486111109375 0.5135802468749999 0.6486111109375 0.4839506171875 0.6486111109375 0.45432098749999994 0.6243055562500001 0.45432098749999994 0.6 0.45432098749999994 0.6 0.4839506171875 0.6 0.5135802468749999 0.6243055562500001 0.5135802468749999 0.6486111109375 0.5135802468749999
0 0.9125 0.8271604937499999 0.9125 0.7814814812499999 0.9125 0.73580246875 0.8791666671874999 0.73580246875 0.8458333328125001 0.73580246875 0.8458333328125001 0.7814814812499999 0.8458333328125001 0.8271604937499999 0.8791666671874999 0.8271604937499999 0.9125 0.8271604937499999
0 0.772222221875 0.804938271875 0.772222221875 0.7604938265625 0.772222221875 0.7160493828125001 0.747222221875 0.7160493828125001 0.722222221875 0.7160493828125001 0.722222221875 0.7604938265625 0.722222221875 0.804938271875 0.747222221875 0.804938271875 0.772222221875 0.804938271875
0 0.7458333328125 0.9432098765625 0.7458333328125 0.9 0.7458333328125 0.8567901234375 0.7208333328125 0.8567901234375 0.6958333328124999 0.8567901234375 0.6958333328124999 0.9 0.6958333328124999 0.9432098765625 0.7208333328125 0.9432098765625 0.7458333328125 0.9432098765625
0 0.7375 0.6617283953124999 0.7375 0.6209876546875 0.7375 0.5802469140625 0.7145833328125 0.5802469140625 0.6916666671875 0.5802469140625 0.6916666671875 0.6209876546875 0.6916666671875 0.6617283953124999 0.7145833328125 0.6617283953124999 0.7375 0.6617283953124999
0 0.9736111109375001 0.432098765625 0.9736111109375001 0.4 0.9736111109375001 0.367901234375 0.9451388890624999 0.367901234375 0.9166666671874999 0.367901234375 0.9166666671874999 0.4 0.9166666671874999 0.432098765625 0.9451388890624999 0.432098765625 0.9736111109375001 0.432098765625
0 0.627777778125 0.33580246874999997 0.627777778125 0.29012345625 0.627777778125 0.24444444375000002 0.6006944437499999 0.24444444375000002 0.5736111109375 0.24444444375000002 0.5736111109375 0.29012345625 0.5736111109375 0.33580246874999997 0.6006944437499999 0.33580246874999997 0.627777778125 0.33580246874999997
0 0.365277778125 0.4370370375 0.365277778125 0.4074074078125 0.365277778125 0.377777778125 0.35 0.377777778125 0.334722221875 0.377777778125 0.334722221875 0.4074074078125 0.334722221875 0.4370370375 0.35 0.4370370375 0.365277778125 0.4370370375
0 0.425 0.38765432031249997 0.425 0.35308642031250004 0.425 0.31851851875000003 0.4048611109375 0.31851851875000003 0.384722221875 0.31851851875000003 0.384722221875 0.35308642031250004 0.384722221875 0.38765432031249997 0.4048611109375 0.38765432031249997 0.425 0.38765432031249997