2 0.997222221875 1 0.997222221875 0.8456790125 0.997222221875 0.691358025 0.9388888890624999 0.691358025 0.88055555625 0.691358025 0.88055555625 0.8456790125 0.88055555625 1 0.9388888890624999 1 0.997222221875 1
2 0.7013888890625 0.44444444375 0.7013888890625 0.36419753125 0.7013888890625 0.28395061718750003 0.6763888890625 0.28395061718750003 0.6513888890625 0.28395061718750003 0.6513888890625 0.36419753125 0.6513888890625 0.44444444375 0.6763888890625 0.44444444375 0.7013888890625 0.44444444375
1 0.70694444375 0.303703703125 0.70694444375 0.2469135796875 0.70694444375 0.19012345625 0.672222221875 0.19012345625 0.6375 0.19012345625 0.6375 0.2469135796875 0.6375 0.303703703125 0.672222221875 0.303703703125 0.70694444375 0.303703703125
1 0.6986111109375 0.2148148140625 0.6986111109375 0.1432098765625 0.6986111109375 0.0716049375 0.6569444437499999 0.0716049375 0.6152777781250001 0.0716049375 0.6152777781250001 0.1432098765625 0.6152777781250001 0.2148148140625 0.6569444437499999 0.2148148140625 0.6986111109375 0.2148148140625
1 0.7888888890625 0.350617284375 0.7888888890625 0.2753086421875 0.7888888890625 0.2 0.746527778125 0.2 0.7041666671875 0.2 0.7041666671875 0.2753086421875 0.7041666671875 0.350617284375 0.746527778125 0.350617284375 0.7888888890625 0.350617284375
2 0.10138888906250001 0.9259259265625 0.10138888906250001 0.8012345671875 0.10138888906250001 0.676543209375 0.0513888890625 0.676543209375 0.0013888890625 0.676543209375 0.0013888890625 0.8012345671875 0.0013888890625 0.9259259265625 0.0513888890625 0.9259259265625 0.10138888906250001 0.9259259265625
0 0.35555555625 0.41234567968749997 0.35555555625 0.3617283953125 0.35555555625 0.3111111109375 0.3111111109375 0.3111111109375 0.2666666671875 0.3111111109375 0.2666666671875 0.3617283953125 0.2666666671875 0.41234567968749997 0.3111111109375 0.41234567968749997 0.35555555625 0.41234567968749997
0 0.309722221875 0.3604938265625 0.309722221875 0.240740740625 0.309722221875 0.12098765468749999 0.24305555625 0.12098765468749999 0.1763888890625 0.12098765468749999 0.1763888890625 0.240740740625 0.1763888890625 0.3604938265625 0.24305555625 0.3604938265625 0.309722221875 0.3604938265625
0 0.3791666671875 0.8938271609375 0.3791666671875 0.7629629625 0.3791666671875 0.632098765625 0.29722222187499997 0.632098765625 0.215277778125 0.632098765625 0.215277778125 0.7629629625 0.215277778125 0.8938271609375 0.29722222187499997 0.8938271609375 0.3791666671875 0.8938271609375
0 0.3875 1 0.3875 0.9197530859375 0.3875 0.8395061734375 0.28472222187499996 0.8395061734375 0.18194444375000002 0.8395061734375 0.18194444375000002 0.9197530859375 0.18194444375000002 1 0.28472222187499996 1 0.3875 1
0 0.5638888890625 1 0.5638888890625 0.859259259375 0.5638888890625 0.7185185187500001 0.46875 0.7185185187500001 0.3736111109375 0.7185185187500001 0.3736111109375 0.859259259375 0.3736111109375 1 0.46875 1 0.5638888890625 1
2 0.522222221875 0.8666666671875 0.522222221875 0.730864196875 0.522222221875 0.5950617281249999 0.44236111093749997 0.5950617281249999 0.3625 0.5950617281249999 0.3625 0.730864196875 0.3625 0.8666666671875 0.44236111093749997 0.8666666671875 0.522222221875 0.8666666671875
1 0.540277778125 0.6296296296875 0.540277778125 0.48518518593750004 0.540277778125 0.340740740625 0.43263888906250003 0.340740740625 0.325 0.340740740625 0.325 0.48518518593750004 0.325 0.6296296296875 0.43263888906250003 0.6296296296875 0.540277778125 0.6296296296875
1 0.502777778125 0.486419753125 0.502777778125 0.367901234375 0.502777778125 0.249382715625 0.44930555625 0.249382715625 0.3958333328125 0.249382715625 0.3958333328125 0.367901234375 0.3958333328125 0.486419753125 0.44930555625 0.486419753125 0.502777778125 0.486419753125
2 0.46944444374999994 0.2543209875 0.46944444374999994 0.15925925937500002 0.46944444374999994 0.06419753125 0.415972221875 0.06419753125 0.3625 0.06419753125 0.3625 0.15925925937500002 0.3625 0.2543209875 0.415972221875 0.2543209875 0.46944444374999994 0.2543209875
2 0.58194444375 0.269135803125 0.58194444375 0.1851851859375 0.58194444375 0.10123456718749999 0.5173611109375 0.10123456718749999 0.45277777812500003 0.10123456718749999 0.45277777812500003 0.1851851859375 0.45277777812500003 0.269135803125 0.5173611109375 0.269135803125 0.58194444375 0.269135803125
2 0.647222221875 0.5851851859375 0.647222221875 0.4703703703125 0.647222221875 0.35555555625 0.5951388890625 0.35555555625 0.54305555625 0.35555555625 0.54305555625 0.4703703703125 0.54305555625 0.5851851859375 0.5951388890625 0.5851851859375 0.647222221875 0.5851851859375
1 0.897222221875 0.5703703703125 0.897222221875 0.45555555625000005 0.897222221875 0.340740740625 0.76180555625 0.340740740625 0.6263888890625 0.340740740625 0.6263888890625 0.45555555625000005 0.6263888890625 0.5703703703125 0.76180555625 0.5703703703125 0.897222221875 0.5703703703125
1 0.7833333328125 0.9802469140625 0.7833333328125 0.7876543203125 0.7833333328125 0.5950617281249999 0.7083333328125 0.5950617281249999 0.6333333328124999 0.5950617281249999 0.6333333328124999 0.7876543203125 0.6333333328124999 0.9802469140625 0.7083333328125 0.9802469140625 0.7833333328125 0.9802469140625
2 0.9111111109375001 0.3703703703125 0.9111111109375001 0.2654320984375 0.9111111109375001 0.1604938265625 0.8416666671874999 0.1604938265625 0.772222221875 0.1604938265625 0.772222221875 0.2654320984375 0.772222221875 0.3703703703125 0.8416666671874999 0.3703703703125 0.9111111109375001 0.3703703703125
2 0.91805555625 0.7802469140625 0.91805555625 0.6345679015625 0.91805555625 0.4888888890625 0.8416666671874999 0.4888888890625 0.765277778125 0.4888888890625 0.765277778125 0.6345679015625 0.765277778125 0.7802469140625 0.8416666671874999 0.7802469140625 0.91805555625 0.7802469140625
2 0.8847222218749999 1 0.8847222218749999 0.8765432093750001 0.8847222218749999 0.7530864203125 0.7958333328125 0.7530864203125 0.70694444375 0.7530864203125 0.70694444375 0.8765432093750001 0.70694444375 1 0.7958333328125 1 0.8847222218749999 1