0 0.3513888890625 0.2543209875 0.3513888890625 0.2259259265625 0.3513888890625 0.1975308640625 0.33194444375 0.1975308640625 0.3125 0.1975308640625 0.3125 0.2259259265625 0.3125 0.2543209875 0.33194444375 0.2543209875 0.3513888890625 0.2543209875
0 0.15 0.2888888890625 0.15 0.2370370375 0.15 0.1851851859375 0.1145833328125 0.1851851859375 0.0791666671875 0.1851851859375 0.0791666671875 0.2370370375 0.0791666671875 0.2888888890625 0.1145833328125 0.2888888890625 0.15 0.2888888890625
0 0.31805555625 0.3333333328125 0.31805555625 0.303703703125 0.31805555625 0.2740740734375 0.3 0.2740740734375 0.28194444375 0.2740740734375 0.28194444375 0.303703703125 0.28194444375 0.3333333328125 0.3 0.3333333328125 0.31805555625 0.3333333328125
0 0.3611111109375 0.5259259265625 0.3611111109375 0.4876543203125 0.3611111109375 0.449382715625 0.3423611109375 0.449382715625 0.3236111109375 0.449382715625 0.3236111109375 0.4876543203125 0.3236111109375 0.5259259265625 0.3423611109375 0.5259259265625 0.3611111109375 0.5259259265625
0 0.3013888890625 0.60987654375 0.3013888890625 0.5629629625 0.3013888890625 0.5160493828125 0.2673611109375 0.5160493828125 0.23333333281250002 0.5160493828125 0.23333333281250002 0.5629629625 0.23333333281250002 0.60987654375 0.2673611109375 0.60987654375 0.3013888890625 0.60987654375
0 0.3916666671875 0.713580246875 0.3916666671875 0.658024690625 0.3916666671875 0.6024691359375 0.3583333328125 0.6024691359375 0.325 0.6024691359375 0.325 0.658024690625 0.325 0.713580246875 0.3583333328125 0.713580246875 0.3916666671875 0.713580246875
0 0.45555555625000005 0.7802469140625 0.45555555625000005 0.7148148140624999 0.45555555625000005 0.649382715625 0.4236111109375 0.649382715625 0.3916666671875 0.649382715625 0.3916666671875 0.7148148140624999 0.3916666671875 0.7802469140625 0.4236111109375 0.7802469140625 0.45555555625000005 0.7802469140625
0 0.6555555562500001 0.158024690625 0.6555555562500001 0.1197530859375 0.6555555562500001 0.08148148125 0.6333333328124999 0.08148148125 0.6111111109375 0.08148148125 0.6111111109375 0.1197530859375 0.6111111109375 0.158024690625 0.6333333328124999 0.158024690625 0.6555555562500001 0.158024690625
0 0.652777778125 0.3333333328125 0.652777778125 0.304938271875 0.652777778125 0.276543209375 0.6347222218749999 0.276543209375 0.6166666671875001 0.276543209375 0.6166666671875001 0.304938271875 0.6166666671875001 0.3333333328125 0.6347222218749999 0.3333333328125 0.652777778125 0.3333333328125
0 0.6805555562500001 0.432098765625 0.6805555562500001 0.396296296875 0.6805555562500001 0.3604938265625 0.6576388890625 0.3604938265625 0.6347222218749999 0.3604938265625 0.6347222218749999 0.396296296875 0.6347222218749999 0.432098765625 0.6576388890625 0.432098765625 0.6805555562500001 0.432098765625
0 0.784722221875 0.249382715625 0.784722221875 0.222222221875 0.784722221875 0.195061728125 0.76805555625 0.195061728125 0.7513888890625 0.195061728125 0.7513888890625 0.222222221875 0.7513888890625 0.249382715625 0.76805555625 0.249382715625 0.784722221875 0.249382715625
0 0.9083333328125001 0.3802469140625 0.9083333328125001 0.3382716046875 0.9083333328125001 0.296296296875 0.88680555625 0.296296296875 0.8652777781250001 0.296296296875 0.8652777781250001 0.3382716046875 0.8652777781250001 0.3802469140625 0.88680555625 0.3802469140625 0.9083333328125001 0.3802469140625
0 0.7138888890625 0.8691358031249999 0.7138888890625 0.803703703125 0.7138888890625 0.7382716046875 0.6798611109375 0.7382716046875 0.6458333328125 0.7382716046875 0.6458333328125 0.803703703125 0.6458333328125 0.8691358031249999 0.6798611109375 0.8691358031249999 0.7138888890625 0.8691358031249999