2 0.7 0.9629629625 0.7 0.923456790625 0.7 0.8839506171875 0.6763888890625 0.8839506171875 0.652777778125 0.8839506171875 0.652777778125 0.923456790625 0.652777778125 0.9629629625 0.6763888890625 0.9629629625 0.7 0.9629629625
0 0.565277778125 0.9580246906250001 0.565277778125 0.9074074078125 0.565277778125 0.8567901234375 0.5409722218749999 0.8567901234375 0.5166666671875 0.8567901234375 0.5166666671875 0.9074074078125 0.5166666671875 0.9580246906250001 0.5409722218749999 0.9580246906250001 0.565277778125 0.9580246906250001
0 0.9458333328125 1 0.9458333328125 0.9567901234375 0.9458333328125 0.9135802468750001 0.9 0.9135802468750001 0.8541666671874999 0.9135802468750001 0.8541666671874999 0.9567901234375 0.8541666671874999 1 0.9 1 0.9458333328125 1
0 0.702777778125 0.5012345671875 0.702777778125 0.4617283953125 0.702777778125 0.42222222187499997 0.6736111109375 0.42222222187499997 0.64444444375 0.42222222187499997 0.64444444375 0.4617283953125 0.64444444375 0.5012345671875 0.6736111109375 0.5012345671875 0.702777778125 0.5012345671875
0 0.6375 0.39012345625 0.6375 0.3543209875 0.6375 0.31851851875000003 0.6180555562500001 0.31851851875000003 0.5986111109375 0.31851851875000003 0.5986111109375 0.3543209875 0.5986111109375 0.39012345625 0.6180555562500001 0.39012345625 0.6375 0.39012345625
0 0.5944444437499999 0.3753086421875 0.5944444437499999 0.3382716046875 0.5944444437499999 0.30123456718749997 0.575 0.30123456718749997 0.5555555562500001 0.30123456718749997 0.5555555562500001 0.3382716046875 0.5555555562500001 0.3753086421875 0.575 0.3753086421875 0.5944444437499999 0.3753086421875
0 0.48472222187499997 0.767901234375 0.48472222187499997 0.73580246875 0.48472222187499997 0.703703703125 0.46388888906250003 0.703703703125 0.44305555625000004 0.703703703125 0.44305555625000004 0.73580246875 0.44305555625000004 0.767901234375 0.46388888906250003 0.767901234375 0.48472222187499997 0.767901234375
0 0.40416666718750005 0.7654320984375 0.40416666718750005 0.7283950625 0.40416666718750005 0.691358025 0.3826388890625 0.691358025 0.3611111109375 0.691358025 0.3611111109375 0.7283950625 0.3611111109375 0.7654320984375 0.3826388890625 0.7654320984375 0.40416666718750005 0.7654320984375
0 0.41111111093749997 0.659259259375 0.41111111093749997 0.61728395 0.41111111093749997 0.5753086421875 0.38680555625 0.5753086421875 0.3625 0.5753086421875 0.3625 0.61728395 0.3625 0.659259259375 0.38680555625 0.659259259375 0.41111111093749997 0.659259259375
0 0.322222221875 0.62716049375 0.322222221875 0.59012345625 0.322222221875 0.5530864203125 0.29930555625 0.5530864203125 0.27638888906250003 0.5530864203125 0.27638888906250003 0.59012345625 0.27638888906250003 0.62716049375 0.29930555625 0.62716049375 0.322222221875 0.62716049375
0 0.1833333328125 0.9135802468750001 0.1833333328125 0.877777778125 0.1833333328125 0.841975309375 0.1611111109375 0.841975309375 0.13888888906250002 0.841975309375 0.13888888906250002 0.877777778125 0.13888888906250002 0.9135802468750001 0.1611111109375 0.9135802468750001 0.1833333328125 0.9135802468750001
3 0.3986111109375 0.9802469140625 0.3986111109375 0.9246913578125 0.3986111109375 0.8691358031249999 0.372222221875 0.8691358031249999 0.3458333328125 0.8691358031249999 0.3458333328125 0.9246913578125 0.3458333328125 0.9802469140625 0.372222221875 0.9802469140625 0.3986111109375 0.9802469140625
3 0.58194444375 0.75555555625 0.58194444375 0.6716049374999999 0.58194444375 0.5876543203125 0.53125 0.5876543203125 0.48055555625 0.5876543203125 0.48055555625 0.6716049374999999 0.48055555625 0.75555555625 0.53125 0.75555555625 0.58194444375 0.75555555625