0 0.7958333328125 0.9111111109375001 0.7958333328125 0.8604938265625 0.7958333328125 0.8098765437500001 0.7701388890625 0.8098765437500001 0.74444444375 0.8098765437500001 0.74444444375 0.8604938265625 0.74444444375 0.9111111109375001 0.7701388890625 0.9111111109375001 0.7958333328125 0.9111111109375001
0 0.6944444437499999 0.758024690625 0.6944444437499999 0.7197530859375 0.6944444437499999 0.68148148125 0.6701388890625 0.68148148125 0.6458333328125 0.68148148125 0.6458333328125 0.7197530859375 0.6458333328125 0.758024690625 0.6701388890625 0.758024690625 0.6944444437499999 0.758024690625
0 0.690277778125 0.686419753125 0.690277778125 0.659259259375 0.690277778125 0.632098765625 0.6666666671875 0.632098765625 0.64305555625 0.632098765625 0.64305555625 0.659259259375 0.64305555625 0.686419753125 0.6666666671875 0.686419753125 0.690277778125 0.686419753125
0 0.684722221875 0.64444444375 0.684722221875 0.6197530859375 0.684722221875 0.5950617281249999 0.665277778125 0.5950617281249999 0.6458333328125 0.5950617281249999 0.6458333328125 0.6197530859375 0.6458333328125 0.64444444375 0.665277778125 0.64444444375 0.684722221875 0.64444444375
0 0.6416666671875 0.6666666671875 0.6416666671875 0.6370370375000001 0.6416666671875 0.6074074078125 0.6263888890625 0.6074074078125 0.6111111109375 0.6074074078125 0.6111111109375 0.6370370375000001 0.6111111109375 0.6666666671875 0.6263888890625 0.6666666671875 0.6416666671875 0.6666666671875
0 0.590277778125 0.6296296296875 0.590277778125 0.6024691359375 0.590277778125 0.5753086421875 0.5701388890625 0.5753086421875 0.55 0.5753086421875 0.55 0.6024691359375 0.55 0.6296296296875 0.5701388890625 0.6296296296875 0.590277778125 0.6296296296875
0 0.66805555625 0.9333333328125001 0.66805555625 0.8851851859375 0.66805555625 0.8370370375 0.6375 0.8370370375 0.60694444375 0.8370370375 0.60694444375 0.8851851859375 0.60694444375 0.9333333328125001 0.6375 0.9333333328125001 0.66805555625 0.9333333328125001
0 0.6208333328125 0.9802469140625 0.6208333328125 0.9444444437499999 0.6208333328125 0.9086419749999999 0.6013888890625 0.9086419749999999 0.58194444375 0.9086419749999999 0.58194444375 0.9444444437499999 0.58194444375 0.9802469140625 0.6013888890625 0.9802469140625 0.6208333328125 0.9802469140625
0 0.6319444437499999 0.795061728125 0.6319444437499999 0.7567901234375001 0.6319444437499999 0.7185185187500001 0.6111111109375 0.7185185187500001 0.590277778125 0.7185185187500001 0.590277778125 0.7567901234375001 0.590277778125 0.795061728125 0.6111111109375 0.795061728125 0.6319444437499999 0.795061728125
0 0.56805555625 0.7876543203125 0.56805555625 0.740740740625 0.56805555625 0.6938271609375 0.54305555625 0.6938271609375 0.51805555625 0.6938271609375 0.51805555625 0.740740740625 0.51805555625 0.7876543203125 0.54305555625 0.7876543203125 0.56805555625 0.7876543203125
0 0.45555555625000005 0.7160493828125001 0.45555555625000005 0.6753086421875001 0.45555555625000005 0.6345679015625 0.434722221875 0.6345679015625 0.4138888890625 0.6345679015625 0.4138888890625 0.6753086421875001 0.4138888890625 0.7160493828125001 0.434722221875 0.7160493828125001 0.45555555625000005 0.7160493828125001
0 0.477777778125 0.9333333328125001 0.477777778125 0.8876543203124999 0.477777778125 0.841975309375 0.45416666718750004 0.841975309375 0.43055555625 0.841975309375 0.43055555625 0.8876543203124999 0.43055555625 0.9333333328125001 0.45416666718750004 0.9333333328125001 0.477777778125 0.9333333328125001
0 0.14444444375 1 0.14444444375 0.950617284375 0.14444444375 0.9012345671875 0.11805555625 0.9012345671875 0.0916666671875 0.9012345671875 0.0916666671875 0.950617284375 0.0916666671875 1 0.11805555625 1 0.14444444375 1
0 1 0.550617284375 0.9729166671874999 0.550617284375 0.9458333328125 0.550617284375 0.9458333328125 0.59012345625 0.9458333328125 0.6296296296875 0.9729166671874999 0.6296296296875 1 0.6296296296875 1 0.59012345625 1 0.550617284375