1 0.13194444375 0.3333333328125 0.13194444375 0.2666666671875 0.13194444375 0.2 0.0666666671875 0.2 0.0013888890625 0.2 0.0013888890625 0.2666666671875 0.0013888890625 0.3333333328125 0.0666666671875 0.3333333328125 0.13194444375 0.3333333328125
0 0.18194444375000002 0.8543209875000001 0.18194444375000002 0.7518518515625 0.18194444375000002 0.649382715625 0.10833333281249999 0.649382715625 0.034722221875 0.649382715625 0.034722221875 0.7518518515625 0.034722221875 0.8543209875000001 0.10833333281249999 0.8543209875000001 0.18194444375000002 0.8543209875000001
0 0.16388888906250001 1 0.16388888906250001 0.9148148140625001 0.16388888906250001 0.8296296296874999 0.0888888890625 0.8296296296874999 0.013888889062500001 0.8296296296874999 0.013888889062500001 0.9148148140625001 0.013888889062500001 1 0.0888888890625 1 0.16388888906250001 1
0 0.14444444375 0.6197530859375 0.14444444375 0.523456790625 0.14444444375 0.42716049375000004 0.08055555625000001 0.42716049375000004 0.0166666671875 0.42716049375000004 0.0166666671875 0.523456790625 0.0166666671875 0.6197530859375 0.08055555625000001 0.6197530859375 0.14444444375 0.6197530859375
0 0.240277778125 0.641975309375 0.240277778125 0.54444444375 0.240277778125 0.4469135796875 0.1826388890625 0.4469135796875 0.125 0.4469135796875 0.125 0.54444444375 0.125 0.641975309375 0.1826388890625 0.641975309375 0.240277778125 0.641975309375
0 0.31805555625 0.8098765437500001 0.31805555625 0.691358025 0.31805555625 0.57283950625 0.252777778125 0.57283950625 0.1875 0.57283950625 0.1875 0.691358025 0.1875 0.8098765437500001 0.252777778125 0.8098765437500001 0.31805555625 0.8098765437500001
0 0.30555555624999997 1 0.30555555624999997 0.9061728390624999 0.30555555624999997 0.8123456796875 0.24305555625 0.8123456796875 0.18055555625 0.8123456796875 0.18055555625 0.9061728390624999 0.18055555625 1 0.24305555625 1 0.30555555624999997 1
2 0.40555555625000006 0.9037037031249999 0.40555555625000006 0.7876543203125 0.40555555625000006 0.6716049374999999 0.34305555625 0.6716049374999999 0.28055555625 0.6716049374999999 0.28055555625 0.7876543203125 0.28055555625 0.9037037031249999 0.34305555625 0.9037037031249999 0.40555555625000006 0.9037037031249999
0 0.38333333281250004 0.6345679015625 0.38333333281250004 0.5543209874999999 0.38333333281250004 0.47407407343749997 0.33055555625 0.47407407343749997 0.27777777812500004 0.47407407343749997 0.27777777812500004 0.5543209874999999 0.27777777812500004 0.6345679015625 0.33055555625 0.6345679015625 0.38333333281250004 0.6345679015625
0 0.3416666671875 0.5012345671875 0.3416666671875 0.42222222187499997 0.3416666671875 0.3432098765625 0.290277778125 0.3432098765625 0.2388888890625 0.3432098765625 0.2388888890625 0.42222222187499997 0.2388888890625 0.5012345671875 0.290277778125 0.5012345671875 0.3416666671875 0.5012345671875
0 0.29305555625 0.41728395 0.29305555625 0.3296296296875 0.29305555625 0.24197530937499998 0.24097222187499998 0.24197530937499998 0.1888888890625 0.24197530937499998 0.1888888890625 0.3296296296875 0.1888888890625 0.41728395 0.24097222187499998 0.41728395 0.29305555625 0.41728395
0 0.38055555625 0.38765432031249997 0.38055555625 0.30987654375 0.38055555625 0.23209876562499998 0.3395833328125 0.23209876562499998 0.2986111109375 0.23209876562499998 0.2986111109375 0.30987654375 0.2986111109375 0.38765432031249997 0.3395833328125 0.38765432031249997 0.38055555625 0.38765432031249997
0 0.4125 0.3111111109375 0.4125 0.23827160468750003 0.4125 0.1654320984375 0.36805555624999997 0.1654320984375 0.3236111109375 0.1654320984375 0.3236111109375 0.23827160468750003 0.3236111109375 0.3111111109375 0.36805555624999997 0.3111111109375 0.4125 0.3111111109375
0 0.459722221875 0.4716049375 0.459722221875 0.38765432031249997 0.459722221875 0.303703703125 0.4166666671875 0.303703703125 0.3736111109375 0.303703703125 0.3736111109375 0.38765432031249997 0.3736111109375 0.4716049375 0.4166666671875 0.4716049375 0.459722221875 0.4716049375
0 0.5069444437499999 0.1851851859375 0.5069444437499999 0.11358024687499998 0.5069444437499999 0.041975309375 0.46388888906250003 0.041975309375 0.42083333281249996 0.041975309375 0.42083333281249996 0.11358024687499998 0.42083333281249996 0.1851851859375 0.46388888906250003 0.1851851859375 0.5069444437499999 0.1851851859375
0 0.5486111109375 0.2790123453125 0.5486111109375 0.20987654375 0.5486111109375 0.140740740625 0.502777778125 0.140740740625 0.45694444375 0.140740740625 0.45694444375 0.20987654375 0.45694444375 0.2790123453125 0.502777778125 0.2790123453125 0.5486111109375 0.2790123453125
0 0.5638888890625 0.38271605000000003 0.5638888890625 0.303703703125 0.5638888890625 0.2246913578125 0.51805555625 0.2246913578125 0.47222222187499996 0.2246913578125 0.47222222187499996 0.303703703125 0.47222222187499996 0.38271605000000003 0.51805555625 0.38271605000000003 0.5638888890625 0.38271605000000003
0 0.55 0.5555555562500001 0.55 0.46419753124999996 0.55 0.37283950625 0.4986111109375 0.37283950625 0.447222221875 0.37283950625 0.447222221875 0.46419753124999996 0.447222221875 0.5555555562500001 0.4986111109375 0.5555555562500001 0.55 0.5555555562500001
0 0.4861111109375 0.686419753125 0.4861111109375 0.5938271609375 0.4861111109375 0.5012345671875 0.43263888906250003 0.5012345671875 0.3791666671875 0.5012345671875 0.3791666671875 0.5938271609375 0.3791666671875 0.686419753125 0.43263888906250003 0.686419753125 0.4861111109375 0.686419753125
0 0.50555555625 0.9925925921875001 0.50555555625 0.8629629624999999 0.50555555625 0.7333333328125 0.44166666718750003 0.7333333328125 0.377777778125 0.7333333328125 0.377777778125 0.8629629624999999 0.377777778125 0.9925925921875001 0.44166666718750003 0.9925925921875001 0.50555555625 0.9925925921875001
0 0.63055555625 0.9851851859374999 0.63055555625 0.8691358031249999 0.63055555625 0.7530864203125 0.5694444437499999 0.7530864203125 0.5083333328124999 0.7530864203125 0.5083333328124999 0.8691358031249999 0.5083333328124999 0.9851851859374999 0.5694444437499999 0.9851851859374999 0.63055555625 0.9851851859374999
0 0.652777778125 0.4395061734375 0.652777778125 0.3617283953125 0.652777778125 0.28395061718750003 0.6034722218749999 0.28395061718750003 0.5541666671875001 0.28395061718750003 0.5541666671875001 0.3617283953125 0.5541666671875001 0.4395061734375 0.6034722218749999 0.4395061734375 0.652777778125 0.4395061734375
0 0.659722221875 0.5753086421875 0.659722221875 0.49382716093749995 0.659722221875 0.41234567968749997 0.6076388890625 0.41234567968749997 0.5555555562500001 0.41234567968749997 0.5555555562500001 0.49382716093749995 0.5555555562500001 0.5753086421875 0.6076388890625 0.5753086421875 0.659722221875 0.5753086421875
0 0.65 0.740740740625 0.65 0.650617284375 0.65 0.5604938265625 0.596527778125 0.5604938265625 0.54305555625 0.5604938265625 0.54305555625 0.650617284375 0.54305555625 0.740740740625 0.596527778125 0.740740740625 0.65 0.740740740625
0 0.76805555625 0.86419753125 0.76805555625 0.74444444375 0.76805555625 0.6246913578125 0.70069444375 0.6246913578125 0.6333333328124999 0.6246913578125 0.6333333328124999 0.74444444375 0.6333333328124999 0.86419753125 0.70069444375 0.86419753125 0.76805555625 0.86419753125