0 0.32083333281250004 1 0.32083333281250004 0.9345679015625 0.32083333281250004 0.8691358031249999 0.2666666671875 0.8691358031249999 0.2125 0.8691358031249999 0.2125 0.9345679015625 0.2125 1 0.2666666671875 1 0.32083333281250004 1
1 0.3263888890625 0.9012345671875 0.3263888890625 0.803703703125 0.3263888890625 0.7061728390625001 0.272222221875 0.7061728390625001 0.21805555625 0.7061728390625001 0.21805555625 0.803703703125 0.21805555625 0.9012345671875 0.272222221875 0.9012345671875 0.3263888890625 0.9012345671875
2 0.4388888890625 1 0.4388888890625 0.923456790625 0.4388888890625 0.8469135796874999 0.377777778125 0.8469135796874999 0.3166666671875 0.8469135796874999 0.3166666671875 0.923456790625 0.3166666671875 1 0.377777778125 1 0.4388888890625 1
0 0.5458333328125 1 0.5458333328125 0.9074074078125 0.5458333328125 0.8148148140625 0.48402777812500003 0.8148148140625 0.42222222187499997 0.8148148140625 0.42222222187499997 0.9074074078125 0.42222222187499997 1 0.48402777812500003 1 0.5458333328125 1
0 0.5763888890625 0.8617283953125 0.5763888890625 0.76419753125 0.5763888890625 0.6666666671875 0.5263888890625 0.6666666671875 0.4763888890625 0.6666666671875 0.4763888890625 0.76419753125 0.4763888890625 0.8617283953125 0.5263888890625 0.8617283953125 0.5763888890625 0.8617283953125
0 0.48194444374999995 0.886419753125 0.48194444374999995 0.786419753125 0.48194444374999995 0.686419753125 0.4388888890625 0.686419753125 0.3958333328125 0.686419753125 0.3958333328125 0.786419753125 0.3958333328125 0.886419753125 0.4388888890625 0.886419753125 0.48194444374999995 0.886419753125
0 0.375 0.8469135796874999 0.375 0.7753086421875001 0.375 0.703703703125 0.3395833328125 0.703703703125 0.30416666718749996 0.703703703125 0.30416666718749996 0.7753086421875001 0.30416666718749996 0.8469135796874999 0.3395833328125 0.8469135796874999 0.375 0.8469135796874999
0 0.30416666718749996 0.7456790125 0.30416666718749996 0.6777777781250001 0.30416666718749996 0.60987654375 0.27569444375 0.60987654375 0.24722222187499998 0.60987654375 0.24722222187499998 0.6777777781250001 0.24722222187499998 0.7456790125 0.27569444375 0.7456790125 0.30416666718749996 0.7456790125
1 0.352777778125 0.7925925921875 0.352777778125 0.6925925921875 0.352777778125 0.5925925921874999 0.3145833328125 0.5925925921874999 0.27638888906250003 0.5925925921874999 0.27638888906250003 0.6925925921875 0.27638888906250003 0.7925925921875 0.3145833328125 0.7925925921875 0.352777778125 0.7925925921875
2 0.44166666718750003 0.7283950625 0.44166666718750003 0.6345679015625 0.44166666718750003 0.540740740625 0.3958333328125 0.540740740625 0.35 0.540740740625 0.35 0.6345679015625 0.35 0.7283950625 0.3958333328125 0.7283950625 0.44166666718750003 0.7283950625
0 0.3986111109375 0.5654320984375001 0.3986111109375 0.47407407343749997 0.3986111109375 0.38271605000000003 0.352777778125 0.38271605000000003 0.30694444375 0.38271605000000003 0.30694444375 0.47407407343749997 0.30694444375 0.5654320984375001 0.352777778125 0.5654320984375001 0.3986111109375 0.5654320984375001
0 0.427777778125 0.4197530859375 0.427777778125 0.3567901234375 0.427777778125 0.2938271609375 0.38680555625 0.2938271609375 0.3458333328125 0.2938271609375 0.3458333328125 0.3567901234375 0.3458333328125 0.4197530859375 0.38680555625 0.4197530859375 0.427777778125 0.4197530859375
0 0.51805555625 0.6641975312499999 0.51805555625 0.569135803125 0.51805555625 0.47407407343749997 0.46388888906250003 0.47407407343749997 0.40972222187499996 0.47407407343749997 0.40972222187499996 0.569135803125 0.40972222187499996 0.6641975312499999 0.46388888906250003 0.6641975312499999 0.51805555625 0.6641975312499999
0 0.6319444437499999 0.6666666671875 0.6319444437499999 0.5703703703125 0.6319444437499999 0.47407407343749997 0.58055555625 0.47407407343749997 0.5291666671875 0.47407407343749997 0.5291666671875 0.5703703703125 0.5291666671875 0.6666666671875 0.58055555625 0.6666666671875 0.6319444437499999 0.6666666671875
0 0.73055555625 0.550617284375 0.73055555625 0.4395061734375 0.73055555625 0.3283950625 0.665277778125 0.3283950625 0.6 0.3283950625 0.6 0.4395061734375 0.6 0.550617284375 0.665277778125 0.550617284375 0.73055555625 0.550617284375
1 0.41805555625 0.3061728390625 0.41805555625 0.22098765468749998 0.41805555625 0.13580246875 0.397222221875 0.13580246875 0.3763888890625 0.13580246875 0.3763888890625 0.22098765468749998 0.3763888890625 0.3061728390625 0.397222221875 0.3061728390625 0.41805555625 0.3061728390625
0 0.4875 0.2938271609375 0.4875 0.22098765468749998 0.4875 0.1481481484375 0.446527778125 0.1481481484375 0.40555555625000006 0.1481481484375 0.40555555625000006 0.22098765468749998 0.40555555625000006 0.2938271609375 0.446527778125 0.2938271609375 0.4875 0.2938271609375
0 0.44305555625000004 0.140740740625 0.44305555625000004 0.0716049375 0.44305555625000004 0.0024691359375 0.41319444375 0.0024691359375 0.38333333281250004 0.0024691359375 0.38333333281250004 0.0716049375 0.38333333281250004 0.140740740625 0.41319444375 0.140740740625 0.44305555625000004 0.140740740625
0 0.5583333328125 0.0740740734375 0.5583333328125 0.0382716046875 0.5583333328125 0.0024691359375 0.5125 0.0024691359375 0.46666666718750005 0.0024691359375 0.46666666718750005 0.0382716046875 0.46666666718750005 0.0740740734375 0.5125 0.0740740734375 0.5583333328125 0.0740740734375
1 0.4791666671875 0.150617284375 0.4791666671875 0.08148148125 0.4791666671875 0.0123456796875 0.45208333281249996 0.0123456796875 0.425 0.0123456796875 0.425 0.08148148125 0.425 0.150617284375 0.45208333281249996 0.150617284375 0.4791666671875 0.150617284375
1 0.51944444375 0.46419753124999996 0.51944444375 0.369135803125 0.51944444375 0.2740740734375 0.47222222187499996 0.2740740734375 0.425 0.2740740734375 0.425 0.369135803125 0.425 0.46419753124999996 0.47222222187499996 0.46419753124999996 0.51944444375 0.46419753124999996
1 0.64305555625 0.31851851875000003 0.64305555625 0.2629629625 0.64305555625 0.20740740781250003 0.5736111109375 0.20740740781250003 0.5041666671875 0.20740740781250003 0.5041666671875 0.2629629625 0.5041666671875 0.31851851875000003 0.5736111109375 0.31851851875000003 0.64305555625 0.31851851875000003
2 0.5666666671875 0.3333333328125 0.5666666671875 0.23827160468750003 0.5666666671875 0.1432098765625 0.51944444375 0.1432098765625 0.47222222187499996 0.1432098765625 0.47222222187499996 0.23827160468750003 0.47222222187499996 0.3333333328125 0.51944444375 0.3333333328125 0.5666666671875 0.3333333328125
2 0.7569444437499999 0.3975308640625 0.7569444437499999 0.3148148140625 0.7569444437499999 0.23209876562499998 0.69305555625 0.23209876562499998 0.6291666671875 0.23209876562499998 0.6291666671875 0.3148148140625 0.6291666671875 0.3975308640625 0.69305555625 0.3975308640625 0.7569444437499999 0.3975308640625
2 0.6180555562500001 0.2123456796875 0.6180555562500001 0.132098765625 0.6180555562500001 0.051851851562499995 0.5763888890625 0.051851851562499995 0.534722221875 0.051851851562499995 0.534722221875 0.132098765625 0.534722221875 0.2123456796875 0.5763888890625 0.2123456796875 0.6180555562500001 0.2123456796875
1 0.6541666671875 0.2370370375 0.6541666671875 0.1246913578125 0.6541666671875 0.0123456796875 0.6041666671875 0.0123456796875 0.5541666671875001 0.0123456796875 0.5541666671875001 0.1246913578125 0.5541666671875001 0.2370370375 0.6041666671875 0.2370370375 0.6541666671875 0.2370370375
0 0.7513888890625 0.177777778125 0.7513888890625 0.09012345625 0.7513888890625 0.0024691359375 0.6916666671875 0.0024691359375 0.6319444437499999 0.0024691359375 0.6319444437499999 0.09012345625 0.6319444437499999 0.177777778125 0.6916666671875 0.177777778125 0.7513888890625 0.177777778125
0 0.89305555625 0.3432098765625 0.89305555625 0.21851851875 0.89305555625 0.0938271609375 0.8201388890624999 0.0938271609375 0.747222221875 0.0938271609375 0.747222221875 0.21851851875 0.747222221875 0.3432098765625 0.8201388890624999 0.3432098765625 0.89305555625 0.3432098765625
2 0.8388888890624999 0.6790123453125 0.8388888890624999 0.5469135796875 0.8388888890624999 0.4148148140625 0.7625 0.4148148140625 0.6861111109375 0.4148148140625 0.6861111109375 0.5469135796875 0.6861111109375 0.6790123453125 0.7625 0.6790123453125 0.8388888890624999 0.6790123453125