1 0.6569444437499999 0.3654320984375 0.6569444437499999 0.3111111109375 0.6569444437499999 0.25679012343749996 0.6298611109375 0.25679012343749996 0.602777778125 0.25679012343749996 0.602777778125 0.3111111109375 0.602777778125 0.3654320984375 0.6298611109375 0.3654320984375 0.6569444437499999 0.3654320984375
1 0.6513888890625 0.18271605 0.6513888890625 0.15555555625 0.6513888890625 0.1283950625 0.622222221875 0.1283950625 0.5930555562500001 0.1283950625 0.5930555562500001 0.15555555625 0.5930555562500001 0.18271605 0.622222221875 0.18271605 0.6513888890625 0.18271605
1 0.722222221875 0.30123456718749997 0.722222221875 0.24197530937499998 0.722222221875 0.18271605 0.70555555625 0.18271605 0.6888888890625 0.18271605 0.6888888890625 0.24197530937499998 0.6888888890625 0.30123456718749997 0.70555555625 0.30123456718749997 0.722222221875 0.30123456718749997
2 0.5083333328124999 0.286419753125 0.5083333328124999 0.2370370375 0.5083333328124999 0.1876543203125 0.478472221875 0.1876543203125 0.4486111109375 0.1876543203125 0.4486111109375 0.2370370375 0.4486111109375 0.286419753125 0.478472221875 0.286419753125 0.5083333328124999 0.286419753125
1 0.43055555625 0.91851851875 0.43055555625 0.8740740734375001 0.43055555625 0.8296296296874999 0.384027778125 0.8296296296874999 0.3375 0.8296296296874999 0.3375 0.8740740734375001 0.3375 0.91851851875 0.384027778125 0.91851851875 0.43055555625 0.91851851875
2 0.43333333281249997 1 0.43333333281249997 0.9716049375000001 0.43333333281249997 0.9432098765625 0.40833333281249995 0.9432098765625 0.38333333281250004 0.9432098765625 0.38333333281250004 0.9716049375000001 0.38333333281250004 1 0.40833333281249995 1 0.43333333281249997 1
2 0.4861111109375 1 0.4861111109375 0.9666666671874999 0.4861111109375 0.9333333328125001 0.4673611109375 0.9333333328125001 0.4486111109375 0.9333333328125001 0.4486111109375 0.9666666671874999 0.4486111109375 1 0.4673611109375 1 0.4861111109375 1
2 0.58194444375 1 0.58194444375 0.9790123453125 0.58194444375 0.9580246906250001 0.5631944437499999 0.9580246906250001 0.54444444375 0.9580246906250001 0.54444444375 0.9790123453125 0.54444444375 1 0.5631944437499999 1 0.58194444375 1
1 0.54305555625 0.995061728125 0.54305555625 0.9333333328125001 0.54305555625 0.8716049375000001 0.51875 0.8716049375000001 0.49444444374999996 0.8716049375000001 0.49444444374999996 0.9333333328125001 0.49444444374999996 0.995061728125 0.51875 0.995061728125 0.54305555625 0.995061728125
2 0.50555555625 0.9135802468750001 0.50555555625 0.8679012343749999 0.50555555625 0.8222222218749999 0.48194444374999995 0.8222222218749999 0.4583333328125 0.8222222218749999 0.4583333328125 0.8679012343749999 0.4583333328125 0.9135802468750001 0.48194444374999995 0.9135802468750001 0.50555555625 0.9135802468750001
2 0.6166666671875001 0.95555555625 0.6166666671875001 0.9012345671875 0.6166666671875001 0.8469135796874999 0.5861111109375 0.8469135796874999 0.5555555562500001 0.8469135796874999 0.5555555562500001 0.9012345671875 0.5555555562500001 0.95555555625 0.5861111109375 0.95555555625 0.6166666671875001 0.95555555625
0 0.622222221875 1 0.622222221875 0.9716049375000001 0.622222221875 0.9432098765625 0.6 0.9432098765625 0.577777778125 0.9432098765625 0.577777778125 0.9716049375000001 0.577777778125 1 0.6 1 0.622222221875 1
0 0.7291666671875 1 0.7291666671875 0.950617284375 0.7291666671875 0.9012345671875 0.6979166671875 0.9012345671875 0.6666666671875 0.9012345671875 0.6666666671875 0.950617284375 0.6666666671875 1 0.6979166671875 1 0.7291666671875 1
3 0.7625 0.9629629625 0.7625 0.8950617281250001 0.7625 0.8271604937499999 0.7256944437499999 0.8271604937499999 0.6888888890625 0.8271604937499999 0.6888888890625 0.8950617281250001 0.6888888890625 0.9629629625 0.7256944437499999 0.9629629625 0.7625 0.9629629625
2 0.6805555562500001 0.8271604937499999 0.6805555562500001 0.7716049375 0.6805555562500001 0.7160493828125001 0.6520833328125 0.7160493828125001 0.6236111109375 0.7160493828125001 0.6236111109375 0.7716049375 0.6236111109375 0.8271604937499999 0.6520833328125 0.8271604937499999 0.6805555562500001 0.8271604937499999
2 0.5319444437499999 0.8493827156249999 0.5319444437499999 0.8123456796875 0.5319444437499999 0.7753086421875001 0.5083333328124999 0.7753086421875001 0.48472222187499997 0.7753086421875001 0.48472222187499997 0.8123456796875 0.48472222187499997 0.8493827156249999 0.5083333328124999 0.8493827156249999 0.5319444437499999 0.8493827156249999
0 0.46944444374999994 0.8567901234375 0.46944444374999994 0.8086419749999999 0.46944444374999994 0.7604938265625 0.4458333328125 0.7604938265625 0.42222222187499997 0.7604938265625 0.42222222187499997 0.8086419749999999 0.42222222187499997 0.8567901234375 0.4458333328125 0.8567901234375 0.46944444374999994 0.8567901234375
0 0.5833333328125 0.8370370375 0.5833333328125 0.7938271609374999 0.5833333328125 0.750617284375 0.5583333328125 0.750617284375 0.5333333328125 0.750617284375 0.5333333328125 0.7938271609374999 0.5333333328125 0.8370370375 0.5583333328125 0.8370370375 0.5833333328125 0.8370370375
0 0.7208333328125 0.8123456796875 0.7208333328125 0.76419753125 0.7208333328125 0.7160493828125001 0.6958333328124999 0.7160493828125001 0.6708333328125 0.7160493828125001 0.6708333328125 0.76419753125 0.6708333328125 0.8123456796875 0.6958333328124999 0.8123456796875 0.7208333328125 0.8123456796875
3 0.7513888890625 0.740740740625 0.7513888890625 0.6888888890625 0.7513888890625 0.6370370375000001 0.7083333328125 0.6370370375000001 0.665277778125 0.6370370375000001 0.665277778125 0.6888888890625 0.665277778125 0.740740740625 0.7083333328125 0.740740740625 0.7513888890625 0.740740740625
2 0.6513888890625 0.708641975 0.6513888890625 0.667901234375 0.6513888890625 0.62716049375 0.6270833328125 0.62716049375 0.602777778125 0.62716049375 0.602777778125 0.667901234375 0.602777778125 0.708641975 0.6270833328125 0.708641975 0.6513888890625 0.708641975
2 0.6166666671875001 0.7382716046875 0.6166666671875001 0.7024691359374999 0.6166666671875001 0.6666666671875 0.5930555562500001 0.6666666671875 0.5694444437499999 0.6666666671875 0.5694444437499999 0.7024691359374999 0.5694444437499999 0.7382716046875 0.5930555562500001 0.7382716046875 0.6166666671875001 0.7382716046875
2 0.5 0.8074074078125 0.5 0.7629629625 0.5 0.7185185187500001 0.477777778125 0.7185185187500001 0.45555555625000005 0.7185185187500001 0.45555555625000005 0.7629629625 0.45555555625000005 0.8074074078125 0.477777778125 0.8074074078125 0.5 0.8074074078125
2 0.5305555562500001 0.7703703703125 0.5305555562500001 0.7197530859375 0.5305555562500001 0.669135803125 0.5069444437499999 0.669135803125 0.48333333281249996 0.669135803125 0.48333333281249996 0.7197530859375 0.48333333281249996 0.7703703703125 0.5069444437499999 0.7703703703125 0.5305555562500001 0.7703703703125
3 0.577777778125 0.7382716046875 0.577777778125 0.6703703703125 0.577777778125 0.6024691359375 0.547222221875 0.6024691359375 0.5166666671875 0.6024691359375 0.5166666671875 0.6703703703125 0.5166666671875 0.7382716046875 0.547222221875 0.7382716046875 0.577777778125 0.7382716046875
1 0.4513888890625 0.6666666671875 0.4513888890625 0.5938271609375 0.4513888890625 0.5209876546875 0.4236111109375 0.5209876546875 0.3958333328125 0.5209876546875 0.3958333328125 0.5938271609375 0.3958333328125 0.6666666671875 0.4236111109375 0.6666666671875 0.4513888890625 0.6666666671875
1 0.51805555625 0.659259259375 0.51805555625 0.6123456796875 0.51805555625 0.5654320984375001 0.4826388890625 0.5654320984375001 0.447222221875 0.5654320984375001 0.447222221875 0.6123456796875 0.447222221875 0.659259259375 0.4826388890625 0.659259259375 0.51805555625 0.659259259375
2 0.5319444437499999 0.57283950625 0.5319444437499999 0.5395061734375 0.5319444437499999 0.5061728390625 0.5069444437499999 0.5061728390625 0.48194444374999995 0.5061728390625 0.48194444374999995 0.5395061734375 0.48194444374999995 0.57283950625 0.5069444437499999 0.57283950625 0.5319444437499999 0.57283950625
0 0.5263888890625 0.5160493828125 0.5263888890625 0.4876543203125 0.5263888890625 0.459259259375 0.50625 0.459259259375 0.4861111109375 0.459259259375 0.4861111109375 0.4876543203125 0.4861111109375 0.5160493828125 0.50625 0.5160493828125 0.5263888890625 0.5160493828125
0 0.58055555625 0.4074074078125 0.58055555625 0.3716049375 0.58055555625 0.33580246874999997 0.5604166671875 0.33580246874999997 0.540277778125 0.33580246874999997 0.540277778125 0.3716049375 0.540277778125 0.4074074078125 0.5604166671875 0.4074074078125 0.58055555625 0.4074074078125
0 0.6347222218749999 0.6148148140624999 0.6347222218749999 0.577777778125 0.6347222218749999 0.540740740625 0.609722221875 0.540740740625 0.584722221875 0.540740740625 0.584722221875 0.577777778125 0.584722221875 0.6148148140624999 0.609722221875 0.6148148140624999 0.6347222218749999 0.6148148140624999
0 0.6458333328125 0.5530864203125 0.6458333328125 0.5160493828125 0.6458333328125 0.47901234531250003 0.6208333328125 0.47901234531250003 0.5958333328125 0.47901234531250003 0.5958333328125 0.5160493828125 0.5958333328125 0.5530864203125 0.6208333328125 0.5530864203125 0.6458333328125 0.5530864203125
2 0.7958333328125 0.5753086421875 0.7958333328125 0.5296296296875 0.7958333328125 0.4839506171875 0.7673611109375 0.4839506171875 0.7388888890625 0.4839506171875 0.7388888890625 0.5296296296875 0.7388888890625 0.5753086421875 0.7673611109375 0.5753086421875 0.7958333328125 0.5753086421875
2 0.7194444437499999 0.641975309375 0.7194444437499999 0.6123456796875 0.7194444437499999 0.5827160499999999 0.696527778125 0.5827160499999999 0.6736111109375 0.5827160499999999 0.6736111109375 0.6123456796875 0.6736111109375 0.641975309375 0.696527778125 0.641975309375 0.7194444437499999 0.641975309375
2 0.7375 0.61728395 0.7375 0.5641975312499999 0.7375 0.5111111109375 0.7090277781250001 0.5111111109375 0.6805555562500001 0.5111111109375 0.6805555562500001 0.5641975312499999 0.6805555562500001 0.61728395 0.7090277781250001 0.61728395 0.7375 0.61728395
2 0.7208333328125 0.5629629625 0.7208333328125 0.5148148140625 0.7208333328125 0.46666666718750005 0.690972221875 0.46666666718750005 0.6611111109375 0.46666666718750005 0.6611111109375 0.5148148140625 0.6611111109375 0.5629629625 0.690972221875 0.5629629625 0.7208333328125 0.5629629625
1 0.6569444437499999 0.47407407343749997 0.6569444437499999 0.42222222187499997 0.6569444437499999 0.3703703703125 0.6326388890625 0.3703703703125 0.6083333328125 0.3703703703125 0.6083333328125 0.42222222187499997 0.6083333328125 0.47407407343749997 0.6326388890625 0.47407407343749997 0.6569444437499999 0.47407407343749997
0 0.6944444437499999 0.4296296296875 0.6944444437499999 0.39012345625 0.6944444437499999 0.350617284375 0.6673611109375 0.350617284375 0.640277778125 0.350617284375 0.640277778125 0.39012345625 0.640277778125 0.4296296296875 0.6673611109375 0.4296296296875 0.6944444437499999 0.4296296296875
0 0.772222221875 0.4617283953125 0.772222221875 0.4296296296875 0.772222221875 0.3975308640625 0.7548611109375 0.3975308640625 0.7375 0.3975308640625 0.7375 0.4296296296875 0.7375 0.4617283953125 0.7548611109375 0.4617283953125 0.772222221875 0.4617283953125
2 0.7361111109375 0.3925925921875 0.7361111109375 0.35925925937500003 0.7361111109375 0.32592592656249997 0.715972221875 0.32592592656249997 0.6958333328124999 0.32592592656249997 0.6958333328124999 0.35925925937500003 0.6958333328124999 0.3925925921875 0.715972221875 0.3925925921875 0.7361111109375 0.3925925921875
2 0.7597222218749999 0.1629629625 0.7597222218749999 0.12345679062499999 0.7597222218749999 0.08395061718749999 0.740972221875 0.08395061718749999 0.722222221875 0.08395061718749999 0.722222221875 0.12345679062499999 0.722222221875 0.1629629625 0.740972221875 0.1629629625 0.7597222218749999 0.1629629625
2 0.847222221875 0.28148148125 0.847222221875 0.24814814843750002 0.847222221875 0.2148148140625 0.81875 0.2148148140625 0.790277778125 0.2148148140625 0.790277778125 0.24814814843750002 0.790277778125 0.28148148125 0.81875 0.28148148125 0.847222221875 0.28148148125
2 0.8291666671875 0.45185185156249996 0.8291666671875 0.408641975 0.8291666671875 0.3654320984375 0.80625 0.3654320984375 0.7833333328125 0.3654320984375 0.7833333328125 0.408641975 0.7833333328125 0.45185185156249996 0.80625 0.45185185156249996 0.8291666671875 0.45185185156249996
2 0.8055555562500001 0.3703703703125 0.8055555562500001 0.3296296296875 0.8055555562500001 0.2888888890625 0.7805555562500001 0.2888888890625 0.75555555625 0.2888888890625 0.75555555625 0.3296296296875 0.75555555625 0.3703703703125 0.7805555562500001 0.3703703703125 0.8055555562500001 0.3703703703125
2 0.9055555562500001 0.395061728125 0.9055555562500001 0.3469135796875 0.9055555562500001 0.2987654328125 0.875 0.2987654328125 0.8444444437499999 0.2987654328125 0.8444444437499999 0.3469135796875 0.8444444437499999 0.395061728125 0.875 0.395061728125 0.9055555562500001 0.395061728125
2 0.7736111109375 0.2716049375 0.7736111109375 0.23209876562499998 0.7736111109375 0.1925925921875 0.7486111109375 0.1925925921875 0.7236111109375 0.1925925921875 0.7236111109375 0.23209876562499998 0.7236111109375 0.2716049375 0.7486111109375 0.2716049375 0.7736111109375 0.2716049375
2 0.0666666671875 0.259259259375 0.0666666671875 0.2259259265625 0.0666666671875 0.1925925921875 0.03819444375 0.1925925921875 0.009722221875000001 0.1925925921875 0.009722221875000001 0.2259259265625 0.009722221875000001 0.259259259375 0.03819444375 0.259259259375 0.0666666671875 0.259259259375
2 0.984722221875 0.6370370375000001 0.984722221875 0.5851851859375 0.984722221875 0.5333333328125 0.9541666671875 0.5333333328125 0.9236111109375 0.5333333328125 0.9236111109375 0.5851851859375 0.9236111109375 0.6370370375000001 0.9541666671875 0.6370370375000001 0.984722221875 0.6370370375000001
2 0.95694444375 0.79012345625 0.95694444375 0.7283950625 0.95694444375 0.6666666671875 0.9208333328125 0.6666666671875 0.8847222218749999 0.6666666671875 0.8847222218749999 0.7283950625 0.8847222218749999 0.79012345625 0.9208333328125 0.79012345625 0.95694444375 0.79012345625