0 0.6606770828124999 0.846759259375 0.6606770828124999 0.8118055562500001 0.6606770828124999 0.7768518515625 0.63984375 0.7768518515625 0.6190104171875 0.7768518515625 0.6190104171875 0.8118055562500001 0.6190104171875 0.846759259375 0.63984375 0.846759259375 0.6606770828124999 0.846759259375
3 0.46328125 0.9995370375 0.46328125 0.9703703703125001 0.46328125 0.941203703125 0.445703125 0.941203703125 0.428125 0.941203703125 0.428125 0.9703703703125001 0.428125 0.9995370375 0.445703125 0.9995370375 0.46328125 0.9995370375
3 0.9645833328125001 0.8925925921875001 0.9645833328125001 0.8456018515625001 0.9645833328125001 0.7986111109375 0.9337239578125001 0.7986111109375 0.9028645828125 0.7986111109375 0.9028645828125 0.8456018515625001 0.9028645828125 0.8925925921875001 0.9337239578125001 0.8925925921875001 0.9645833328125001 0.8925925921875001
0 0.33984375 0.590277778125 0.33984375 0.5604166671875 0.33984375 0.5305555562500001 0.3205729171875 0.5305555562500001 0.30130208281250004 0.5305555562500001 0.30130208281250004 0.5604166671875 0.30130208281250004 0.590277778125 0.3205729171875 0.590277778125 0.33984375 0.590277778125
0 0.15703125 0.6870370375 0.15703125 0.647222221875 0.15703125 0.6074074078125 0.128125 0.6074074078125 0.09921875 0.6074074078125 0.09921875 0.647222221875 0.09921875 0.6870370375 0.128125 0.6870370375 0.15703125 0.6870370375
3 0.051302082812500004 0.8324074078124999 0.051302082812500004 0.79976851875 0.051302082812500004 0.7671296296875 0.02578125 0.7671296296875 0.0002604171875 0.7671296296875 0.0002604171875 0.79976851875 0.0002604171875 0.8324074078124999 0.02578125 0.8324074078124999 0.051302082812500004 0.8324074078124999
3 0.153125 0.9268518515625 0.153125 0.891203703125 0.153125 0.85555555625 0.1286458328125 0.85555555625 0.1041666671875 0.85555555625 0.1041666671875 0.891203703125 0.1041666671875 0.9268518515625 0.1286458328125 0.9268518515625 0.153125 0.9268518515625
0 0.30390625 0.0726851859375 0.30390625 0.0365740734375 0.30390625 0.0004629625 0.2794270828125 0.0004629625 0.2549479171875 0.0004629625 0.2549479171875 0.0365740734375 0.2549479171875 0.0726851859375 0.2794270828125 0.0726851859375 0.30390625 0.0726851859375
0 0.9565104171875 0.6643518515625 0.9565104171875 0.6101851859375 0.9565104171875 0.55601851875 0.9233072921875 0.55601851875 0.8901041671875 0.55601851875 0.8901041671875 0.6101851859375 0.8901041671875 0.6643518515625 0.9233072921875 0.6643518515625 0.9565104171875 0.6643518515625
0 0.8859375 0.6574074078125001 0.8859375 0.61319444375 0.8859375 0.56898148125 0.8610677078125001 0.56898148125 0.8361979171874999 0.56898148125 0.8361979171874999 0.61319444375 0.8361979171874999 0.6574074078125001 0.8610677078125001 0.6574074078125001 0.8859375 0.6574074078125001
0 0.3020833328125 0.8754629625 0.3020833328125 0.828472221875 0.3020833328125 0.7814814812499999 0.27682291718749996 0.7814814812499999 0.2515625 0.7814814812499999 0.2515625 0.828472221875 0.2515625 0.8754629625 0.27682291718749996 0.8754629625 0.3020833328125 0.8754629625