3 0.85555555625 0.4074074078125 0.85555555625 0.37283950625 0.85555555625 0.3382716046875 0.8166666671874999 0.3382716046875 0.777777778125 0.3382716046875 0.777777778125 0.37283950625 0.777777778125 0.4074074078125 0.8166666671874999 0.4074074078125 0.85555555625 0.4074074078125
3 0.66805555625 0.377777778125 0.66805555625 0.3481481484375 0.66805555625 0.31851851875000003 0.6451388890625 0.31851851875000003 0.622222221875 0.31851851875000003 0.622222221875 0.3481481484375 0.622222221875 0.377777778125 0.6451388890625 0.377777778125 0.66805555625 0.377777778125
3 0.6 0.3802469140625 0.6 0.3456790125 0.6 0.3111111109375 0.5736111109375 0.3111111109375 0.547222221875 0.3111111109375 0.547222221875 0.3456790125 0.547222221875 0.3802469140625 0.5736111109375 0.3802469140625 0.6 0.3802469140625
2 0.6708333328125 0.750617284375 0.6708333328125 0.7209876546875 0.6708333328125 0.691358025 0.6555555562500001 0.691358025 0.640277778125 0.691358025 0.640277778125 0.7209876546875 0.640277778125 0.750617284375 0.6555555562500001 0.750617284375 0.6708333328125 0.750617284375
3 0.48333333281249996 0.97283950625 0.48333333281249996 0.891358025 0.48333333281249996 0.8098765437500001 0.4375 0.8098765437500001 0.3916666671875 0.8098765437500001 0.3916666671875 0.891358025 0.3916666671875 0.97283950625 0.4375 0.97283950625 0.48333333281249996 0.97283950625
0 0.7041666671875 0.222222221875 0.7041666671875 0.195061728125 0.7041666671875 0.16790123437499999 0.68194444375 0.16790123437499999 0.659722221875 0.16790123437499999 0.659722221875 0.195061728125 0.659722221875 0.222222221875 0.68194444375 0.222222221875 0.7041666671875 0.222222221875
0 0.997222221875 0.24197530937499998 0.997222221875 0.1876543203125 0.997222221875 0.13333333281249998 0.965277778125 0.13333333281249998 0.9333333328125001 0.13333333281249998 0.9333333328125001 0.1876543203125 0.9333333328125001 0.24197530937499998 0.965277778125 0.24197530937499998 0.997222221875 0.24197530937499998
0 0.31805555625 0.140740740625 0.31805555625 0.1111111109375 0.31805555625 0.08148148125 0.2986111109375 0.08148148125 0.2791666671875 0.08148148125 0.2791666671875 0.1111111109375 0.2791666671875 0.140740740625 0.2986111109375 0.140740740625 0.31805555625 0.140740740625
0 0.41111111093749997 0.130864196875 0.41111111093749997 0.0987654328125 0.41111111093749997 0.0666666671875 0.3923611109375 0.0666666671875 0.3736111109375 0.0666666671875 0.3736111109375 0.0987654328125 0.3736111109375 0.130864196875 0.3923611109375 0.130864196875 0.41111111093749997 0.130864196875
0 0.7861111109375 0.9876543203124999 0.7861111109375 0.8617283953125 0.7861111109375 0.73580246875 0.7375 0.73580246875 0.6888888890625 0.73580246875 0.6888888890625 0.8617283953125 0.6888888890625 0.9876543203124999 0.7375 0.9876543203124999 0.7861111109375 0.9876543203124999
3 0.625 0.7061728390625001 0.625 0.649382715625 0.625 0.5925925921874999 0.5861111109375 0.5925925921874999 0.547222221875 0.5925925921874999 0.547222221875 0.649382715625 0.547222221875 0.7061728390625001 0.5861111109375 0.7061728390625001 0.625 0.7061728390625001