1 0.6805555562500001 0.6567901234375 0.6805555562500001 0.5938271609375 0.6805555562500001 0.530864196875 0.6569444437499999 0.530864196875 0.6333333328124999 0.530864196875 0.6333333328124999 0.5938271609375 0.6333333328124999 0.6567901234375 0.6569444437499999 0.6567901234375 0.6805555562500001 0.6567901234375
1 0.6236111109375 0.8666666671875 0.6236111109375 0.8074074078125 0.6236111109375 0.7481481484375 0.590277778125 0.7481481484375 0.55694444375 0.7481481484375 0.55694444375 0.8074074078125 0.55694444375 0.8666666671875 0.590277778125 0.8666666671875 0.6236111109375 0.8666666671875
2 0.7041666671875 0.8740740734375001 0.7041666671875 0.8543209875000001 0.7041666671875 0.8345679015625 0.6888888890625 0.8345679015625 0.6736111109375 0.8345679015625 0.6736111109375 0.8543209875000001 0.6736111109375 0.8740740734375001 0.6888888890625 0.8740740734375001 0.7041666671875 0.8740740734375001
3 0.7263888890625 0.8271604937499999 0.7263888890625 0.777777778125 0.7263888890625 0.7283950625 0.6916666671875 0.7283950625 0.6569444437499999 0.7283950625 0.6569444437499999 0.777777778125 0.6569444437499999 0.8271604937499999 0.6916666671875 0.8271604937499999 0.7263888890625 0.8271604937499999
3 0.825 0.659259259375 0.825 0.613580246875 0.825 0.5679012343750001 0.7833333328125 0.5679012343750001 0.7416666671875001 0.5679012343750001 0.7416666671875001 0.613580246875 0.7416666671875001 0.659259259375 0.7833333328125 0.659259259375 0.825 0.659259259375
0 0.42083333281249996 0.3753086421875 0.42083333281249996 0.3518518515625 0.42083333281249996 0.3283950625 0.403472221875 0.3283950625 0.3861111109375 0.3283950625 0.3861111109375 0.3518518515625 0.3861111109375 0.3753086421875 0.403472221875 0.3753086421875 0.42083333281249996 0.3753086421875
0 0.0916666671875 0.269135803125 0.0916666671875 0.2469135796875 0.0916666671875 0.2246913578125 0.0638888890625 0.2246913578125 0.0361111109375 0.2246913578125 0.0361111109375 0.2469135796875 0.0361111109375 0.269135803125 0.0638888890625 0.269135803125 0.0916666671875 0.269135803125
0 0.2986111109375 0.9851851859374999 0.2986111109375 0.9382716046875 0.2986111109375 0.891358025 0.259722221875 0.891358025 0.2208333328125 0.891358025 0.2208333328125 0.9382716046875 0.2208333328125 0.9851851859374999 0.259722221875 0.9851851859374999 0.2986111109375 0.9851851859374999
0 0.4361111109375 0.9901234562499999 0.4361111109375 0.9370370375 0.4361111109375 0.8839506171875 0.397222221875 0.8839506171875 0.3583333328125 0.8839506171875 0.3583333328125 0.9370370375 0.3583333328125 0.9901234562499999 0.397222221875 0.9901234562499999 0.4361111109375 0.9901234562499999
0 0.5208333328125 0.8617283953125 0.5208333328125 0.8012345671875 0.5208333328125 0.740740740625 0.48472222187499997 0.740740740625 0.4486111109375 0.740740740625 0.4486111109375 0.8012345671875 0.4486111109375 0.8617283953125 0.48472222187499997 0.8617283953125 0.5208333328125 0.8617283953125
0 0.33194444375 0.38765432031249997 0.33194444375 0.350617284375 0.33194444375 0.313580246875 0.30902777812500004 0.313580246875 0.28611111093749997 0.313580246875 0.28611111093749997 0.350617284375 0.28611111093749997 0.38765432031249997 0.30902777812500004 0.38765432031249997 0.33194444375 0.38765432031249997
0 0.5333333328125 0.3925925921875 0.5333333328125 0.3654320984375 0.5333333328125 0.3382716046875 0.50555555625 0.3382716046875 0.477777778125 0.3382716046875 0.477777778125 0.3654320984375 0.477777778125 0.3925925921875 0.50555555625 0.3925925921875 0.5333333328125 0.3925925921875
0 0.58194444375 0.4469135796875 0.58194444375 0.41111111093749997 0.58194444375 0.3753086421875 0.553472221875 0.3753086421875 0.525 0.3753086421875 0.525 0.41111111093749997 0.525 0.4469135796875 0.553472221875 0.4469135796875 0.58194444375 0.4469135796875
0 0.5416666671875 0.486419753125 0.5416666671875 0.4456790125 0.5416666671875 0.40493827187500003 0.515277778125 0.40493827187500003 0.4888888890625 0.40493827187500003 0.4888888890625 0.4456790125 0.4888888890625 0.486419753125 0.515277778125 0.486419753125 0.5416666671875 0.486419753125
0 0.6361111109375 0.53580246875 0.6361111109375 0.47901234531250003 0.6361111109375 0.42222222187499997 0.6020833328124999 0.42222222187499997 0.56805555625 0.42222222187499997 0.56805555625 0.47901234531250003 0.56805555625 0.53580246875 0.6020833328124999 0.53580246875 0.6361111109375 0.53580246875
0 0.2416666671875 0.6888888890625 0.2416666671875 0.60987654375 0.2416666671875 0.530864196875 0.19583333281249998 0.530864196875 0.15 0.530864196875 0.15 0.60987654375 0.15 0.6888888890625 0.19583333281249998 0.6888888890625 0.2416666671875 0.6888888890625