0 0.5010416671875 0.8041666671875 0.5010416671875 0.7731481484375 0.5010416671875 0.7421296296875 0.477734375 0.7421296296875 0.4544270828125 0.7421296296875 0.4544270828125 0.7731481484375 0.4544270828125 0.8041666671875 0.477734375 0.8041666671875 0.5010416671875 0.8041666671875
3 0.1481770828125 0.9550925921875001 0.1481770828125 0.9259259265625 0.1481770828125 0.896759259375 0.12421875 0.896759259375 0.1002604171875 0.896759259375 0.1002604171875 0.9259259265625 0.1002604171875 0.9550925921875001 0.12421875 0.9550925921875001 0.1481770828125 0.9550925921875001
3 0.8299479171874999 0.9050925921875 0.8299479171874999 0.8444444437499999 0.8299479171874999 0.7837962968750001 0.8067708328125001 0.7837962968750001 0.78359375 0.7837962968750001 0.78359375 0.8444444437499999 0.78359375 0.9050925921875 0.8067708328125001 0.9050925921875 0.8299479171874999 0.9050925921875
3 0.9971354171875 0.8800925921875 0.9971354171875 0.8509259265625 0.9971354171875 0.821759259375 0.9731770828125 0.821759259375 0.94921875 0.821759259375 0.94921875 0.8509259265625 0.94921875 0.8800925921875 0.9731770828125 0.8800925921875 0.9971354171875 0.8800925921875
0 0.7635416671875 0.6611111109375 0.7635416671875 0.6263888890625 0.7635416671875 0.5916666671875 0.7384114578125 0.5916666671875 0.71328125 0.5916666671875 0.71328125 0.6263888890625 0.71328125 0.6611111109375 0.7384114578125 0.6611111109375 0.7635416671875 0.6611111109375
3 0.3385416671875 0.871296296875 0.3385416671875 0.8430555562500001 0.3385416671875 0.8148148140625 0.31692708281250004 0.8148148140625 0.2953125 0.8148148140625 0.2953125 0.8430555562500001 0.2953125 0.871296296875 0.31692708281250004 0.871296296875 0.3385416671875 0.871296296875
3 0.3645833328125 0.827777778125 0.3645833328125 0.80625 0.3645833328125 0.784722221875 0.35 0.784722221875 0.33541666718749996 0.784722221875 0.33541666718749996 0.80625 0.33541666718749996 0.827777778125 0.35 0.827777778125 0.3645833328125 0.827777778125
3 0.6359375 0.9472222218749999 0.6359375 0.9199074078124999 0.6359375 0.8925925921875001 0.61640625 0.8925925921875001 0.596875 0.8925925921875001 0.596875 0.9199074078124999 0.596875 0.9472222218749999 0.61640625 0.9472222218749999 0.6359375 0.9472222218749999
0 0.6390625 0.56805555625 0.6390625 0.52523148125 0.6390625 0.4824074078125 0.61796875 0.4824074078125 0.596875 0.4824074078125 0.596875 0.52523148125 0.596875 0.56805555625 0.61796875 0.56805555625 0.6390625 0.56805555625
0 0.68046875 0.459259259375 0.68046875 0.42476851875 0.68046875 0.39027777812500003 0.665625 0.39027777812500003 0.65078125 0.39027777812500003 0.65078125 0.42476851875 0.65078125 0.459259259375 0.665625 0.459259259375 0.68046875 0.459259259375
0 0.2153645828125 0.5495370375 0.2153645828125 0.51319444375 0.2153645828125 0.4768518515625 0.1979166671875 0.4768518515625 0.18046875 0.4768518515625 0.18046875 0.51319444375 0.18046875 0.5495370375 0.1979166671875 0.5495370375 0.2153645828125 0.5495370375
0 0.16354166718750002 0.722222221875 0.16354166718750002 0.690277778125 0.16354166718750002 0.6583333328125 0.14309895781249998 0.6583333328125 0.12265625 0.6583333328125 0.12265625 0.690277778125 0.12265625 0.722222221875 0.14309895781249998 0.722222221875 0.16354166718750002 0.722222221875