1 0.3875 0.503703703125 0.3875 0.4432098765625 0.3875 0.38271605000000003 0.35694444375 0.38271605000000003 0.3263888890625 0.38271605000000003 0.3263888890625 0.4432098765625 0.3263888890625 0.503703703125 0.35694444375 0.503703703125 0.3875 0.503703703125
3 0.99444444375 0.3604938265625 0.99444444375 0.3197530859375 0.99444444375 0.2790123453125 0.94375 0.2790123453125 0.89305555625 0.2790123453125 0.89305555625 0.3197530859375 0.89305555625 0.3604938265625 0.94375 0.3604938265625 0.99444444375 0.3604938265625
1 0.98194444375 0.14567901249999998 0.98194444375 0.076543209375 0.98194444375 0.0074074078125 0.9541666671875 0.0074074078125 0.9263888890624999 0.0074074078125 0.9263888890624999 0.076543209375 0.9263888890624999 0.14567901249999998 0.9541666671875 0.14567901249999998 0.98194444375 0.14567901249999998
3 0.7291666671875 0.5975308640625 0.7291666671875 0.5617283953125 0.7291666671875 0.5259259265625 0.7048611109375 0.5259259265625 0.6805555562500001 0.5259259265625 0.6805555562500001 0.5617283953125 0.6805555562500001 0.5975308640625 0.7048611109375 0.5975308640625 0.7291666671875 0.5975308640625
0 0.42083333281249996 0.1530864203125 0.42083333281249996 0.12592592656249998 0.42083333281249996 0.0987654328125 0.38680555625 0.0987654328125 0.352777778125 0.0987654328125 0.352777778125 0.12592592656249998 0.352777778125 0.1530864203125 0.38680555625 0.1530864203125 0.42083333281249996 0.1530864203125
3 0.6486111109375 0.3061728390625 0.6486111109375 0.267901234375 0.6486111109375 0.2296296296875 0.6208333328125 0.2296296296875 0.5930555562500001 0.2296296296875 0.5930555562500001 0.267901234375 0.5930555562500001 0.3061728390625 0.6208333328125 0.3061728390625 0.6486111109375 0.3061728390625
3 0.7361111109375 0.31851851875000003 0.7361111109375 0.27777777812500004 0.7361111109375 0.2370370375 0.7083333328125 0.2370370375 0.6805555562500001 0.2370370375 0.6805555562500001 0.27777777812500004 0.6805555562500001 0.31851851875000003 0.7083333328125 0.31851851875000003 0.7361111109375 0.31851851875000003
3 0.50555555625 1 0.50555555625 0.9543209875 0.50555555625 0.9086419749999999 0.4604166671875 0.9086419749999999 0.415277778125 0.9086419749999999 0.415277778125 0.9543209875 0.415277778125 1 0.4604166671875 1 0.50555555625 1
3 0.76944444375 0.88148148125 0.76944444375 0.8148148140625 0.76944444375 0.7481481484375 0.7458333328125 0.7481481484375 0.722222221875 0.7481481484375 0.722222221875 0.8148148140625 0.722222221875 0.88148148125 0.7458333328125 0.88148148125 0.76944444375 0.88148148125
3 0.6833333328125 0.7333333328125 0.6833333328125 0.6654320984375001 0.6833333328125 0.5975308640625 0.63819444375 0.5975308640625 0.5930555562500001 0.5975308640625 0.5930555562500001 0.6654320984375001 0.5930555562500001 0.7333333328125 0.63819444375 0.7333333328125 0.6833333328125 0.7333333328125
0 0.7638888890625 0.0987654328125 0.7638888890625 0.06419753125 0.7638888890625 0.0296296296875 0.7402777781250001 0.0296296296875 0.7166666671875 0.0296296296875 0.7166666671875 0.06419753125 0.7166666671875 0.0987654328125 0.7402777781250001 0.0987654328125 0.7638888890625 0.0987654328125
0 0.3375 0.7382716046875 0.3375 0.61851851875 0.3375 0.4987654328125 0.29375 0.4987654328125 0.25 0.4987654328125 0.25 0.61851851875 0.25 0.7382716046875 0.29375 0.7382716046875 0.3375 0.7382716046875
0 0.27777777812500004 0.46913580312500003 0.27777777812500004 0.4 0.27777777812500004 0.330864196875 0.259027778125 0.330864196875 0.240277778125 0.330864196875 0.240277778125 0.4 0.240277778125 0.46913580312500003 0.259027778125 0.46913580312500003 0.27777777812500004 0.46913580312500003
1 0.56805555625 0.11604938281249999 0.56805555625 0.0790123453125 0.56805555625 0.041975309375 0.55069444375 0.041975309375 0.5333333328125 0.041975309375 0.5333333328125 0.0790123453125 0.5333333328125 0.11604938281249999 0.55069444375 0.11604938281249999 0.56805555625 0.11604938281249999