3 0.8763020828125001 0.42731481406249994 0.8763020828125001 0.408796296875 0.8763020828125001 0.39027777812500003 0.86484375 0.39027777812500003 0.8533854171874999 0.39027777812500003 0.8533854171874999 0.408796296875 0.8533854171874999 0.42731481406249994 0.86484375 0.42731481406249994 0.8763020828125001 0.42731481406249994
3 0.7434895828125 0.9416666671874999 0.7434895828125 0.9229166671875 0.7434895828125 0.9041666671874999 0.7294270828125 0.9041666671874999 0.7153645828124999 0.9041666671874999 0.7153645828124999 0.9229166671875 0.7153645828124999 0.9416666671874999 0.7294270828125 0.9416666671874999 0.7434895828125 0.9416666671874999
3 0.24140625 0.996759259375 0.24140625 0.9824074078124999 0.24140625 0.9680555562500001 0.22369791718749998 0.9680555562500001 0.20598958281250002 0.9680555562500001 0.20598958281250002 0.9824074078124999 0.20598958281250002 0.996759259375 0.22369791718749998 0.996759259375 0.24140625 0.996759259375
3 0.30546875 0.6148148140624999 0.30546875 0.596759259375 0.30546875 0.578703703125 0.2908854171875 0.578703703125 0.2763020828125 0.578703703125 0.2763020828125 0.596759259375 0.2763020828125 0.6148148140624999 0.2908854171875 0.6148148140624999 0.30546875 0.6148148140624999
3 0.3369791671875 0.5944444437499999 0.3369791671875 0.578472221875 0.3369791671875 0.5625 0.3235677078125 0.5625 0.31015625 0.5625 0.31015625 0.578472221875 0.31015625 0.5944444437499999 0.3235677078125 0.5944444437499999 0.3369791671875 0.5944444437499999
0 0.57578125 0.4074074078125 0.57578125 0.38240740781250004 0.57578125 0.3574074078125 0.5630208328124999 0.3574074078125 0.5502604171875001 0.3574074078125 0.5502604171875001 0.38240740781250004 0.5502604171875001 0.4074074078125 0.5630208328124999 0.4074074078125 0.57578125 0.4074074078125
0 0.1794270828125 0.5486111109375 0.1794270828125 0.5287037031249999 0.1794270828125 0.508796296875 0.1701822921875 0.508796296875 0.1609375 0.508796296875 0.1609375 0.5287037031249999 0.1609375 0.5486111109375 0.1701822921875 0.5486111109375 0.1794270828125 0.5486111109375
3 0.3416666671875 0.63101851875 0.3416666671875 0.61273148125 0.3416666671875 0.5944444437499999 0.33059895781250004 0.5944444437499999 0.31953125 0.5944444437499999 0.31953125 0.61273148125 0.31953125 0.63101851875 0.33059895781250004 0.63101851875 0.3416666671875 0.63101851875
3 0.2559895828125 0.7796296296875 0.2559895828125 0.7543981484375 0.2559895828125 0.7291666671875 0.23671875 0.7291666671875 0.21744791718749998 0.7291666671875 0.21744791718749998 0.7543981484375 0.21744791718749998 0.7796296296875 0.23671875 0.7796296296875 0.2559895828125 0.7796296296875
0 0.14010416718750002 0.7768518515625 0.14010416718750002 0.7539351859375001 0.14010416718750002 0.73101851875 0.12395833281249999 0.73101851875 0.1078125 0.73101851875 0.1078125 0.7539351859375001 0.1078125 0.7768518515625 0.12395833281249999 0.7768518515625 0.14010416718750002 0.7768518515625
0 0.1677083328125 0.828703703125 0.1677083328125 0.8067129625 0.1677083328125 0.784722221875 0.1484375 0.784722221875 0.1291666671875 0.784722221875 0.1291666671875 0.8067129625 0.1291666671875 0.828703703125 0.1484375 0.828703703125 0.1677083328125 0.828703703125
0 0.9953125 0.702777778125 0.9953125 0.6703703703125 0.9953125 0.6379629625 0.9671875 0.6379629625 0.9390625 0.6379629625 0.9390625 0.6703703703125 0.9390625 0.702777778125 0.9671875 0.702777778125 0.9953125 0.702777778125
0 0.46770833281249996 0.9263888890624999 0.46770833281249996 0.8861111109375001 0.46770833281249996 0.8458333328125001 0.44440104218750004 0.8458333328125001 0.42109375 0.8458333328125001 0.42109375 0.8861111109375001 0.42109375 0.9263888890624999 0.44440104218750004 0.9263888890624999 0.46770833281249996 0.9263888890624999