1 0.7194444437499999 0.16790123437499999 0.7194444437499999 0.132098765625 0.7194444437499999 0.09629629687499999 0.7 0.09629629687499999 0.6805555562500001 0.09629629687499999 0.6805555562500001 0.132098765625 0.6805555562500001 0.16790123437499999 0.7 0.16790123437499999 0.7194444437499999 0.16790123437499999
1 0.6347222218749999 0.1432098765625 0.6347222218749999 0.1123456796875 0.6347222218749999 0.08148148125 0.61319444375 0.08148148125 0.5916666671875 0.08148148125 0.5916666671875 0.1123456796875 0.5916666671875 0.1432098765625 0.61319444375 0.1432098765625 0.6347222218749999 0.1432098765625
1 0.6013888890625 0.23456790156250001 0.6013888890625 0.19135802500000001 0.6013888890625 0.1481481484375 0.5840277781250001 0.1481481484375 0.5666666671875 0.1481481484375 0.5666666671875 0.19135802500000001 0.5666666671875 0.23456790156250001 0.5840277781250001 0.23456790156250001 0.6013888890625 0.23456790156250001
1 1 0.0666666671875 0.9756944437499999 0.0666666671875 0.9513888890625 0.0666666671875 0.9513888890625 0.10864197499999999 0.9513888890625 0.150617284375 0.9756944437499999 0.150617284375 1 0.150617284375 1 0.10864197499999999 1 0.0666666671875
3 0.8819444437499999 1 0.8819444437499999 0.9530864203125 0.8819444437499999 0.9061728390624999 0.8486111109375001 0.9061728390624999 0.815277778125 0.9061728390624999 0.815277778125 0.9530864203125 0.815277778125 1 0.8486111109375001 1 0.8819444437499999 1
3 0.765277778125 0.9061728390624999 0.765277778125 0.8320987656250001 0.765277778125 0.758024690625 0.7145833328125 0.758024690625 0.6638888890625 0.758024690625 0.6638888890625 0.8320987656250001 0.6638888890625 0.9061728390624999 0.7145833328125 0.9061728390624999 0.765277778125 0.9061728390624999
3 0.809722221875 0.7432098765624999 0.809722221875 0.6975308640625 0.809722221875 0.6518518515625 0.7798611109375 0.6518518515625 0.75 0.6518518515625 0.75 0.6975308640625 0.75 0.7432098765624999 0.7798611109375 0.7432098765624999 0.809722221875 0.7432098765624999
3 0.79444444375 0.44444444375 0.79444444375 0.403703703125 0.79444444375 0.36296296250000004 0.76944444375 0.36296296250000004 0.74444444375 0.36296296250000004 0.74444444375 0.403703703125 0.74444444375 0.44444444375 0.76944444375 0.44444444375 0.79444444375 0.44444444375
3 0.6958333328124999 0.42469135781249995 0.6958333328124999 0.38271605000000003 0.6958333328124999 0.340740740625 0.6708333328125 0.340740740625 0.6458333328125 0.340740740625 0.6458333328125 0.38271605000000003 0.6458333328125 0.42469135781249995 0.6708333328125 0.42469135781249995 0.6958333328124999 0.42469135781249995
0 0.8 0.19012345625 0.8 0.15555555625 0.8 0.12098765468749999 0.777777778125 0.12098765468749999 0.75555555625 0.12098765468749999 0.75555555625 0.15555555625 0.75555555625 0.19012345625 0.777777778125 0.19012345625 0.8 0.19012345625
0 0.3916666671875 0.9604938265625 0.3916666671875 0.8469135796874999 0.3916666671875 0.7333333328125 0.34861111093749997 0.7333333328125 0.30555555624999997 0.7333333328125 0.30555555624999997 0.8469135796874999 0.30555555624999997 0.9604938265625 0.34861111093749997 0.9604938265625 0.3916666671875 0.9604938265625
0 0.44166666718750003 0.1283950625 0.44166666718750003 0.0938271609375 0.44166666718750003 0.059259259375 0.4201388890625 0.059259259375 0.3986111109375 0.059259259375 0.3986111109375 0.0938271609375 0.3986111109375 0.1283950625 0.4201388890625 0.1283950625 0.44166666718750003 0.1283950625
0 0.33194444375 0.15555555625 0.33194444375 0.1283950625 0.33194444375 0.10123456718749999 0.3083333328125 0.10123456718749999 0.28472222187499996 0.10123456718749999 0.28472222187499996 0.1283950625 0.28472222187499996 0.15555555625 0.3083333328125 0.15555555625 0.33194444375 0.15555555625
1 0.47083333281249995 0.296296296875 0.47083333281249995 0.26419753125 0.47083333281249995 0.23209876562499998 0.43055555625 0.23209876562499998 0.39027777812500003 0.23209876562499998 0.39027777812500003 0.26419753125 0.39027777812500003 0.296296296875 0.43055555625 0.296296296875 0.47083333281249995 0.296296296875