0 0.13888888906250002 0.269135803125 0.13888888906250002 0.20740740781250003 0.13888888906250002 0.14567901249999998 0.0958333328125 0.14567901249999998 0.052777778124999994 0.14567901249999998 0.052777778124999994 0.20740740781250003 0.052777778124999994 0.269135803125 0.0958333328125 0.269135803125 0.13888888906250002 0.269135803125
0 0.45416666718750004 0.9580246906250001 0.45416666718750004 0.8888888890625 0.45416666718750004 0.8197530859375 0.41180555625000004 0.8197530859375 0.36944444375 0.8197530859375 0.36944444375 0.8888888890625 0.36944444375 0.9580246906250001 0.41180555625000004 0.9580246906250001 0.45416666718750004 0.9580246906250001
0 0.27777777812500004 0.08395061718749999 0.27777777812500004 0.0456790125 0.27777777812500004 0.0074074078125 0.2298611109375 0.0074074078125 0.18194444375000002 0.0074074078125 0.18194444375000002 0.0456790125 0.18194444375000002 0.08395061718749999 0.2298611109375 0.08395061718749999 0.27777777812500004 0.08395061718749999
0 0.652777778125 0.45432098749999994 0.652777778125 0.41111111093749997 0.652777778125 0.367901234375 0.6333333328124999 0.367901234375 0.6138888890625 0.367901234375 0.6138888890625 0.41111111093749997 0.6138888890625 0.45432098749999994 0.6333333328124999 0.45432098749999994 0.652777778125 0.45432098749999994
0 0.5736111109375 0.1703703703125 0.5736111109375 0.13580246875 0.5736111109375 0.10123456718749999 0.553472221875 0.10123456718749999 0.5333333328125 0.10123456718749999 0.5333333328125 0.13580246875 0.5333333328125 0.1703703703125 0.553472221875 0.1703703703125 0.5736111109375 0.1703703703125
0 0.6736111109375 0.249382715625 0.6736111109375 0.223456790625 0.6736111109375 0.1975308640625 0.6604166671875 0.1975308640625 0.647222221875 0.1975308640625 0.647222221875 0.223456790625 0.647222221875 0.249382715625 0.6604166671875 0.249382715625 0.6736111109375 0.249382715625
0 0.6125 0.1382716046875 0.6125 0.10370370312499999 0.6125 0.06913580312499999 0.5986111109375 0.06913580312499999 0.584722221875 0.06913580312499999 0.584722221875 0.10370370312499999 0.584722221875 0.1382716046875 0.5986111109375 0.1382716046875 0.6125 0.1382716046875
0 0.6458333328125 0.1382716046875 0.6458333328125 0.1123456796875 0.6458333328125 0.086419753125 0.6347222218749999 0.086419753125 0.6236111109375 0.086419753125 0.6236111109375 0.1123456796875 0.6236111109375 0.1382716046875 0.6347222218749999 0.1382716046875 0.6458333328125 0.1382716046875
3 0.4458333328125 0.28395061718750003 0.4458333328125 0.23333333281250002 0.4458333328125 0.18271605 0.4076388890625 0.18271605 0.36944444375 0.18271605 0.36944444375 0.23333333281250002 0.36944444375 0.28395061718750003 0.4076388890625 0.28395061718750003 0.4458333328125 0.28395061718750003
3 0.68194444375 0.649382715625 0.68194444375 0.5851851859375 0.68194444375 0.5209876546875 0.6486111109375 0.5209876546875 0.6152777781250001 0.5209876546875 0.6152777781250001 0.5851851859375 0.6152777781250001 0.649382715625 0.6486111109375 0.649382715625 0.68194444375 0.649382715625
1 0.6875 0.967901234375 0.6875 0.9 0.6875 0.8320987656250001 0.66180555625 0.8320987656250001 0.6361111109375 0.8320987656250001 0.6361111109375 0.9 0.6361111109375 0.967901234375 0.66180555625 0.967901234375 0.6875 0.967901234375