3 0.8513888890624999 0.2716049375 0.8513888890624999 0.23456790156250001 0.8513888890624999 0.1975308640625 0.8222222218749999 0.1975308640625 0.79305555625 0.1975308640625 0.79305555625 0.23456790156250001 0.79305555625 0.2716049375 0.8222222218749999 0.2716049375 0.8513888890624999 0.2716049375
3 0.1458333328125 0.78271605 0.1458333328125 0.7259259265625 0.1458333328125 0.669135803125 0.0770833328125 0.669135803125 0.0083333328125 0.669135803125 0.0083333328125 0.7259259265625 0.0083333328125 0.78271605 0.0770833328125 0.78271605 0.1458333328125 0.78271605
3 0.34861111093749997 0.177777778125 0.34861111093749997 0.1481481484375 0.34861111093749997 0.11851851875 0.32847222187499997 0.11851851875 0.3083333328125 0.11851851875 0.3083333328125 0.1481481484375 0.3083333328125 0.177777778125 0.32847222187499997 0.177777778125 0.34861111093749997 0.177777778125
3 0.46944444374999994 0.2716049375 0.46944444374999994 0.23456790156250001 0.46944444374999994 0.1975308640625 0.45 0.1975308640625 0.43055555625 0.1975308640625 0.43055555625 0.23456790156250001 0.43055555625 0.2716049375 0.45 0.2716049375 0.46944444374999994 0.2716049375
0 0.22777777812500002 0.5950617281249999 0.22777777812500002 0.558024690625 0.22777777812500002 0.5209876546875 0.20416666718749998 0.5209876546875 0.18055555625 0.5209876546875 0.18055555625 0.558024690625 0.18055555625 0.5950617281249999 0.20416666718749998 0.5950617281249999 0.22777777812500002 0.5950617281249999
0 0.13888888906250002 0.204938271875 0.13888888906250002 0.1654320984375 0.13888888906250002 0.12592592656249998 0.11736111093749999 0.12592592656249998 0.0958333328125 0.12592592656249998 0.0958333328125 0.1654320984375 0.0958333328125 0.204938271875 0.11736111093749999 0.204938271875 0.13888888906250002 0.204938271875
0 0.22638888906250001 0.1283950625 0.22638888906250001 0.10123456718749999 0.22638888906250001 0.0740740734375 0.20833333281250002 0.0740740734375 0.190277778125 0.0740740734375 0.190277778125 0.10123456718749999 0.190277778125 0.1283950625 0.20833333281250002 0.1283950625 0.22638888906250001 0.1283950625
0 0.9708333328125001 0.11851851875 0.9708333328125001 0.0790123453125 0.9708333328125001 0.0395061734375 0.9458333328125 0.0395061734375 0.9208333328125 0.0395061734375 0.9208333328125 0.0790123453125 0.9208333328125 0.11851851875 0.9458333328125 0.11851851875 0.9708333328125001 0.11851851875
0 0.89444444375 0.204938271875 0.89444444375 0.150617284375 0.89444444375 0.09629629687499999 0.8673611109375001 0.09629629687499999 0.840277778125 0.09629629687499999 0.840277778125 0.150617284375 0.840277778125 0.204938271875 0.8673611109375001 0.204938271875 0.89444444375 0.204938271875
0 0.5861111109375 0.303703703125 0.5861111109375 0.2543209875 0.5861111109375 0.204938271875 0.5548611109375 0.204938271875 0.5236111109375 0.204938271875 0.5236111109375 0.2543209875 0.5236111109375 0.303703703125 0.5548611109375 0.303703703125 0.5861111109375 0.303703703125
0 0.54444444375 0.47654320937500005 0.54444444375 0.42345679062499997 0.54444444375 0.3703703703125 0.5104166671875 0.3703703703125 0.4763888890625 0.3703703703125 0.4763888890625 0.42345679062499997 0.4763888890625 0.47654320937500005 0.5104166671875 0.47654320937500005 0.54444444375 0.47654320937500005
0 0.3611111109375 0.9604938265625 0.3611111109375 0.8765432093750001 0.3611111109375 0.7925925921875 0.3020833328125 0.7925925921875 0.24305555625 0.7925925921875 0.24305555625 0.8765432093750001 0.24305555625 0.9604938265625 0.3020833328125 0.9604938265625 0.3611111109375 0.9604938265625
0 0.325 0.44444444375 0.325 0.3987654328125 0.325 0.35308642031250004 0.2986111109375 0.35308642031250004 0.272222221875 0.35308642031250004 0.272222221875 0.3987654328125 0.272222221875 0.44444444375 0.2986111109375 0.44444444375 0.325 0.44444444375