0 0.702777778125 0.130864196875 0.702777778125 0.10370370312499999 0.702777778125 0.076543209375 0.6868055562500001 0.076543209375 0.6708333328125 0.076543209375 0.6708333328125 0.10370370312499999 0.6708333328125 0.130864196875 0.6868055562500001 0.130864196875 0.702777778125 0.130864196875
0 0.83055555625 0.20987654375 0.83055555625 0.1740740734375 0.83055555625 0.1382716046875 0.8104166671874999 0.1382716046875 0.790277778125 0.1382716046875 0.790277778125 0.1740740734375 0.790277778125 0.20987654375 0.8104166671874999 0.20987654375 0.83055555625 0.20987654375
0 0.6638888890625 0.1925925921875 0.6638888890625 0.1530864203125 0.6638888890625 0.11358024687499998 0.640277778125 0.11358024687499998 0.6166666671875001 0.11358024687499998 0.6166666671875001 0.1530864203125 0.6166666671875001 0.1925925921875 0.640277778125 0.1925925921875 0.6638888890625 0.1925925921875
0 0.2833333328125 0.449382715625 0.2833333328125 0.4061728390625 0.2833333328125 0.36296296250000004 0.25555555625 0.36296296250000004 0.22777777812500002 0.36296296250000004 0.22777777812500002 0.4061728390625 0.22777777812500002 0.449382715625 0.25555555625 0.449382715625 0.2833333328125 0.449382715625
0 0.34027777812500004 0.5555555562500001 0.34027777812500004 0.5148148140625 0.34027777812500004 0.47407407343749997 0.30555555624999997 0.47407407343749997 0.2708333328125 0.47407407343749997 0.2708333328125 0.5148148140625 0.2708333328125 0.5555555562500001 0.30555555624999997 0.5555555562500001 0.34027777812500004 0.5555555562500001
0 0.2125 0.7283950625 0.2125 0.67283950625 0.2125 0.61728395 0.16875 0.61728395 0.125 0.61728395 0.125 0.67283950625 0.125 0.7283950625 0.16875 0.7283950625 0.2125 0.7283950625
0 0.3541666671875 0.9876543203124999 0.3541666671875 0.9246913578125 0.3541666671875 0.8617283953125 0.31180555625 0.8617283953125 0.26944444375 0.8617283953125 0.26944444375 0.9246913578125 0.26944444375 0.9876543203124999 0.31180555625 0.9876543203124999 0.3541666671875 0.9876543203124999
0 0.7208333328125 0.713580246875 0.7208333328125 0.67283950625 0.7208333328125 0.632098765625 0.690972221875 0.632098765625 0.6611111109375 0.632098765625 0.6611111109375 0.67283950625 0.6611111109375 0.713580246875 0.690972221875 0.713580246875 0.7208333328125 0.713580246875
0 0.66805555625 0.38765432031249997 0.66805555625 0.3481481484375 0.66805555625 0.308641975 0.6465277781250001 0.308641975 0.625 0.308641975 0.625 0.3481481484375 0.625 0.38765432031249997 0.6465277781250001 0.38765432031249997 0.66805555625 0.38765432031249997
2 0.1833333328125 0.3753086421875 0.1833333328125 0.3604938265625 0.1833333328125 0.3456790125 0.1729166671875 0.3456790125 0.1625 0.3456790125 0.1625 0.3604938265625 0.1625 0.3753086421875 0.1729166671875 0.3753086421875 0.1833333328125 0.3753086421875
2 0.20277777812500003 0.4197530859375 0.20277777812500003 0.403703703125 0.20277777812500003 0.38765432031249997 0.1923611109375 0.38765432031249997 0.18194444375000002 0.38765432031249997 0.18194444375000002 0.403703703125 0.18194444375000002 0.4197530859375 0.1923611109375 0.4197530859375 0.20277777812500003 0.4197530859375
0 0.775 0.23456790156250001 0.775 0.20246913593750002 0.775 0.1703703703125 0.7576388890625 0.1703703703125 0.7402777781250001 0.1703703703125 0.7402777781250001 0.20246913593750002 0.7402777781250001 0.23456790156250001 0.7576388890625 0.23456790156250001 0.775 0.23456790156250001
3 0.5041666671875 0.18024691406249999 0.5041666671875 0.1432098765625 0.5041666671875 0.1061728390625 0.48541666718750004 0.1061728390625 0.46666666718750005 0.1061728390625 0.46666666718750005 0.1432098765625 0.46666666718750005 0.18024691406249999 0.48541666718750004 0.18024691406249999 0.5041666671875 0.18024691406249999