0 0.54444444375 0.10123456718749999 0.54444444375 0.0666666671875 0.54444444375 0.032098765625 0.5215277781250001 0.032098765625 0.4986111109375 0.032098765625 0.4986111109375 0.0666666671875 0.4986111109375 0.10123456718749999 0.5215277781250001 0.10123456718749999 0.54444444375 0.10123456718749999
0 0.6708333328125 0.28148148125 0.6708333328125 0.2530864203125 0.6708333328125 0.2246913578125 0.65 0.2246913578125 0.6291666671875 0.2246913578125 0.6291666671875 0.2530864203125 0.6291666671875 0.28148148125 0.65 0.28148148125 0.6708333328125 0.28148148125
0 0.690277778125 0.395061728125 0.690277778125 0.35308642031250004 0.690277778125 0.3111111109375 0.66180555625 0.3111111109375 0.6333333328124999 0.3111111109375 0.6333333328124999 0.35308642031250004 0.6333333328124999 0.395061728125 0.66180555625 0.395061728125 0.690277778125 0.395061728125
0 0.5861111109375 0.2790123453125 0.5861111109375 0.2296296296875 0.5861111109375 0.18024691406249999 0.5604166671875 0.18024691406249999 0.534722221875 0.18024691406249999 0.534722221875 0.2296296296875 0.534722221875 0.2790123453125 0.5604166671875 0.2790123453125 0.5861111109375 0.2790123453125
0 0.49583333281249997 0.3753086421875 0.49583333281249997 0.323456790625 0.49583333281249997 0.2716049375 0.46527777812500004 0.2716049375 0.434722221875 0.2716049375 0.434722221875 0.323456790625 0.434722221875 0.3753086421875 0.46527777812500004 0.3753086421875 0.49583333281249997 0.3753086421875
0 0.7625 0.1753086421875 0.7625 0.13580246875 0.7625 0.09629629687499999 0.7388888890625 0.09629629687499999 0.715277778125 0.09629629687499999 0.715277778125 0.13580246875 0.715277778125 0.1753086421875 0.7388888890625 0.1753086421875 0.7625 0.1753086421875
0 0.7513888890625 0.2790123453125 0.7513888890625 0.240740740625 0.7513888890625 0.20246913593750002 0.73055555625 0.20246913593750002 0.709722221875 0.20246913593750002 0.709722221875 0.240740740625 0.709722221875 0.2790123453125 0.73055555625 0.2790123453125 0.7513888890625 0.2790123453125
0 0.8291666671875 0.40493827187500003 0.8291666671875 0.3654320984375 0.8291666671875 0.32592592656249997 0.8027777781250001 0.32592592656249997 0.7763888890625 0.32592592656249997 0.7763888890625 0.3654320984375 0.7763888890625 0.40493827187500003 0.8027777781250001 0.40493827187500003 0.8291666671875 0.40493827187500003
0 0.85 0.46419753124999996 0.85 0.42469135781249995 0.85 0.3851851859375 0.82569444375 0.3851851859375 0.8013888890624999 0.3851851859375 0.8013888890624999 0.42469135781249995 0.8013888890624999 0.46419753124999996 0.82569444375 0.46419753124999996 0.85 0.46419753124999996
0 0.7888888890625 0.6567901234375 0.7888888890625 0.6086419750000001 0.7888888890625 0.5604938265625 0.76180555625 0.5604938265625 0.734722221875 0.5604938265625 0.734722221875 0.6086419750000001 0.734722221875 0.6567901234375 0.76180555625 0.6567901234375 0.7888888890625 0.6567901234375
0 0.725 0.61728395 0.725 0.5679012343750001 0.725 0.51851851875 0.6944444437499999 0.51851851875 0.6638888890625 0.51851851875 0.6638888890625 0.5679012343750001 0.6638888890625 0.61728395 0.6944444437499999 0.61728395 0.725 0.61728395
0 0.6541666671875 0.5876543203125 0.6541666671875 0.5296296296875 0.6541666671875 0.4716049375 0.622222221875 0.4716049375 0.590277778125 0.4716049375 0.590277778125 0.5296296296875 0.590277778125 0.5876543203125 0.622222221875 0.5876543203125 0.6541666671875 0.5876543203125
0 0.58194444375 0.5851851859375 0.58194444375 0.522222221875 0.58194444375 0.459259259375 0.54930555625 0.459259259375 0.5166666671875 0.459259259375 0.5166666671875 0.522222221875 0.5166666671875 0.5851851859375 0.54930555625 0.5851851859375 0.58194444375 0.5851851859375
0 0.5763888890625 0.7185185187500001 0.5763888890625 0.6567901234375 0.5763888890625 0.5950617281249999 0.540277778125 0.5950617281249999 0.5041666671875 0.5950617281249999 0.5041666671875 0.6567901234375 0.5041666671875 0.7185185187500001 0.540277778125 0.7185185187500001 0.5763888890625 0.7185185187500001
0 0.46527777812500004 0.8716049375000001 0.46527777812500004 0.7888888890625 0.46527777812500004 0.7061728390625001 0.42430555625000005 0.7061728390625001 0.38333333281250004 0.7061728390625001 0.38333333281250004 0.7888888890625 0.38333333281250004 0.8716049375000001 0.42430555625000005 0.8716049375000001 0.46527777812500004 0.8716049375000001
1 0.6513888890625 0.8148148140625 0.6513888890625 0.77283950625 0.6513888890625 0.730864196875 0.6208333328125 0.730864196875 0.590277778125 0.730864196875 0.590277778125 0.77283950625 0.590277778125 0.8148148140625 0.6208333328125 0.8148148140625 0.6513888890625 0.8148148140625