0 0.290277778125 0.530864196875 0.290277778125 0.459259259375 0.290277778125 0.38765432031249997 0.2451388890625 0.38765432031249997 0.2 0.38765432031249997 0.2 0.459259259375 0.2 0.530864196875 0.2451388890625 0.530864196875 0.290277778125 0.530864196875
0 0.4 0.177777778125 0.4 0.1395061734375 0.4 0.10123456718749999 0.36944444375 0.10123456718749999 0.33888888906250003 0.10123456718749999 0.33888888906250003 0.1395061734375 0.33888888906250003 0.177777778125 0.36944444375 0.177777778125 0.4 0.177777778125
0 0.4375 0.4 0.4375 0.3469135796875 0.4375 0.2938271609375 0.403472221875 0.2938271609375 0.36944444375 0.2938271609375 0.36944444375 0.3469135796875 0.36944444375 0.4 0.403472221875 0.4 0.4375 0.4
0 0.540277778125 0.44197530937499996 0.540277778125 0.4024691359375 0.540277778125 0.36296296250000004 0.51805555625 0.36296296250000004 0.49583333281249997 0.36296296250000004 0.49583333281249997 0.4024691359375 0.49583333281249997 0.44197530937499996 0.51805555625 0.44197530937499996 0.540277778125 0.44197530937499996
0 0.6333333328124999 0.4617283953125 0.6333333328124999 0.41234567968749997 0.6333333328124999 0.36296296250000004 0.609722221875 0.36296296250000004 0.5861111109375 0.36296296250000004 0.5861111109375 0.41234567968749997 0.5861111109375 0.4617283953125 0.609722221875 0.4617283953125 0.6333333328124999 0.4617283953125
0 0.5583333328125 0.5802469140625 0.5583333328125 0.5283950625 0.5583333328125 0.47654320937500005 0.527777778125 0.47654320937500005 0.497222221875 0.47654320937500005 0.497222221875 0.5283950625 0.497222221875 0.5802469140625 0.527777778125 0.5802469140625 0.5583333328125 0.5802469140625
0 0.709722221875 0.6 0.709722221875 0.5617283953125 0.709722221875 0.523456790625 0.6833333328125 0.523456790625 0.6569444437499999 0.523456790625 0.6569444437499999 0.5617283953125 0.6569444437499999 0.6 0.6833333328125 0.6 0.709722221875 0.6
0 0.7333333328125 0.6666666671875 0.7333333328125 0.6296296296875 0.7333333328125 0.5925925921874999 0.7083333328125 0.5925925921874999 0.6833333328125 0.5925925921874999 0.6833333328125 0.6296296296875 0.6833333328125 0.6666666671875 0.7083333328125 0.6666666671875 0.7333333328125 0.6666666671875
0 0.9513888890625 0.730864196875 0.9513888890625 0.68271605 0.9513888890625 0.6345679015625 0.9201388890625 0.6345679015625 0.8888888890625 0.6345679015625 0.8888888890625 0.68271605 0.8888888890625 0.730864196875 0.9201388890625 0.730864196875 0.9513888890625 0.730864196875
0 0.8583333328125 0.9111111109375001 0.8583333328125 0.8444444437499999 0.8583333328125 0.777777778125 0.8229166671874999 0.777777778125 0.7875 0.777777778125 0.7875 0.8444444437499999 0.7875 0.9111111109375001 0.8229166671874999 0.9111111109375001 0.8583333328125 0.9111111109375001
0 0.684722221875 0.97283950625 0.684722221875 0.8975308640625 0.684722221875 0.8222222218749999 0.647222221875 0.8222222218749999 0.609722221875 0.8222222218749999 0.609722221875 0.8975308640625 0.609722221875 0.97283950625 0.647222221875 0.97283950625 0.684722221875 0.97283950625
0 0.6 0.9209876546875 0.6 0.8432098765625 0.6 0.7654320984375 0.5604166671875 0.7654320984375 0.5208333328125 0.7654320984375 0.5208333328125 0.8432098765625 0.5208333328125 0.9209876546875 0.5604166671875 0.9209876546875 0.6 0.9209876546875
0 0.5083333328124999 0.8740740734375001 0.5083333328124999 0.7802469140625 0.5083333328124999 0.686419753125 0.46458333281249997 0.686419753125 0.42083333281249996 0.686419753125 0.42083333281249996 0.7802469140625 0.42083333281249996 0.8740740734375001 0.46458333281249997 0.8740740734375001 0.5083333328124999 0.8740740734375001
0 0.4 0.8839506171875 0.4 0.79012345625 0.4 0.696296296875 0.35625 0.696296296875 0.3125 0.696296296875 0.3125 0.79012345625 0.3125 0.8839506171875 0.35625 0.8839506171875 0.4 0.8839506171875
0 0.39444444375 1 0.39444444375 0.941975309375 0.39444444375 0.8839506171875 0.3298611109375 0.8839506171875 0.26527777812500003 0.8839506171875 0.26527777812500003 0.941975309375 0.26527777812500003 1 0.3298611109375 1 0.39444444375 1
1 0.7291666671875 0.7481481484375 0.7291666671875 0.6987654328125 0.7291666671875 0.649382715625 0.709722221875 0.649382715625 0.690277778125 0.649382715625 0.690277778125 0.6987654328125 0.690277778125 0.7481481484375 0.709722221875 0.7481481484375 0.7291666671875 0.7481481484375
1 0.627777778125 1 0.627777778125 0.9493827156249999 0.627777778125 0.8987654328125 0.5895833328125 0.8987654328125 0.5513888890625 0.8987654328125 0.5513888890625 0.9493827156249999 0.5513888890625 1 0.5895833328125 1 0.627777778125 1