0 0.3138888890625 0.15555555625 0.3138888890625 0.1074074078125 0.3138888890625 0.059259259375 0.2875 0.059259259375 0.2611111109375 0.059259259375 0.2611111109375 0.1074074078125 0.2611111109375 0.15555555625 0.2875 0.15555555625 0.3138888890625 0.15555555625
0 0.334722221875 0.4469135796875 0.334722221875 0.39382716093750003 0.334722221875 0.340740740625 0.30416666718749996 0.340740740625 0.2736111109375 0.340740740625 0.2736111109375 0.39382716093750003 0.2736111109375 0.4469135796875 0.30416666718749996 0.4469135796875 0.334722221875 0.4469135796875
0 0.28055555625 0.47901234531250003 0.28055555625 0.4395061734375 0.28055555625 0.4 0.2576388890625 0.4 0.23472222187499997 0.4 0.23472222187499997 0.4395061734375 0.23472222187499997 0.47901234531250003 0.2576388890625 0.47901234531250003 0.28055555625 0.47901234531250003
0 0.302777778125 0.36296296250000004 0.302777778125 0.30987654375 0.302777778125 0.25679012343749996 0.2708333328125 0.25679012343749996 0.2388888890625 0.25679012343749996 0.2388888890625 0.30987654375 0.2388888890625 0.36296296250000004 0.2708333328125 0.36296296250000004 0.302777778125 0.36296296250000004
0 0.3125 0.2716049375 0.3125 0.23209876562499998 0.3125 0.1925925921875 0.28472222187499996 0.1925925921875 0.25694444375000003 0.1925925921875 0.25694444375000003 0.23209876562499998 0.25694444375000003 0.2716049375 0.28472222187499996 0.2716049375 0.3125 0.2716049375
0 0.20694444375 0.340740740625 0.20694444375 0.295061728125 0.20694444375 0.249382715625 0.1763888890625 0.249382715625 0.1458333328125 0.249382715625 0.1458333328125 0.295061728125 0.1458333328125 0.340740740625 0.1763888890625 0.340740740625 0.20694444375 0.340740740625
0 0.13055555624999998 0.3111111109375 0.13055555624999998 0.269135803125 0.13055555624999998 0.22716049374999997 0.09652777812499999 0.22716049374999997 0.0625 0.22716049374999997 0.0625 0.269135803125 0.0625 0.3111111109375 0.09652777812499999 0.3111111109375 0.13055555624999998 0.3111111109375
0 0.15 0.5111111109375 0.15 0.449382715625 0.15 0.38765432031249997 0.10833333281249999 0.38765432031249997 0.0666666671875 0.38765432031249997 0.0666666671875 0.449382715625 0.0666666671875 0.5111111109375 0.10833333281249999 0.5111111109375 0.15 0.5111111109375
0 0.3625 0.8740740734375001 0.3625 0.8160493828125001 0.3625 0.758024690625 0.3291666671875 0.758024690625 0.2958333328125 0.758024690625 0.2958333328125 0.8160493828125001 0.2958333328125 0.8740740734375001 0.3291666671875 0.8740740734375001 0.3625 0.8740740734375001
0 0.55694444375 0.59012345625 0.55694444375 0.5271604937500001 0.55694444375 0.46419753124999996 0.5125 0.46419753124999996 0.46805555625000006 0.46419753124999996 0.46805555625000006 0.5271604937500001 0.46805555625000006 0.59012345625 0.5125 0.59012345625 0.55694444375 0.59012345625
0 0.64305555625 0.1530864203125 0.64305555625 0.1283950625 0.64305555625 0.10370370312499999 0.625 0.10370370312499999 0.60694444375 0.10370370312499999 0.60694444375 0.1283950625 0.60694444375 0.1530864203125 0.625 0.1530864203125 0.64305555625 0.1530864203125
0 1 0.24197530937499998 0.9875 0.24197530937499998 0.975 0.24197530937499998 0.975 0.2876543203125 0.975 0.3333333328125 0.9875 0.3333333328125 1 0.3333333328125 1 0.2876543203125 1 0.24197530937499998
0 0.83194444375 0.3111111109375 0.83194444375 0.2716049375 0.83194444375 0.23209876562499998 0.8104166671874999 0.23209876562499998 0.7888888890625 0.23209876562499998 0.7888888890625 0.2716049375 0.7888888890625 0.3111111109375 0.8104166671874999 0.3111111109375 0.83194444375 0.3111111109375
0 0.6263888890625 0.7382716046875 0.6263888890625 0.6790123453125 0.6263888890625 0.6197530859375 0.590972221875 0.6197530859375 0.5555555562500001 0.6197530859375 0.5555555562500001 0.6790123453125 0.5555555562500001 0.7382716046875 0.590972221875 0.7382716046875 0.6263888890625 0.7382716046875