0 0.5458333328125 0.323456790625 0.5458333328125 0.276543209375 0.5458333328125 0.2296296296875 0.5201388890625 0.2296296296875 0.49444444374999996 0.2296296296875 0.49444444374999996 0.276543209375 0.49444444374999996 0.323456790625 0.5201388890625 0.323456790625 0.5458333328125 0.323456790625
0 0.5763888890625 0.2938271609375 0.5763888890625 0.2629629625 0.5763888890625 0.23209876562499998 0.55625 0.23209876562499998 0.5361111109375 0.23209876562499998 0.5361111109375 0.2629629625 0.5361111109375 0.2938271609375 0.55625 0.2938271609375 0.5763888890625 0.2938271609375
3 0.9930555562500001 0.3333333328125 0.9930555562500001 0.2629629625 0.9930555562500001 0.1925925921875 0.9618055562500001 0.1925925921875 0.9305555562500001 0.1925925921875 0.9305555562500001 0.2629629625 0.9305555562500001 0.3333333328125 0.9618055562500001 0.3333333328125 0.9930555562500001 0.3333333328125
0 0.652777778125 0.23209876562499998 0.652777778125 0.19135802500000001 0.652777778125 0.150617284375 0.627777778125 0.150617284375 0.602777778125 0.150617284375 0.602777778125 0.19135802500000001 0.602777778125 0.23209876562499998 0.627777778125 0.23209876562499998 0.652777778125 0.23209876562499998
0 0.690277778125 0.1876543203125 0.690277778125 0.1604938265625 0.690277778125 0.13333333281249998 0.66805555625 0.13333333281249998 0.6458333328125 0.13333333281249998 0.6458333328125 0.1604938265625 0.6458333328125 0.1876543203125 0.66805555625 0.1876543203125 0.690277778125 0.1876543203125
0 0.7611111109375 0.21728394999999998 0.7611111109375 0.17901234531250002 0.7611111109375 0.140740740625 0.7326388890625 0.140740740625 0.7041666671875 0.140740740625 0.7041666671875 0.17901234531250002 0.7041666671875 0.21728394999999998 0.7326388890625 0.21728394999999998 0.7611111109375 0.21728394999999998
0 0.8 0.30123456718749997 0.8 0.2518518515625 0.8 0.20246913593750002 0.775 0.20246913593750002 0.75 0.20246913593750002 0.75 0.2518518515625 0.75 0.30123456718749997 0.775 0.30123456718749997 0.8 0.30123456718749997
0 0.652777778125 0.77283950625 0.652777778125 0.6753086421875001 0.652777778125 0.577777778125 0.6256944437499999 0.577777778125 0.5986111109375 0.577777778125 0.5986111109375 0.6753086421875001 0.5986111109375 0.77283950625 0.6256944437499999 0.77283950625 0.652777778125 0.77283950625
0 0.7833333328125 0.6567901234375 0.7833333328125 0.5530864203125 0.7833333328125 0.449382715625 0.7236111109375 0.449382715625 0.6638888890625 0.449382715625 0.6638888890625 0.5530864203125 0.6638888890625 0.6567901234375 0.7236111109375 0.6567901234375 0.7833333328125 0.6567901234375
0 0.8763888890624999 0.8024691359375 0.8763888890624999 0.703703703125 0.8763888890624999 0.604938271875 0.815277778125 0.604938271875 0.7541666671875 0.604938271875 0.7541666671875 0.703703703125 0.7541666671875 0.8024691359375 0.815277778125 0.8024691359375 0.8763888890624999 0.8024691359375
0 0.45277777812500003 0.8246913578124999 0.45277777812500003 0.7061728390625001 0.45277777812500003 0.5876543203125 0.3861111109375 0.5876543203125 0.31944444375000003 0.5876543203125 0.31944444375000003 0.7061728390625001 0.31944444375000003 0.8246913578124999 0.3861111109375 0.8246913578124999 0.45277777812500003 0.8246913578124999
0 0.2486111109375 1 0.2486111109375 0.9604938265625 0.2486111109375 0.9209876546875 0.18125 0.9209876546875 0.11388888906250001 0.9209876546875 0.11388888906250001 0.9604938265625 0.11388888906250001 1 0.18125 1 0.2486111109375 1