1 0.1986111109375 0.4074074078125 0.1986111109375 0.3654320984375 0.1986111109375 0.323456790625 0.1201388890625 0.323456790625 0.0416666671875 0.323456790625 0.0416666671875 0.3654320984375 0.0416666671875 0.4074074078125 0.1201388890625 0.4074074078125 0.1986111109375 0.4074074078125
3 0.80694444375 0.20987654375 0.80694444375 0.1716049375 0.80694444375 0.13333333281249998 0.7805555562500001 0.13333333281249998 0.7541666671875 0.13333333281249998 0.7541666671875 0.1716049375 0.7541666671875 0.20987654375 0.7805555562500001 0.20987654375 0.80694444375 0.20987654375
3 0.840277778125 0.2469135796875 0.840277778125 0.2123456796875 0.840277778125 0.177777778125 0.81805555625 0.177777778125 0.7958333328125 0.177777778125 0.7958333328125 0.2123456796875 0.7958333328125 0.2469135796875 0.81805555625 0.2469135796875 0.840277778125 0.2469135796875
0 0.8680555562500001 0.11851851875 0.8680555562500001 0.08271605 0.8680555562500001 0.0469135796875 0.8451388890624999 0.0469135796875 0.8222222218749999 0.0469135796875 0.8222222218749999 0.08271605 0.8222222218749999 0.11851851875 0.8451388890624999 0.11851851875 0.8680555562500001 0.11851851875
0 0.5166666671875 0.06419753125 0.5166666671875 0.0333333328125 0.5166666671875 0.0024691359375 0.4861111109375 0.0024691359375 0.45555555625000005 0.0024691359375 0.45555555625000005 0.0333333328125 0.45555555625000005 0.06419753125 0.4861111109375 0.06419753125 0.5166666671875 0.06419753125
0 0.5888888890625 0.1604938265625 0.5888888890625 0.1123456796875 0.5888888890625 0.06419753125 0.5618055562500001 0.06419753125 0.534722221875 0.06419753125 0.534722221875 0.1123456796875 0.534722221875 0.1604938265625 0.5618055562500001 0.1604938265625 0.5888888890625 0.1604938265625
0 0.6541666671875 0.0740740734375 0.6541666671875 0.0382716046875 0.6541666671875 0.0024691359375 0.6208333328125 0.0024691359375 0.5875 0.0024691359375 0.5875 0.0382716046875 0.5875 0.0740740734375 0.6208333328125 0.0740740734375 0.6541666671875 0.0740740734375
0 0.8430555562500001 0.1851851859375 0.8430555562500001 0.15555555625 0.8430555562500001 0.12592592656249998 0.8229166671874999 0.12592592656249998 0.8027777781250001 0.12592592656249998 0.8027777781250001 0.15555555625 0.8027777781250001 0.1851851859375 0.8229166671874999 0.1851851859375 0.8430555562500001 0.1851851859375
0 0.9055555562500001 0.22716049374999997 0.9055555562500001 0.1925925921875 0.9055555562500001 0.158024690625 0.88055555625 0.158024690625 0.85555555625 0.158024690625 0.85555555625 0.1925925921875 0.85555555625 0.22716049374999997 0.88055555625 0.22716049374999997 0.9055555562500001 0.22716049374999997
0 0.89444444375 0.3111111109375 0.89444444375 0.2716049375 0.89444444375 0.23209876562499998 0.86875 0.23209876562499998 0.8430555562500001 0.23209876562499998 0.8430555562500001 0.2716049375 0.8430555562500001 0.3111111109375 0.86875 0.3111111109375 0.89444444375 0.3111111109375
0 1 0.36296296250000004 0.9680555562500001 0.36296296250000004 0.9361111109375001 0.36296296250000004 0.9361111109375001 0.4209876546875 0.9361111109375001 0.47901234531250003 0.9680555562500001 0.47901234531250003 1 0.47901234531250003 1 0.4209876546875 1 0.36296296250000004
0 0.40833333281249995 0.31851851875000003 0.40833333281249995 0.2296296296875 0.40833333281249995 0.140740740625 0.3604166671875 0.140740740625 0.3125 0.140740740625 0.3125 0.2296296296875 0.3125 0.31851851875000003 0.3604166671875 0.31851851875000003 0.40833333281249995 0.31851851875000003
0 0.3166666671875 0.3604938265625 0.3166666671875 0.30123456718749997 0.3166666671875 0.24197530937499998 0.28125 0.24197530937499998 0.24583333281250003 0.24197530937499998 0.24583333281250003 0.30123456718749997 0.24583333281250003 0.3604938265625 0.28125 0.3604938265625 0.3166666671875 0.3604938265625
0 0.309722221875 0.49382716093749995 0.309722221875 0.42592592656250006 0.309722221875 0.35802469062500003 0.26805555625 0.35802469062500003 0.22638888906250001 0.35802469062500003 0.22638888906250001 0.42592592656250006 0.22638888906250001 0.49382716093749995 0.26805555625 0.49382716093749995 0.309722221875 0.49382716093749995
0 0.08333333281250001 0.36296296250000004 0.08333333281250001 0.286419753125 0.08333333281250001 0.20987654375 0.0423611109375 0.20987654375 0.0013888890625 0.20987654375 0.0013888890625 0.286419753125 0.0013888890625 0.36296296250000004 0.0423611109375 0.36296296250000004 0.08333333281250001 0.36296296250000004
3 0.6333333328124999 0.432098765625 0.6333333328124999 0.3481481484375 0.6333333328124999 0.26419753125 0.58125 0.26419753125 0.5291666671875 0.26419753125 0.5291666671875 0.3481481484375 0.5291666671875 0.432098765625 0.58125 0.432098765625 0.6333333328124999 0.432098765625
2 0.23333333281250002 0.5753086421875 0.23333333281250002 0.5345679015625 0.23333333281250002 0.49382716093749995 0.20277777812500003 0.49382716093749995 0.172222221875 0.49382716093749995 0.172222221875 0.5345679015625 0.172222221875 0.5753086421875 0.20277777812500003 0.5753086421875 0.23333333281250002 0.5753086421875
3 0.33055555625 0.6888888890625 0.33055555625 0.6061728390625001 0.33055555625 0.523456790625 0.284027778125 0.523456790625 0.2375 0.523456790625 0.2375 0.6061728390625001 0.2375 0.6888888890625 0.284027778125 0.6888888890625 0.33055555625 0.6888888890625