0 0.24722222187499998 0.5283950625 0.24722222187499998 0.486419753125 0.24722222187499998 0.44444444375 0.22152777812500002 0.44444444375 0.19583333281249998 0.44444444375 0.19583333281249998 0.486419753125 0.19583333281249998 0.5283950625 0.22152777812500002 0.5283950625 0.24722222187499998 0.5283950625
3 1 0.491358025 0.952777778125 0.491358025 0.9055555562500001 0.491358025 0.9055555562500001 0.5604938265625 0.9055555562500001 0.6296296296875 0.952777778125 0.6296296296875 1 0.6296296296875 1 0.5604938265625 1 0.491358025
3 0.6208333328125 1 0.6208333328125 0.922222221875 0.6208333328125 0.8444444437499999 0.575 0.8444444437499999 0.5291666671875 0.8444444437499999 0.5291666671875 0.922222221875 0.5291666671875 1 0.575 1 0.6208333328125 1
3 0.4583333328125 0.7283950625 0.4583333328125 0.6802469140625 0.4583333328125 0.632098765625 0.43055555625 0.632098765625 0.40277777812500004 0.632098765625 0.40277777812500004 0.6802469140625 0.40277777812500004 0.7283950625 0.43055555625 0.7283950625 0.4583333328125 0.7283950625
0 0.29722222187499997 0.9259259265625 0.29722222187499997 0.8456790125 0.29722222187499997 0.7654320984375 0.25625 0.7654320984375 0.215277778125 0.7654320984375 0.215277778125 0.8456790125 0.215277778125 0.9259259265625 0.25625 0.9259259265625 0.29722222187499997 0.9259259265625
0 0.3513888890625 0.740740740625 0.3513888890625 0.6851851859375 0.3513888890625 0.6296296296875 0.31319444375 0.6296296296875 0.275 0.6296296296875 0.275 0.6851851859375 0.275 0.740740740625 0.31319444375 0.740740740625 0.3513888890625 0.740740740625
0 0.19583333281249998 0.7530864203125 0.19583333281249998 0.686419753125 0.19583333281249998 0.6197530859375 0.153472221875 0.6197530859375 0.1111111109375 0.6197530859375 0.1111111109375 0.686419753125 0.1111111109375 0.7530864203125 0.153472221875 0.7530864203125 0.19583333281249998 0.7530864203125
0 0.6638888890625 0.6617283953124999 0.6638888890625 0.5975308640625 0.6638888890625 0.5333333328125 0.6298611109375 0.5333333328125 0.5958333328125 0.5333333328125 0.5958333328125 0.5975308640625 0.5958333328125 0.6617283953124999 0.6298611109375 0.6617283953124999 0.6638888890625 0.6617283953124999
0 0.8388888890624999 0.5012345671875 0.8388888890624999 0.449382715625 0.8388888890624999 0.3975308640625 0.815972221875 0.3975308640625 0.79305555625 0.3975308640625 0.79305555625 0.449382715625 0.79305555625 0.5012345671875 0.815972221875 0.5012345671875 0.8388888890624999 0.5012345671875
0 0.8361111109375001 0.3111111109375 0.8361111109375001 0.2604938265625 0.8361111109375001 0.20987654375 0.8048611109375001 0.20987654375 0.7736111109375 0.20987654375 0.7736111109375 0.2604938265625 0.7736111109375 0.3111111109375 0.8048611109375001 0.3111111109375 0.8361111109375001 0.3111111109375
0 0.22638888906250001 0.42469135781249995 0.22638888906250001 0.35555555625 0.22638888906250001 0.286419753125 0.184722221875 0.286419753125 0.14305555625 0.286419753125 0.14305555625 0.35555555625 0.14305555625 0.42469135781249995 0.184722221875 0.42469135781249995 0.22638888906250001 0.42469135781249995
0 0.715277778125 0.1629629625 0.715277778125 0.11728395 0.715277778125 0.0716049375 0.69305555625 0.0716049375 0.6708333328125 0.0716049375 0.6708333328125 0.11728395 0.6708333328125 0.1629629625 0.69305555625 0.1629629625 0.715277778125 0.1629629625
0 0.6458333328125 0.1703703703125 0.6458333328125 0.132098765625 0.6458333328125 0.0938271609375 0.6201388890625 0.0938271609375 0.5944444437499999 0.0938271609375 0.5944444437499999 0.132098765625 0.5944444437499999 0.1703703703125 0.6201388890625 0.1703703703125 0.6458333328125 0.1703703703125
0 0.5763888890625 0.1851851859375 0.5763888890625 0.15555555625 0.5763888890625 0.12592592656249998 0.5527777781250001 0.12592592656249998 0.5291666671875 0.12592592656249998 0.5291666671875 0.15555555625 0.5291666671875 0.1851851859375 0.5527777781250001 0.1851851859375 0.5763888890625 0.1851851859375
0 0.5513888890625 0.1481481484375 0.5513888890625 0.11604938281249999 0.5513888890625 0.08395061718749999 0.527777778125 0.08395061718749999 0.5041666671875 0.08395061718749999 0.5041666671875 0.11604938281249999 0.5041666671875 0.1481481484375 0.527777778125 0.1481481484375 0.5513888890625 0.1481481484375
0 0.38194444375000003 0.091358025 0.38194444375000003 0.06913580312499999 0.38194444375000003 0.0469135796875 0.3583333328125 0.0469135796875 0.334722221875 0.0469135796875 0.334722221875 0.06913580312499999 0.334722221875 0.091358025 0.3583333328125 0.091358025 0.38194444375000003 0.091358025
1 0.534722221875 0.25679012343749996 0.534722221875 0.22839506250000002 0.534722221875 0.2 0.502777778125 0.2 0.47083333281249995 0.2 0.47083333281249995 0.22839506250000002 0.47083333281249995 0.25679012343749996 0.502777778125 0.25679012343749996 0.534722221875 0.25679012343749996
1 0.46666666718750005 0.1481481484375 0.46666666718750005 0.11358024687499998 0.46666666718750005 0.0790123453125 0.43194444374999996 0.0790123453125 0.397222221875 0.0790123453125 0.397222221875 0.11358024687499998 0.397222221875 0.1481481484375 0.43194444374999996 0.1481481484375 0.46666666718750005 0.1481481484375
0 0.047222221875 0.31851851875000003 0.047222221875 0.286419753125 0.047222221875 0.2543209875 0.02430555625 0.2543209875 0.0013888890625 0.2543209875 0.0013888890625 0.286419753125 0.0013888890625 0.31851851875000003 0.02430555625 0.31851851875000003 0.047222221875 0.31851851875000003
0 0.0333333328125 0.2469135796875 0.0333333328125 0.19135802500000001 0.0333333328125 0.13580246875 0.0173611109375 0.13580246875 0.0013888890625 0.13580246875 0.0013888890625 0.19135802500000001 0.0013888890625 0.2469135796875 0.0173611109375 0.2469135796875 0.0333333328125 0.2469135796875