3 0.2388888890625 0.35555555625 0.2388888890625 0.24814814843750002 0.2388888890625 0.140740740625 0.17430555625 0.140740740625 0.109722221875 0.140740740625 0.109722221875 0.24814814843750002 0.109722221875 0.35555555625 0.17430555625 0.35555555625 0.2388888890625 0.35555555625
3 1 0.8790123453125 0.9388888890624999 0.8790123453125 0.877777778125 0.8790123453125 0.877777778125 0.9395061734375 0.877777778125 1 0.9388888890624999 1 1 1 1 0.9395061734375 1 0.8790123453125
0 0.702777778125 0.034567901562499996 0.702777778125 0.018518518749999997 0.702777778125 0.0024691359375 0.68194444375 0.0024691359375 0.6611111109375 0.0024691359375 0.6611111109375 0.018518518749999997 0.6611111109375 0.034567901562499996 0.68194444375 0.034567901562499996 0.702777778125 0.034567901562499996
0 0.6375 0.15555555625 0.6375 0.10370370312499999 0.6375 0.051851851562499995 0.609722221875 0.051851851562499995 0.58194444375 0.051851851562499995 0.58194444375 0.10370370312499999 0.58194444375 0.15555555625 0.609722221875 0.15555555625 0.6375 0.15555555625
0 0.7805555562500001 0.24197530937499998 0.7805555562500001 0.176543209375 0.7805555562500001 0.1111111109375 0.7513888890625 0.1111111109375 0.722222221875 0.1111111109375 0.722222221875 0.176543209375 0.722222221875 0.24197530937499998 0.7513888890625 0.24197530937499998 0.7805555562500001 0.24197530937499998
0 0.7458333328125 0.46419753124999996 0.7458333328125 0.4024691359375 0.7458333328125 0.340740740625 0.7111111109375 0.340740740625 0.6763888890625 0.340740740625 0.6763888890625 0.4024691359375 0.6763888890625 0.46419753124999996 0.7111111109375 0.46419753124999996 0.7458333328125 0.46419753124999996
0 0.8194444437499999 0.4469135796875 0.8194444437499999 0.386419753125 0.8194444437499999 0.32592592656249997 0.7819444437499999 0.32592592656249997 0.74444444375 0.32592592656249997 0.74444444375 0.386419753125 0.74444444375 0.4469135796875 0.7819444437499999 0.4469135796875 0.8194444437499999 0.4469135796875
0 1 0.6740740734374999 0.975 0.6740740734374999 0.95 0.6740740734374999 0.95 0.723456790625 0.95 0.77283950625 0.975 0.77283950625 1 0.77283950625 1 0.723456790625 1 0.6740740734374999
0 0.977777778125 0.6370370375000001 0.977777778125 0.5802469140625 0.977777778125 0.523456790625 0.9486111109375001 0.523456790625 0.91944444375 0.523456790625 0.91944444375 0.5802469140625 0.91944444375 0.6370370375000001 0.9486111109375001 0.6370370375000001 0.977777778125 0.6370370375000001
0 0.47361111093749997 0.8024691359375 0.47361111093749997 0.70987654375 0.47361111093749997 0.61728395 0.427777778125 0.61728395 0.38194444375000003 0.61728395 0.38194444375000003 0.70987654375 0.38194444375000003 0.8024691359375 0.427777778125 0.8024691359375 0.47361111093749997 0.8024691359375
0 0.2958333328125 0.886419753125 0.2958333328125 0.7790123453125 0.2958333328125 0.6716049374999999 0.23819444375 0.6716049374999999 0.18055555625 0.6716049374999999 0.18055555625 0.7790123453125 0.18055555625 0.886419753125 0.23819444375 0.886419753125 0.2958333328125 0.886419753125