0 0.28055555625 1 0.28055555625 0.9432098765625 0.28055555625 0.886419753125 0.23402777812500003 0.886419753125 0.1875 0.886419753125 0.1875 0.9432098765625 0.1875 1 0.23402777812500003 1 0.28055555625 1
0 0.0736111109375 1 0.0736111109375 0.9518518515625001 0.0736111109375 0.9037037031249999 0.0375 0.9037037031249999 0.0013888890625 0.9037037031249999 0.0013888890625 0.9518518515625001 0.0013888890625 1 0.0375 1 0.0736111109375 1
0 0.1708333328125 0.491358025 0.1708333328125 0.43580246875000006 0.1708333328125 0.3802469140625 0.1375 0.3802469140625 0.1041666671875 0.3802469140625 0.1041666671875 0.43580246875000006 0.1041666671875 0.491358025 0.1375 0.491358025 0.1708333328125 0.491358025
0 0.490277778125 0.5135802468749999 0.490277778125 0.45679012343750003 0.490277778125 0.4 0.46944444374999994 0.4 0.4486111109375 0.4 0.4486111109375 0.45679012343750003 0.4486111109375 0.5135802468749999 0.46944444374999994 0.5135802468749999 0.490277778125 0.5135802468749999
0 0.5736111109375 0.9086419749999999 0.5736111109375 0.8320987656250001 0.5736111109375 0.75555555625 0.534722221875 0.75555555625 0.49583333281249997 0.75555555625 0.49583333281249997 0.8320987656250001 0.49583333281249997 0.9086419749999999 0.534722221875 0.9086419749999999 0.5736111109375 0.9086419749999999
0 0.534722221875 0.3604938265625 0.534722221875 0.323456790625 0.534722221875 0.286419753125 0.5208333328125 0.286419753125 0.5069444437499999 0.286419753125 0.5069444437499999 0.323456790625 0.5069444437499999 0.3604938265625 0.5208333328125 0.3604938265625 0.534722221875 0.3604938265625
0 0.547222221875 0.28148148125 0.547222221875 0.249382715625 0.547222221875 0.21728394999999998 0.5263888890625 0.21728394999999998 0.50555555625 0.21728394999999998 0.50555555625 0.249382715625 0.50555555625 0.28148148125 0.5263888890625 0.28148148125 0.547222221875 0.28148148125
0 0.5861111109375 0.26419753125 0.5861111109375 0.22098765468749998 0.5861111109375 0.177777778125 0.5631944437499999 0.177777778125 0.540277778125 0.177777778125 0.540277778125 0.22098765468749998 0.540277778125 0.26419753125 0.5631944437499999 0.26419753125 0.5861111109375 0.26419753125
0 0.7194444437499999 0.2938271609375 0.7194444437499999 0.2543209875 0.7194444437499999 0.2148148140625 0.69375 0.2148148140625 0.66805555625 0.2148148140625 0.66805555625 0.2543209875 0.66805555625 0.2938271609375 0.69375 0.2938271609375 0.7194444437499999 0.2938271609375
0 1 0.49382716093749995 0.9541666671875 0.49382716093749995 0.9083333328125001 0.49382716093749995 0.9083333328125001 0.586419753125 0.9083333328125001 0.6790123453125 0.9541666671875 0.6790123453125 1 0.6790123453125 1 0.586419753125 1 0.49382716093749995
0 0.9736111109375001 0.9432098765625 0.9736111109375001 0.8320987656250001 0.9736111109375001 0.7209876546875 0.9138888890624999 0.7209876546875 0.8541666671874999 0.7209876546875 0.8541666671874999 0.8320987656250001 0.8541666671874999 0.9432098765625 0.9138888890624999 0.9432098765625 0.9736111109375001 0.9432098765625