1 0.24305555625 0.97283950625 0.24305555625 0.8456790125 0.24305555625 0.7185185187500001 0.1770833328125 0.7185185187500001 0.1111111109375 0.7185185187500001 0.1111111109375 0.8456790125 0.1111111109375 0.97283950625 0.1770833328125 0.97283950625 0.24305555625 0.97283950625
1 0.19583333281249998 0.6716049374999999 0.19583333281249998 0.61728395 0.19583333281249998 0.5629629625 0.140972221875 0.5629629625 0.0861111109375 0.5629629625 0.0861111109375 0.61728395 0.0861111109375 0.6716049374999999 0.140972221875 0.6716049374999999 0.19583333281249998 0.6716049374999999
0 0.675 1 0.675 0.92716049375 0.675 0.8543209875000001 0.6236111109375 0.8543209875000001 0.5722222218749999 0.8543209875000001 0.5722222218749999 0.92716049375 0.5722222218749999 1 0.6236111109375 1 0.675 1
0 1 0.4888888890625 0.9770833328125 0.4888888890625 0.9541666671875 0.4888888890625 0.9541666671875 0.558024690625 0.9541666671875 0.62716049375 0.9770833328125 0.62716049375 1 0.62716049375 1 0.558024690625 1 0.4888888890625
0 0.95694444375 0.649382715625 0.95694444375 0.5876543203125 0.95694444375 0.5259259265625 0.9131944437499999 0.5259259265625 0.86944444375 0.5259259265625 0.86944444375 0.5876543203125 0.86944444375 0.649382715625 0.9131944437499999 0.649382715625 0.95694444375 0.649382715625
0 0.9708333328125001 0.3802469140625 0.9708333328125001 0.308641975 0.9708333328125001 0.2370370375 0.9298611109375001 0.2370370375 0.8888888890625 0.2370370375 0.8888888890625 0.308641975 0.8888888890625 0.3802469140625 0.9298611109375001 0.3802469140625 0.9708333328125001 0.3802469140625
0 0.8638888890624999 0.1876543203125 0.8638888890624999 0.13703703750000001 0.8638888890624999 0.086419753125 0.8361111109375001 0.086419753125 0.8083333328125001 0.086419753125 0.8083333328125001 0.13703703750000001 0.8083333328125001 0.1876543203125 0.8361111109375001 0.1876543203125 0.8638888890624999 0.1876543203125
0 0.815277778125 0.0938271609375 0.815277778125 0.048148148437499996 0.815277778125 0.0024691359375 0.7743055562500001 0.0024691359375 0.7333333328125 0.0024691359375 0.7333333328125 0.048148148437499996 0.7333333328125 0.0938271609375 0.7743055562500001 0.0938271609375 0.815277778125 0.0938271609375
0 0.7861111109375 0.32592592656249997 0.7861111109375 0.2740740734375 0.7861111109375 0.222222221875 0.7569444437499999 0.222222221875 0.727777778125 0.222222221875 0.727777778125 0.2740740734375 0.727777778125 0.32592592656249997 0.7569444437499999 0.32592592656249997 0.7861111109375 0.32592592656249997
0 0.5125 0.24197530937499998 0.5125 0.1888888890625 0.5125 0.13580246875 0.48402777812500003 0.13580246875 0.45555555625000005 0.13580246875 0.45555555625000005 0.1888888890625 0.45555555625000005 0.24197530937499998 0.48402777812500003 0.24197530937499998 0.5125 0.24197530937499998
0 0.477777778125 0.1703703703125 0.477777778125 0.1246913578125 0.477777778125 0.0790123453125 0.45416666718750004 0.0790123453125 0.43055555625 0.0790123453125 0.43055555625 0.1246913578125 0.43055555625 0.1703703703125 0.45416666718750004 0.1703703703125 0.477777778125 0.1703703703125
3 0.42083333281249996 0.61728395 0.42083333281249996 0.522222221875 0.42083333281249996 0.42716049375000004 0.37430555625 0.42716049375000004 0.32777777812500003 0.42716049375000004 0.32777777812500003 0.522222221875 0.32777777812500003 0.61728395 0.37430555625 0.61728395 0.42083333281249996 0.61728395
3 0.11805555625 0.44444444375 0.11805555625 0.3654320984375 0.11805555625 0.286419753125 0.0638888890625 0.286419753125 0.009722221875000001 0.286419753125 0.009722221875000001 0.3654320984375 0.009722221875000001 0.44444444375 0.0638888890625 0.44444444375 0.11805555625 0.44444444375