0 0.925 0.62716049375 0.925 0.5888888890625 0.925 0.550617284375 0.9 0.550617284375 0.875 0.550617284375 0.875 0.5888888890625 0.875 0.62716049375 0.9 0.62716049375 0.925 0.62716049375
1 0.19583333281249998 1 0.19583333281249998 0.950617284375 0.19583333281249998 0.9012345671875 0.11388888906250001 0.9012345671875 0.03194444375 0.9012345671875 0.03194444375 0.950617284375 0.03194444375 1 0.11388888906250001 1 0.19583333281249998 1
1 0.50555555625 0.86419753125 0.50555555625 0.7530864203125 0.50555555625 0.641975309375 0.465972221875 0.641975309375 0.4263888890625 0.641975309375 0.4263888890625 0.7530864203125 0.4263888890625 0.86419753125 0.465972221875 0.86419753125 0.50555555625 0.86419753125
3 0.8916666671875 0.841975309375 0.8916666671875 0.7481481484375 0.8916666671875 0.6543209875 0.8423611109375001 0.6543209875 0.79305555625 0.6543209875 0.79305555625 0.7481481484375 0.79305555625 0.841975309375 0.8423611109375001 0.841975309375 0.8916666671875 0.841975309375
0 0.2833333328125 0.5654320984375001 0.2833333328125 0.46296296249999996 0.2833333328125 0.3604938265625 0.22638888906250001 0.3604938265625 0.16944444375 0.3604938265625 0.16944444375 0.46296296249999996 0.16944444375 0.5654320984375001 0.22638888906250001 0.5654320984375001 0.2833333328125 0.5654320984375001
0 0.4388888890625 0.5333333328125 0.4388888890625 0.44444444375 0.4388888890625 0.35555555625 0.396527778125 0.35555555625 0.3541666671875 0.35555555625 0.3541666671875 0.44444444375 0.3541666671875 0.5333333328125 0.396527778125 0.5333333328125 0.4388888890625 0.5333333328125
0 0.690277778125 1 0.690277778125 0.9444444437499999 0.690277778125 0.8888888890625 0.6395833328125 0.8888888890625 0.5888888890625 0.8888888890625 0.5888888890625 0.9444444437499999 0.5888888890625 1 0.6395833328125 1 0.690277778125 1
0 0.9208333328125 0.5135802468749999 0.9208333328125 0.46296296249999996 0.9208333328125 0.41234567968749997 0.89305555625 0.41234567968749997 0.8652777781250001 0.41234567968749997 0.8652777781250001 0.46296296249999996 0.8652777781250001 0.5135802468749999 0.89305555625 0.5135802468749999 0.9208333328125 0.5135802468749999
0 0.7833333328125 0.2987654328125 0.7833333328125 0.2395061734375 0.7833333328125 0.18024691406249999 0.7486111109375 0.18024691406249999 0.7138888890625 0.18024691406249999 0.7138888890625 0.2395061734375 0.7138888890625 0.2987654328125 0.7486111109375 0.2987654328125 0.7833333328125 0.2987654328125
0 0.7083333328125 0.303703703125 0.7083333328125 0.2432098765625 0.7083333328125 0.18271605 0.6763888890625 0.18271605 0.64444444375 0.18271605 0.64444444375 0.2432098765625 0.64444444375 0.303703703125 0.6763888890625 0.303703703125 0.7083333328125 0.303703703125
0 0.772222221875 0.10864197499999999 0.772222221875 0.055555556250000006 0.772222221875 0.0024691359375 0.7375 0.0024691359375 0.702777778125 0.0024691359375 0.702777778125 0.055555556250000006 0.702777778125 0.10864197499999999 0.7375 0.10864197499999999 0.772222221875 0.10864197499999999
0 0.9791666671874999 0.795061728125 0.9791666671874999 0.7469135796875 0.9791666671874999 0.6987654328125 0.95694444375 0.6987654328125 0.934722221875 0.6987654328125 0.934722221875 0.7469135796875 0.934722221875 0.795061728125 0.95694444375 0.795061728125 0.9791666671874999 0.795061728125
3 0.252777778125 0.1061728390625 0.252777778125 0.054320987499999994 0.252777778125 0.0024691359375 0.190277778125 0.0024691359375 0.127777778125 0.0024691359375 0.127777778125 0.054320987499999994 0.127777778125 0.1061728390625 0.190277778125 0.1061728390625 0.252777778125 0.1061728390625