1 0.45694444375 0.540740740625 0.45694444375 0.5074074078125 0.45694444375 0.47407407343749997 0.409027778125 0.47407407343749997 0.3611111109375 0.47407407343749997 0.3611111109375 0.5074074078125 0.3611111109375 0.540740740625 0.409027778125 0.540740740625 0.45694444375 0.540740740625
0 0.026388889062499997 0.2296296296875 0.026388889062499997 0.1703703703125 0.026388889062499997 0.1111111109375 0.013888889062500001 0.1111111109375 0.0013888890625 0.1111111109375 0.0013888890625 0.1703703703125 0.0013888890625 0.2296296296875 0.013888889062500001 0.2296296296875 0.026388889062499997 0.2296296296875
0 0.20972222187499998 0.24197530937499998 0.20972222187499998 0.19135802500000001 0.20972222187499998 0.140740740625 0.1854166671875 0.140740740625 0.1611111109375 0.140740740625 0.1611111109375 0.19135802500000001 0.1611111109375 0.24197530937499998 0.1854166671875 0.24197530937499998 0.20972222187499998 0.24197530937499998
0 0.42083333281249996 0.13333333281249998 0.42083333281249996 0.091358025 0.42083333281249996 0.049382715625000004 0.39791666718749996 0.049382715625000004 0.375 0.049382715625000004 0.375 0.091358025 0.375 0.13333333281249998 0.39791666718749996 0.13333333281249998 0.42083333281249996 0.13333333281249998
0 0.5916666671875 0.20987654375 0.5916666671875 0.1753086421875 0.5916666671875 0.140740740625 0.5708333328124999 0.140740740625 0.55 0.140740740625 0.55 0.1753086421875 0.55 0.20987654375 0.5708333328124999 0.20987654375 0.5916666671875 0.20987654375
0 0.515277778125 0.3703703703125 0.515277778125 0.3246913578125 0.515277778125 0.2790123453125 0.49513888906250003 0.2790123453125 0.475 0.2790123453125 0.475 0.3246913578125 0.475 0.3703703703125 0.49513888906250003 0.3703703703125 0.515277778125 0.3703703703125
0 0.47361111093749997 0.38765432031249997 0.47361111093749997 0.33580246874999997 0.47361111093749997 0.28395061718750003 0.440277778125 0.28395061718750003 0.40694444374999994 0.28395061718750003 0.40694444374999994 0.33580246874999997 0.40694444374999994 0.38765432031249997 0.440277778125 0.38765432031249997 0.47361111093749997 0.38765432031249997
0 0.4791666671875 0.46419753124999996 0.4791666671875 0.42345679062499997 0.4791666671875 0.38271605000000003 0.4548611109375 0.38271605000000003 0.43055555625 0.38271605000000003 0.43055555625 0.42345679062499997 0.43055555625 0.46419753124999996 0.4548611109375 0.46419753124999996 0.4791666671875 0.46419753124999996
0 0.35694444375 0.5209876546875 0.35694444375 0.46790123437500003 0.35694444375 0.4148148140625 0.3270833328125 0.4148148140625 0.29722222187499997 0.4148148140625 0.29722222187499997 0.46790123437500003 0.29722222187499997 0.5209876546875 0.3270833328125 0.5209876546875 0.35694444375 0.5209876546875
0 0.3263888890625 0.45185185156249996 0.3263888890625 0.4 0.3263888890625 0.3481481484375 0.29652777812500003 0.3481481484375 0.2666666671875 0.3481481484375 0.2666666671875 0.4 0.2666666671875 0.45185185156249996 0.29652777812500003 0.45185185156249996 0.3263888890625 0.45185185156249996
0 0.5875 0.8543209875000001 0.5875 0.804938271875 0.5875 0.75555555625 0.553472221875 0.75555555625 0.51944444375 0.75555555625 0.51944444375 0.804938271875 0.51944444375 0.8543209875000001 0.553472221875 0.8543209875000001 0.5875 0.8543209875000001