0 1 0.26419753125 0.9618055562500001 0.26419753125 0.9236111109375 0.26419753125 0.9236111109375 0.3432098765625 0.9236111109375 0.42222222187499997 0.9618055562500001 0.42222222187499997 1 0.42222222187499997 1 0.3432098765625 1 0.26419753125
0 0.5555555562500001 0.12592592656249998 0.5555555562500001 0.0925925921875 0.5555555562500001 0.059259259375 0.540277778125 0.059259259375 0.525 0.059259259375 0.525 0.0925925921875 0.525 0.12592592656249998 0.540277778125 0.12592592656249998 0.5555555562500001 0.12592592656249998
0 0.5930555562500001 0.05679012343749999 0.5930555562500001 0.0296296296875 0.5930555562500001 0.0024691359375 0.578472221875 0.0024691359375 0.5638888890625 0.0024691359375 0.5638888890625 0.0296296296875 0.5638888890625 0.05679012343749999 0.578472221875 0.05679012343749999 0.5930555562500001 0.05679012343749999
0 0.5555555562500001 0.24197530937499998 0.5555555562500001 0.186419753125 0.5555555562500001 0.130864196875 0.5319444437499999 0.130864196875 0.5083333328124999 0.130864196875 0.5083333328124999 0.186419753125 0.5083333328124999 0.24197530937499998 0.5319444437499999 0.24197530937499998 0.5555555562500001 0.24197530937499998
0 0.7736111109375 0.7703703703125 0.7736111109375 0.6925925921875 0.7736111109375 0.6148148140624999 0.7326388890625 0.6148148140624999 0.6916666671875 0.6148148140624999 0.6916666671875 0.6925925921875 0.6916666671875 0.7703703703125 0.7326388890625 0.7703703703125 0.7736111109375 0.7703703703125
0 0.6416666671875 0.5061728390625 0.6416666671875 0.440740740625 0.6416666671875 0.3753086421875 0.5979166671875 0.3753086421875 0.5541666671875001 0.3753086421875 0.5541666671875001 0.440740740625 0.5541666671875001 0.5061728390625 0.5979166671875 0.5061728390625 0.6416666671875 0.5061728390625
0 0.9361111109375001 1 0.9361111109375001 0.9382716046875 0.9361111109375001 0.8765432093750001 0.89305555625 0.8765432093750001 0.85 0.8765432093750001 0.85 0.9382716046875 0.85 1 0.89305555625 1 0.9361111109375001 1
0 0.7861111109375 0.9259259265625 0.7861111109375 0.8629629624999999 0.7861111109375 0.8 0.7430555562500001 0.8 0.7 0.8 0.7 0.8629629624999999 0.7 0.9259259265625 0.7430555562500001 0.9259259265625 0.7861111109375 0.9259259265625
0 0.259722221875 0.249382715625 0.259722221875 0.1925925921875 0.259722221875 0.13580246875 0.22916666718749998 0.13580246875 0.1986111109375 0.13580246875 0.1986111109375 0.1925925921875 0.1986111109375 0.249382715625 0.22916666718749998 0.249382715625 0.259722221875 0.249382715625
0 0.21805555625 0.659259259375 0.21805555625 0.60987654375 0.21805555625 0.5604938265625 0.18402777812499999 0.5604938265625 0.15 0.5604938265625 0.15 0.60987654375 0.15 0.659259259375 0.18402777812499999 0.659259259375 0.21805555625 0.659259259375
0 0.16388888906250001 0.795061728125 0.16388888906250001 0.7283950625 0.16388888906250001 0.6617283953124999 0.11319444375000001 0.6617283953124999 0.0625 0.6617283953124999 0.0625 0.7283950625 0.0625 0.795061728125 0.11319444375000001 0.795061728125 0.16388888906250001 0.795061728125