1 0.6583333328125 1 0.6583333328125 0.9123456796875 0.6583333328125 0.8246913578124999 0.6006944437499999 0.8246913578124999 0.54305555625 0.8246913578124999 0.54305555625 0.9123456796875 0.54305555625 1 0.6006944437499999 1 0.6583333328125 1
1 0.70555555625 0.950617284375 0.70555555625 0.8654320984374999 0.70555555625 0.7802469140625 0.6583333328125 0.7802469140625 0.6111111109375 0.7802469140625 0.6111111109375 0.8654320984374999 0.6111111109375 0.950617284375 0.6583333328125 0.950617284375 0.70555555625 0.950617284375
2 0.80694444375 0.5555555562500001 0.80694444375 0.51728395 0.80694444375 0.47901234531250003 0.7826388890625 0.47901234531250003 0.7583333328124999 0.47901234531250003 0.7583333328124999 0.51728395 0.7583333328124999 0.5555555562500001 0.7826388890625 0.5555555562500001 0.80694444375 0.5555555562500001
1 0.48194444374999995 0.1283950625 0.48194444374999995 0.08518518593749999 0.48194444374999995 0.041975309375 0.459722221875 0.041975309375 0.4375 0.041975309375 0.4375 0.08518518593749999 0.4375 0.1283950625 0.459722221875 0.1283950625 0.48194444374999995 0.1283950625
0 0.2388888890625 0.076543209375 0.2388888890625 0.0395061734375 0.2388888890625 0.0024691359375 0.20486111093749998 0.0024691359375 0.1708333328125 0.0024691359375 0.1708333328125 0.0395061734375 0.1708333328125 0.076543209375 0.20486111093749998 0.076543209375 0.2388888890625 0.076543209375
0 0.2958333328125 0.1753086421875 0.2958333328125 0.140740740625 0.2958333328125 0.1061728390625 0.27777777812500004 0.1061728390625 0.259722221875 0.1061728390625 0.259722221875 0.140740740625 0.259722221875 0.1753086421875 0.27777777812500004 0.1753086421875 0.2958333328125 0.1753086421875
0 0.35694444375 0.44197530937499996 0.35694444375 0.3753086421875 0.35694444375 0.308641975 0.322222221875 0.308641975 0.2875 0.308641975 0.2875 0.3753086421875 0.2875 0.44197530937499996 0.322222221875 0.44197530937499996 0.35694444375 0.44197530937499996
0 0.3861111109375 0.2938271609375 0.3861111109375 0.22098765468749998 0.3861111109375 0.1481481484375 0.3458333328125 0.1481481484375 0.30555555624999997 0.1481481484375 0.30555555624999997 0.22098765468749998 0.30555555624999997 0.2938271609375 0.3458333328125 0.2938271609375 0.3861111109375 0.2938271609375
0 0.26944444375 0.6024691359375 0.26944444375 0.54444444375 0.26944444375 0.486419753125 0.23263888906250002 0.486419753125 0.19583333281249998 0.486419753125 0.19583333281249998 0.54444444375 0.19583333281249998 0.6024691359375 0.23263888906250002 0.6024691359375 0.26944444375 0.6024691359375
0 0.309722221875 0.7975308640625001 0.309722221875 0.7123456796875 0.309722221875 0.62716049375 0.26805555625 0.62716049375 0.22638888906250001 0.62716049375 0.22638888906250001 0.7123456796875 0.22638888906250001 0.7975308640625001 0.26805555625 0.7975308640625001 0.309722221875 0.7975308640625001
0 0.12222222187500001 0.896296296875 0.12222222187500001 0.7567901234375001 0.12222222187500001 0.61728395 0.061805556250000004 0.61728395 0.0013888890625 0.61728395 0.0013888890625 0.7567901234375001 0.0013888890625 0.896296296875 0.061805556250000004 0.896296296875 0.12222222187500001 0.896296296875
1 0.30694444375 0.9432098765625 0.30694444375 0.8567901234375 0.30694444375 0.7703703703125 0.23611111093749998 0.7703703703125 0.165277778125 0.7703703703125 0.165277778125 0.8567901234375 0.165277778125 0.9432098765625 0.23611111093749998 0.9432098765625 0.30694444375 0.9432098765625
1 0.49305555625 0.28148148125 0.49305555625 0.223456790625 0.49305555625 0.1654320984375 0.4548611109375 0.1654320984375 0.4166666671875 0.1654320984375 0.4166666671875 0.223456790625 0.4166666671875 0.28148148125 0.4548611109375 0.28148148125 0.49305555625 0.28148148125
1 0.5013888890625 0.3654320984375 0.5013888890625 0.3283950625 0.5013888890625 0.29135802499999996 0.45694444375 0.29135802499999996 0.4125 0.29135802499999996 0.4125 0.3283950625 0.4125 0.3654320984375 0.45694444375 0.3654320984375 0.5013888890625 0.3654320984375