3 0.5722222218749999 0.669135803125 0.5722222218749999 0.5975308640625 0.5722222218749999 0.5259259265625 0.5270833328125 0.5259259265625 0.48194444374999995 0.5259259265625 0.48194444374999995 0.5975308640625 0.48194444374999995 0.669135803125 0.5270833328125 0.669135803125 0.5722222218749999 0.669135803125
3 0.3958333328125 0.8567901234375 0.3958333328125 0.7987654328125 0.3958333328125 0.740740740625 0.3645833328125 0.740740740625 0.3333333328125 0.740740740625 0.3333333328125 0.7987654328125 0.3333333328125 0.8567901234375 0.3645833328125 0.8567901234375 0.3958333328125 0.8567901234375
3 0.2236111109375 0.9629629625 0.2236111109375 0.9135802468750001 0.2236111109375 0.86419753125 0.1895833328125 0.86419753125 0.15555555625 0.86419753125 0.15555555625 0.9135802468750001 0.15555555625 0.9629629625 0.1895833328125 0.9629629625 0.2236111109375 0.9629629625
3 0.18055555625 0.7604938265625 0.18055555625 0.6617283953124999 0.18055555625 0.5629629625 0.11805555625 0.5629629625 0.055555556250000006 0.5629629625 0.055555556250000006 0.6617283953124999 0.055555556250000006 0.7604938265625 0.11805555625 0.7604938265625 0.18055555625 0.7604938265625
0 0.60694444375 0.051851851562499995 0.60694444375 0.027160493749999997 0.60694444375 0.0024691359375 0.5791666671875 0.0024691359375 0.5513888890625 0.0024691359375 0.5513888890625 0.027160493749999997 0.5513888890625 0.051851851562499995 0.5791666671875 0.051851851562499995 0.60694444375 0.051851851562499995
0 0.1208333328125 0.40987654375 0.1208333328125 0.36419753125 0.1208333328125 0.31851851875000003 0.08541666718749999 0.31851851875000003 0.05 0.31851851875000003 0.05 0.36419753125 0.05 0.40987654375 0.08541666718749999 0.40987654375 0.1208333328125 0.40987654375
0 0.0458333328125 0.5703703703125 0.0458333328125 0.5 0.0458333328125 0.4296296296875 0.0236111109375 0.4296296296875 0.0013888890625 0.4296296296875 0.0013888890625 0.5 0.0013888890625 0.5703703703125 0.0236111109375 0.5703703703125 0.0458333328125 0.5703703703125
0 1 0.60987654375 0.9673611109375001 0.60987654375 0.934722221875 0.60987654375 0.934722221875 0.667901234375 0.934722221875 0.7259259265625 0.9673611109375001 0.7259259265625 1 0.7259259265625 1 0.667901234375 1 0.60987654375
0 0.6861111109375 0.432098765625 0.6861111109375 0.3925925921875 0.6861111109375 0.35308642031250004 0.6625 0.35308642031250004 0.6388888890625 0.35308642031250004 0.6388888890625 0.3925925921875 0.6388888890625 0.432098765625 0.6625 0.432098765625 0.6861111109375 0.432098765625
0 0.46944444374999994 0.6148148140624999 0.46944444374999994 0.5666666671875 0.46944444374999994 0.51851851875 0.43402777812500004 0.51851851875 0.3986111109375 0.51851851875 0.3986111109375 0.5666666671875 0.3986111109375 0.6148148140624999 0.43402777812500004 0.6148148140624999 0.46944444374999994 0.6148148140624999
0 0.2138888890625 0.45185185156249996 0.2138888890625 0.386419753125 0.2138888890625 0.3209876546875 0.175 0.3209876546875 0.1361111109375 0.3209876546875 0.1361111109375 0.386419753125 0.1361111109375 0.45185185156249996 0.175 0.45185185156249996 0.2138888890625 0.45185185156249996
0 0.415277778125 0.1111111109375 0.415277778125 0.05679012343749999 0.415277778125 0.0024691359375 0.38125 0.0024691359375 0.34722222187499996 0.0024691359375 0.34722222187499996 0.05679012343749999 0.34722222187499996 0.1111111109375 0.38125 0.1111111109375 0.415277778125 0.1111111109375
0 0.4861111109375 0.18024691406249999 0.4861111109375 0.11728395 0.4861111109375 0.054320987499999994 0.45347222187499997 0.054320987499999994 0.42083333281249996 0.054320987499999994 0.42083333281249996 0.11728395 0.42083333281249996 0.18024691406249999 0.45347222187499997 0.18024691406249999 0.4861111109375 0.18024691406249999
0 0.5722222218749999 0.4716049375 0.5722222218749999 0.41728395 0.5722222218749999 0.36296296250000004 0.5388888890625 0.36296296250000004 0.50555555625 0.36296296250000004 0.50555555625 0.41728395 0.50555555625 0.4716049375 0.5388888890625 0.4716049375 0.5722222218749999 0.4716049375