0 0.5791666671875 0.9925925921875001 0.5791666671875 0.9358024687500001 0.5791666671875 0.8790123453125 0.5513888890625 0.8790123453125 0.5236111109375 0.8790123453125 0.5236111109375 0.9358024687500001 0.5236111109375 0.9925925921875001 0.5513888890625 0.9925925921875001 0.5791666671875 0.9925925921875001
0 0.222222221875 1 0.222222221875 0.9296296296875 0.222222221875 0.859259259375 0.15555555625 0.859259259375 0.0888888890625 0.859259259375 0.0888888890625 0.9296296296875 0.0888888890625 1 0.15555555625 1 0.222222221875 1
0 0.602777778125 0.6296296296875 0.602777778125 0.5790123453125 0.602777778125 0.5283950625 0.56805555625 0.5283950625 0.5333333328125 0.5283950625 0.5333333328125 0.5790123453125 0.5333333328125 0.6296296296875 0.56805555625 0.6296296296875 0.602777778125 0.6296296296875
0 0.3291666671875 0.713580246875 0.3291666671875 0.641975309375 0.3291666671875 0.5703703703125 0.28611111093749997 0.5703703703125 0.24305555625 0.5703703703125 0.24305555625 0.641975309375 0.24305555625 0.713580246875 0.28611111093749997 0.713580246875 0.3291666671875 0.713580246875
0 0.30416666718749996 0.59012345625 0.30416666718749996 0.5382716046875 0.30416666718749996 0.486419753125 0.2673611109375 0.486419753125 0.23055555625 0.486419753125 0.23055555625 0.5382716046875 0.23055555625 0.59012345625 0.2673611109375 0.59012345625 0.30416666718749996 0.59012345625
0 0.16805555625 0.2543209875 0.16805555625 0.2012345671875 0.16805555625 0.1481481484375 0.134722221875 0.1481481484375 0.10138888906250001 0.1481481484375 0.10138888906250001 0.2012345671875 0.10138888906250001 0.2543209875 0.134722221875 0.2543209875 0.16805555625 0.2543209875
0 0.09305555625 0.1061728390625 0.09305555625 0.054320987499999994 0.09305555625 0.0024691359375 0.059027778125 0.0024691359375 0.025 0.0024691359375 0.025 0.054320987499999994 0.025 0.1061728390625 0.059027778125 0.1061728390625 0.09305555625 0.1061728390625
0 0.4125 0.5012345671875 0.4125 0.47283950625 0.4125 0.44444444375 0.3951388890625 0.44444444375 0.377777778125 0.44444444375 0.377777778125 0.47283950625 0.377777778125 0.5012345671875 0.3951388890625 0.5012345671875 0.4125 0.5012345671875
0 0.38194444375000003 0.5851851859375 0.38194444375000003 0.550617284375 0.38194444375000003 0.5160493828125 0.353472221875 0.5160493828125 0.325 0.5160493828125 0.325 0.550617284375 0.325 0.5851851859375 0.353472221875 0.5851851859375 0.38194444375000003 0.5851851859375
0 0.44444444375 0.641975309375 0.44444444375 0.5876543203125 0.44444444375 0.5333333328125 0.41805555625 0.5333333328125 0.3916666671875 0.5333333328125 0.3916666671875 0.5876543203125 0.3916666671875 0.641975309375 0.41805555625 0.641975309375 0.44444444375 0.641975309375
0 0.5986111109375 0.8345679015625 0.5986111109375 0.7876543203125 0.5986111109375 0.740740740625 0.5666666671875 0.740740740625 0.534722221875 0.740740740625 0.534722221875 0.7876543203125 0.534722221875 0.8345679015625 0.5666666671875 0.8345679015625 0.5986111109375 0.8345679015625
0 0.5375 0.40987654375 0.5375 0.38271605000000003 0.5375 0.35555555625 0.5215277781250001 0.35555555625 0.50555555625 0.35555555625 0.50555555625 0.38271605000000003 0.50555555625 0.40987654375 0.5215277781250001 0.40987654375 0.5375 0.40987654375