1 0.6569444437499999 0.8123456796875 0.6569444437499999 0.7703703703125 0.6569444437499999 0.7283950625 0.61319444375 0.7283950625 0.5694444437499999 0.7283950625 0.5694444437499999 0.7703703703125 0.5694444437499999 0.8123456796875 0.61319444375 0.8123456796875 0.6569444437499999 0.8123456796875
1 0.6986111109375 0.6543209875 0.6986111109375 0.5975308640625 0.6986111109375 0.540740740625 0.6388888890625 0.540740740625 0.5791666671875 0.540740740625 0.5791666671875 0.5975308640625 0.5791666671875 0.6543209875 0.6388888890625 0.6543209875 0.6986111109375 0.6543209875
1 0.8083333328125001 0.6197530859375 0.8083333328125001 0.58148148125 0.8083333328125001 0.5432098765625 0.76180555625 0.5432098765625 0.715277778125 0.5432098765625 0.715277778125 0.58148148125 0.715277778125 0.6197530859375 0.76180555625 0.6197530859375 0.8083333328125001 0.6197530859375
1 0.8861111109375001 0.7851851859375001 0.8861111109375001 0.7333333328125 0.8861111109375001 0.68148148125 0.840972221875 0.68148148125 0.7958333328125 0.68148148125 0.7958333328125 0.7333333328125 0.7958333328125 0.7851851859375001 0.840972221875 0.7851851859375001 0.8861111109375001 0.7851851859375001
1 0.6111111109375 0.6123456796875 0.6111111109375 0.549382715625 0.6111111109375 0.486419753125 0.5548611109375 0.486419753125 0.4986111109375 0.486419753125 0.4986111109375 0.549382715625 0.4986111109375 0.6123456796875 0.5548611109375 0.6123456796875 0.6111111109375 0.6123456796875
0 0.14305555625 0.49382716093749995 0.14305555625 0.45679012343750003 0.14305555625 0.4197530859375 0.1111111109375 0.4197530859375 0.0791666671875 0.4197530859375 0.0791666671875 0.45679012343750003 0.0791666671875 0.49382716093749995 0.1111111109375 0.49382716093749995 0.14305555625 0.49382716093749995
0 0.26805555625 0.395061728125 0.26805555625 0.3481481484375 0.26805555625 0.30123456718749997 0.24305555625 0.30123456718749997 0.21805555625 0.30123456718749997 0.21805555625 0.3481481484375 0.21805555625 0.395061728125 0.24305555625 0.395061728125 0.26805555625 0.395061728125
0 0.725 0.3481481484375 0.725 0.28271605 0.725 0.21728394999999998 0.6875 0.21728394999999998 0.65 0.21728394999999998 0.65 0.28271605 0.65 0.3481481484375 0.6875 0.3481481484375 0.725 0.3481481484375
0 0.5083333328124999 0.38765432031249997 0.5083333328124999 0.3296296296875 0.5083333328124999 0.2716049375 0.4763888890625 0.2716049375 0.44444444375 0.2716049375 0.44444444375 0.3296296296875 0.44444444375 0.38765432031249997 0.4763888890625 0.38765432031249997 0.5083333328124999 0.38765432031249997
0 0.5097222218749999 0.1654320984375 0.5097222218749999 0.12592592656249998 0.5097222218749999 0.086419753125 0.4895833328125 0.086419753125 0.46944444374999994 0.086419753125 0.46944444374999994 0.12592592656249998 0.46944444374999994 0.1654320984375 0.4895833328125 0.1654320984375 0.5097222218749999 0.1654320984375
0 0.559722221875 0.0666666671875 0.559722221875 0.034567901562499996 0.559722221875 0.0024691359375 0.5375 0.0024691359375 0.515277778125 0.0024691359375 0.515277778125 0.034567901562499996 0.515277778125 0.0666666671875 0.5375 0.0666666671875 0.559722221875 0.0666666671875
0 0.4138888890625 0.18271605 0.4138888890625 0.141975309375 0.4138888890625 0.10123456718749999 0.3895833328125 0.10123456718749999 0.365277778125 0.10123456718749999 0.365277778125 0.141975309375 0.365277778125 0.18271605 0.3895833328125 0.18271605 0.4138888890625 0.18271605
0 0.48194444374999995 0.049382715625000004 0.48194444374999995 0.0259259265625 0.48194444374999995 0.0024691359375 0.4583333328125 0.0024691359375 0.434722221875 0.0024691359375 0.434722221875 0.0259259265625 0.434722221875 0.049382715625000004 0.4583333328125 0.049382715625000004 0.48194444374999995 0.049382715625000004
0 0.30416666718749996 0.2296296296875 0.30416666718749996 0.19012345625 0.30416666718749996 0.150617284375 0.27430555624999997 0.150617284375 0.24444444375000002 0.150617284375 0.24444444375000002 0.19012345625 0.24444444375000002 0.2296296296875 0.27430555624999997 0.2296296296875 0.30416666718749996 0.2296296296875
0 0.3986111109375 0.091358025 0.3986111109375 0.049382715625000004 0.3986111109375 0.0074074078125 0.375 0.0074074078125 0.3513888890625 0.0074074078125 0.3513888890625 0.049382715625000004 0.3513888890625 0.091358025 0.375 0.091358025 0.3986111109375 0.091358025
0 1 0.5555555562500001 0.9444444437499999 0.5555555562500001 0.8888888890625 0.5555555562500001 0.8888888890625 0.641975309375 0.8888888890625 0.7283950625 0.9444444437499999 0.7283950625 1 0.7283950625 1 0.641975309375 1 0.5555555562500001