0 0.11805555625 1 0.11805555625 0.9703703703125001 0.11805555625 0.940740740625 0.0791666671875 0.940740740625 0.040277778125000004 0.940740740625 0.040277778125000004 0.9703703703125001 0.040277778125000004 1 0.0791666671875 1 0.11805555625 1
0 0.33055555625 0.75555555625 0.33055555625 0.7148148140624999 0.33055555625 0.6740740734374999 0.3111111109375 0.6740740734374999 0.2916666671875 0.6740740734374999 0.2916666671875 0.7148148140624999 0.2916666671875 0.75555555625 0.3111111109375 0.75555555625 0.33055555625 0.75555555625
0 0.6263888890625 1 0.6263888890625 0.9629629625 0.6263888890625 0.9259259265625 0.602777778125 0.9259259265625 0.5791666671875 0.9259259265625 0.5791666671875 0.9629629625 0.5791666671875 1 0.602777778125 1 0.6263888890625 1
0 0.43333333281249997 0.7802469140625 0.43333333281249997 0.7333333328125 0.43333333281249997 0.686419753125 0.40555555625000006 0.686419753125 0.377777778125 0.686419753125 0.377777778125 0.7333333328125 0.377777778125 0.7802469140625 0.40555555625000006 0.7802469140625 0.43333333281249997 0.7802469140625
0 0.8708333328125001 0.896296296875 0.8708333328125001 0.8543209875000001 0.8708333328125001 0.8123456796875 0.8451388890624999 0.8123456796875 0.8194444437499999 0.8123456796875 0.8194444437499999 0.8543209875000001 0.8194444437499999 0.896296296875 0.8451388890624999 0.896296296875 0.8708333328125001 0.896296296875
0 0.825 0.86419753125 0.825 0.823456790625 0.825 0.78271605 0.8020833328125001 0.78271605 0.7791666671875 0.78271605 0.7791666671875 0.823456790625 0.7791666671875 0.86419753125 0.8020833328125001 0.86419753125 0.825 0.86419753125
0 0.6333333328124999 0.7061728390625001 0.6333333328124999 0.6716049374999999 0.6333333328124999 0.6370370375000001 0.615972221875 0.6370370375000001 0.5986111109375 0.6370370375000001 0.5986111109375 0.6716049374999999 0.5986111109375 0.7061728390625001 0.615972221875 0.7061728390625001 0.6333333328124999 0.7061728390625001
0 0.6208333328125 0.7432098765624999 0.6208333328125 0.708641975 0.6208333328125 0.6740740734374999 0.6020833328124999 0.6740740734374999 0.5833333328125 0.6740740734374999 0.5833333328125 0.708641975 0.5833333328125 0.7432098765624999 0.6020833328124999 0.7432098765624999 0.6208333328125 0.7432098765624999
0 0.4 0.7111111109375 0.4 0.658024690625 0.4 0.604938271875 0.372222221875 0.604938271875 0.34444444375 0.604938271875 0.34444444375 0.658024690625 0.34444444375 0.7111111109375 0.372222221875 0.7111111109375 0.4 0.7111111109375
0 0.0791666671875 0.8617283953125 0.0791666671875 0.7938271609374999 0.0791666671875 0.7259259265625 0.0451388890625 0.7259259265625 0.0111111109375 0.7259259265625 0.0111111109375 0.7938271609374999 0.0111111109375 0.8617283953125 0.0451388890625 0.8617283953125 0.0791666671875 0.8617283953125
0 0.2138888890625 0.7283950625 0.2138888890625 0.67283950625 0.2138888890625 0.61728395 0.17569444375 0.61728395 0.1375 0.61728395 0.1375 0.67283950625 0.1375 0.7283950625 0.17569444375 0.7283950625 0.2138888890625 0.7283950625
0 0.43333333281249997 0.5555555562500001 0.43333333281249997 0.5246913578125 0.43333333281249997 0.49382716093749995 0.4173611109375 0.49382716093749995 0.40138888906250003 0.49382716093749995 0.40138888906250003 0.5246913578125 0.40138888906250003 0.5555555562500001 0.4173611109375 0.5555555562500001 0.43333333281249997 0.5555555562500001
0 0.41944444374999995 0.5012345671875 0.41944444374999995 0.4753086421875 0.41944444374999995 0.449382715625 0.40277777812500004 0.449382715625 0.3861111109375 0.449382715625 0.3861111109375 0.4753086421875 0.3861111109375 0.5012345671875 0.40277777812500004 0.5012345671875 0.41944444374999995 0.5012345671875
0 0.3791666671875 0.4617283953125 0.3791666671875 0.440740740625 0.3791666671875 0.4197530859375 0.365277778125 0.4197530859375 0.3513888890625 0.4197530859375 0.3513888890625 0.440740740625 0.3513888890625 0.4617283953125 0.365277778125 0.4617283953125 0.3791666671875 0.4617283953125
0 0.3541666671875 0.4716049375 0.3541666671875 0.4469135796875 0.3541666671875 0.42222222187499997 0.33888888906250003 0.42222222187499997 0.3236111109375 0.42222222187499997 0.3236111109375 0.4469135796875 0.3236111109375 0.4716049375 0.33888888906250003 0.4716049375 0.3541666671875 0.4716049375
0 0.30416666718749996 0.49382716093749995 0.30416666718749996 0.46913580312500003 0.30416666718749996 0.44444444375 0.28958333281250004 0.44444444375 0.275 0.44444444375 0.275 0.46913580312500003 0.275 0.49382716093749995 0.28958333281250004 0.49382716093749995 0.30416666718749996 0.49382716093749995
0 0.28194444375 0.49629629687500004 0.28194444375 0.46543209843750005 0.28194444375 0.43456790156249997 0.2645833328125 0.43456790156249997 0.24722222187499998 0.43456790156249997 0.24722222187499998 0.46543209843750005 0.24722222187499998 0.49629629687500004 0.2645833328125 0.49629629687500004 0.28194444375 0.49629629687500004