0 0.5833333328125 0.6395061734375 0.5833333328125 0.5827160499999999 0.5833333328125 0.5259259265625 0.5583333328125 0.5259259265625 0.5333333328125 0.5259259265625 0.5333333328125 0.5827160499999999 0.5333333328125 0.6395061734375 0.5583333328125 0.6395061734375 0.5833333328125 0.6395061734375
0 0.525 0.68148148125 0.525 0.6160493828125 0.525 0.550617284375 0.48472222187499997 0.550617284375 0.44444444375 0.550617284375 0.44444444375 0.6160493828125 0.44444444375 0.68148148125 0.48472222187499997 0.68148148125 0.525 0.68148148125
0 0.46527777812500004 0.7703703703125 0.46527777812500004 0.713580246875 0.46527777812500004 0.6567901234375 0.43055555625 0.6567901234375 0.3958333328125 0.6567901234375 0.3958333328125 0.713580246875 0.3958333328125 0.7703703703125 0.43055555625 0.7703703703125 0.46527777812500004 0.7703703703125
0 0.375 0.88148148125 0.375 0.8135802468750001 0.375 0.7456790125 0.3395833328125 0.7456790125 0.30416666718749996 0.7456790125 0.30416666718749996 0.8135802468750001 0.30416666718749996 0.88148148125 0.3395833328125 0.88148148125 0.375 0.88148148125
0 0.3361111109375 0.795061728125 0.3361111109375 0.723456790625 0.3361111109375 0.6518518515625 0.2979166671875 0.6518518515625 0.259722221875 0.6518518515625 0.259722221875 0.723456790625 0.259722221875 0.795061728125 0.2979166671875 0.795061728125 0.3361111109375 0.795061728125
0 0.672222221875 0.38271605000000003 0.672222221875 0.341975309375 0.672222221875 0.30123456718749997 0.65069444375 0.30123456718749997 0.6291666671875 0.30123456718749997 0.6291666671875 0.341975309375 0.6291666671875 0.38271605000000003 0.65069444375 0.38271605000000003 0.672222221875 0.38271605000000003
0 0.559722221875 0.140740740625 0.559722221875 0.11728395 0.559722221875 0.0938271609375 0.5423611109375 0.0938271609375 0.525 0.0938271609375 0.525 0.11728395 0.525 0.140740740625 0.5423611109375 0.140740740625 0.559722221875 0.140740740625
0 0.45555555625000005 0.37283950625 0.45555555625000005 0.31728395 0.45555555625000005 0.2617283953125 0.42430555625000005 0.2617283953125 0.39305555625 0.2617283953125 0.39305555625 0.31728395 0.39305555625 0.37283950625 0.42430555625000005 0.37283950625 0.45555555625000005 0.37283950625
0 0.40416666718750005 0.24444444375000002 0.40416666718750005 0.1851851859375 0.40416666718750005 0.12592592656249998 0.37013888906250003 0.12592592656249998 0.3361111109375 0.12592592656249998 0.3361111109375 0.1851851859375 0.3361111109375 0.24444444375000002 0.37013888906250003 0.24444444375000002 0.40416666718750005 0.24444444375000002
0 0.1875 0.5259259265625 0.1875 0.4716049375 0.1875 0.41728395 0.15625 0.41728395 0.125 0.41728395 0.125 0.4716049375 0.125 0.5259259265625 0.15625 0.5259259265625 0.1875 0.5259259265625
1 0.4888888890625 0.9135802468750001 0.4888888890625 0.8753086421875 0.4888888890625 0.8370370375 0.44375 0.8370370375 0.3986111109375 0.8370370375 0.3986111109375 0.8753086421875 0.3986111109375 0.9135802468750001 0.44375 0.9135802468750001 0.4888888890625 0.9135802468750001