1 0.7263888890625 0.42469135781249995 0.7263888890625 0.386419753125 0.7263888890625 0.3481481484375 0.690972221875 0.3481481484375 0.6555555562500001 0.3481481484375 0.6555555562500001 0.386419753125 0.6555555562500001 0.42469135781249995 0.690972221875 0.42469135781249995 0.7263888890625 0.42469135781249995
1 0.7416666671875001 0.3753086421875 0.7416666671875001 0.3469135796875 0.7416666671875001 0.31851851875000003 0.6979166671875 0.31851851875000003 0.6541666671875 0.31851851875000003 0.6541666671875 0.3469135796875 0.6541666671875 0.3753086421875 0.6979166671875 0.3753086421875 0.7416666671875001 0.3753086421875
0 0.46805555625000006 0.177777778125 0.46805555625000006 0.1246913578125 0.46805555625000006 0.0716049375 0.43958333281249995 0.0716049375 0.41111111093749997 0.0716049375 0.41111111093749997 0.1246913578125 0.41111111093749997 0.177777778125 0.43958333281249995 0.177777778125 0.46805555625000006 0.177777778125
0 0.490277778125 0.12592592656249998 0.490277778125 0.0876543203125 0.490277778125 0.049382715625000004 0.4701388890625 0.049382715625000004 0.45 0.049382715625000004 0.45 0.0876543203125 0.45 0.12592592656249998 0.4701388890625 0.12592592656249998 0.490277778125 0.12592592656249998
0 0.4986111109375 0.04444444375 0.4986111109375 0.023456790625 0.4986111109375 0.0024691359375 0.477777778125 0.0024691359375 0.45694444375 0.0024691359375 0.45694444375 0.023456790625 0.45694444375 0.04444444375 0.477777778125 0.04444444375 0.4986111109375 0.04444444375
0 0.5125 0.11851851875 0.5125 0.0802469140625 0.5125 0.041975309375 0.497222221875 0.041975309375 0.48194444374999995 0.041975309375 0.48194444374999995 0.0802469140625 0.48194444374999995 0.11851851875 0.497222221875 0.11851851875 0.5125 0.11851851875
0 0.415277778125 0.1654320984375 0.415277778125 0.12098765468749999 0.415277778125 0.076543209375 0.38819444375 0.076543209375 0.3611111109375 0.076543209375 0.3611111109375 0.12098765468749999 0.3611111109375 0.1654320984375 0.38819444375 0.1654320984375 0.415277778125 0.1654320984375
0 0.34027777812500004 0.313580246875 0.34027777812500004 0.2666666671875 0.34027777812500004 0.2197530859375 0.3138888890625 0.2197530859375 0.2875 0.2197530859375 0.2875 0.2666666671875 0.2875 0.313580246875 0.3138888890625 0.313580246875 0.34027777812500004 0.313580246875
0 0.5375 0.48148148125 0.5375 0.43827160468750004 0.5375 0.395061728125 0.5208333328125 0.395061728125 0.5041666671875 0.395061728125 0.5041666671875 0.43827160468750004 0.5041666671875 0.48148148125 0.5208333328125 0.48148148125 0.5375 0.48148148125
0 0.58194444375 0.530864196875 0.58194444375 0.4839506171875 0.58194444375 0.4370370375 0.5548611109375 0.4370370375 0.527777778125 0.4370370375 0.527777778125 0.4839506171875 0.527777778125 0.530864196875 0.5548611109375 0.530864196875 0.58194444375 0.530864196875
0 0.66805555625 0.5950617281249999 0.66805555625 0.54444444375 0.66805555625 0.49382716093749995 0.6291666671875 0.49382716093749995 0.590277778125 0.49382716093749995 0.590277778125 0.54444444375 0.590277778125 0.5950617281249999 0.6291666671875 0.5950617281249999 0.66805555625 0.5950617281249999
0 0.3916666671875 0.8716049375000001 0.3916666671875 0.7987654328125 0.3916666671875 0.7259259265625 0.35208333281250004 0.7259259265625 0.3125 0.7259259265625 0.3125 0.7987654328125 0.3125 0.8716049375000001 0.35208333281250004 0.8716049375000001 0.3916666671875 0.8716049375000001
0 0.2625 0.8395061734375 0.2625 0.70987654375 0.2625 0.5802469140625 0.19444444375 0.5802469140625 0.1263888890625 0.5802469140625 0.1263888890625 0.70987654375 0.1263888890625 0.8395061734375 0.19444444375 0.8395061734375 0.2625 0.8395061734375
3 0.20277777812500003 0.659259259375 0.20277777812500003 0.603703703125 0.20277777812500003 0.5481481484375 0.15 0.5481481484375 0.097222221875 0.5481481484375 0.097222221875 0.603703703125 0.097222221875 0.659259259375 0.15 0.659259259375 0.20277777812500003 0.659259259375