1 0.652777778125 0.923456790625 0.652777778125 0.8481481484375 0.652777778125 0.77283950625 0.634027778125 0.77283950625 0.6152777781250001 0.77283950625 0.6152777781250001 0.8481481484375 0.6152777781250001 0.923456790625 0.634027778125 0.923456790625 0.652777778125 0.923456790625
3 0.42222222187499997 1 0.42222222187499997 0.9629629625 0.42222222187499997 0.9259259265625 0.3951388890625 0.9259259265625 0.36805555624999997 0.9259259265625 0.36805555624999997 0.9629629625 0.36805555624999997 1 0.3951388890625 1 0.42222222187499997 1
0 0.3375 0.8691358031249999 0.3375 0.8358024687500001 0.3375 0.8024691359375 0.3125 0.8024691359375 0.2875 0.8024691359375 0.2875 0.8358024687500001 0.2875 0.8691358031249999 0.3125 0.8691358031249999 0.3375 0.8691358031249999
0 0.23055555625 0.649382715625 0.23055555625 0.613580246875 0.23055555625 0.577777778125 0.19583333281249998 0.577777778125 0.1611111109375 0.577777778125 0.1611111109375 0.613580246875 0.1611111109375 0.649382715625 0.19583333281249998 0.649382715625 0.23055555625 0.649382715625
0 0.325 0.97283950625 0.325 0.9283950624999999 0.325 0.8839506171875 0.29930555625 0.8839506171875 0.2736111109375 0.8839506171875 0.2736111109375 0.9283950624999999 0.2736111109375 0.97283950625 0.29930555625 0.97283950625 0.325 0.97283950625
0 0.365277778125 0.9358024687500001 0.365277778125 0.8901234562499999 0.365277778125 0.8444444437499999 0.34027777812500004 0.8444444437499999 0.315277778125 0.8444444437499999 0.315277778125 0.8901234562499999 0.315277778125 0.9358024687500001 0.34027777812500004 0.9358024687500001 0.365277778125 0.9358024687500001
0 0.5291666671875 0.8246913578124999 0.5291666671875 0.7790123453125 0.5291666671875 0.7333333328125 0.49791666718750005 0.7333333328125 0.46666666718750005 0.7333333328125 0.46666666718750005 0.7790123453125 0.46666666718750005 0.8246913578124999 0.49791666718750005 0.8246913578124999 0.5291666671875 0.8246913578124999
0 0.44305555625000004 0.9086419749999999 0.44305555625000004 0.859259259375 0.44305555625000004 0.8098765437500001 0.4145833328125 0.8098765437500001 0.3861111109375 0.8098765437500001 0.3861111109375 0.859259259375 0.3861111109375 0.9086419749999999 0.4145833328125 0.9086419749999999 0.44305555625000004 0.9086419749999999
0 0.6236111109375 0.5925925921874999 0.6236111109375 0.540740740625 0.6236111109375 0.4888888890625 0.590972221875 0.4888888890625 0.5583333328125 0.4888888890625 0.5583333328125 0.540740740625 0.5583333328125 0.5925925921874999 0.590972221875 0.5925925921874999 0.6236111109375 0.5925925921874999
0 0.6416666671875 0.75555555625 0.6416666671875 0.6851851859375 0.6416666671875 0.6148148140624999 0.6076388890625 0.6148148140624999 0.5736111109375 0.6148148140624999 0.5736111109375 0.6851851859375 0.5736111109375 0.75555555625 0.6076388890625 0.75555555625 0.6416666671875 0.75555555625
0 0.9888888890624999 0.5259259265625 0.9888888890624999 0.4370370375 0.9888888890624999 0.3481481484375 0.902777778125 0.3481481484375 0.8166666671874999 0.3481481484375 0.8166666671874999 0.4370370375 0.8166666671874999 0.5259259265625 0.902777778125 0.5259259265625 0.9888888890624999 0.5259259265625