0 1 0.12345679062499999 0.977777778125 0.12345679062499999 0.95555555625 0.12345679062499999 0.95555555625 0.15555555625 0.95555555625 0.1876543203125 0.977777778125 0.1876543203125 1 0.1876543203125 1 0.15555555625 1 0.12345679062499999
0 0.8291666671875 1 0.8291666671875 0.9061728390624999 0.8291666671875 0.8123456796875 0.7715277781250001 0.8123456796875 0.7138888890625 0.8123456796875 0.7138888890625 0.9061728390624999 0.7138888890625 1 0.7715277781250001 1 0.8291666671875 1
0 0.497222221875 0.886419753125 0.497222221875 0.8024691359375 0.497222221875 0.7185185187500001 0.45555555625000005 0.7185185187500001 0.4138888890625 0.7185185187500001 0.4138888890625 0.8024691359375 0.4138888890625 0.886419753125 0.45555555625000005 0.886419753125 0.497222221875 0.886419753125
0 1 0.3111111109375 0.9791666671874999 0.3111111109375 0.9583333328125001 0.3111111109375 0.9583333328125001 0.377777778125 0.9583333328125001 0.44444444375 0.9791666671874999 0.44444444375 1 0.44444444375 1 0.377777778125 1 0.3111111109375
0 0.8833333328125 0.20246913593750002 0.8833333328125 0.1567901234375 0.8833333328125 0.1111111109375 0.8486111109375001 0.1111111109375 0.8138888890624999 0.1111111109375 0.8138888890624999 0.1567901234375 0.8138888890624999 0.20246913593750002 0.8486111109375001 0.20246913593750002 0.8833333328125 0.20246913593750002
0 0.7041666671875 0.10864197499999999 0.7041666671875 0.06913580312499999 0.7041666671875 0.0296296296875 0.6729166671875 0.0296296296875 0.6416666671875 0.0296296296875 0.6416666671875 0.06913580312499999 0.6416666671875 0.10864197499999999 0.6729166671875 0.10864197499999999 0.7041666671875 0.10864197499999999
3 0.10555555624999999 0.9703703703125001 0.10555555624999999 0.9135802468750001 0.10555555624999999 0.8567901234375 0.058333332812500006 0.8567901234375 0.0111111109375 0.8567901234375 0.0111111109375 0.9135802468750001 0.0111111109375 0.9703703703125001 0.058333332812500006 0.9703703703125001 0.10555555624999999 0.9703703703125001
3 0.1625 0.686419753125 0.1625 0.6481481484375 0.1625 0.60987654375 0.1201388890625 0.60987654375 0.077777778125 0.60987654375 0.077777778125 0.6481481484375 0.077777778125 0.686419753125 0.1201388890625 0.686419753125 0.1625 0.686419753125
3 0.6013888890625 0.6370370375000001 0.6013888890625 0.5555555562500001 0.6013888890625 0.47407407343749997 0.5451388890625 0.47407407343749997 0.4888888890625 0.47407407343749997 0.4888888890625 0.5555555562500001 0.4888888890625 0.6370370375000001 0.5451388890625 0.6370370375000001 0.6013888890625 0.6370370375000001
3 0.584722221875 0.7876543203125 0.584722221875 0.740740740625 0.584722221875 0.6938271609375 0.5520833328125 0.6938271609375 0.51944444375 0.6938271609375 0.51944444375 0.740740740625 0.51944444375 0.7876543203125 0.5520833328125 0.7876543203125 0.584722221875 0.7876543203125
3 0.19305555624999998 0.5925925921874999 0.19305555624999998 0.5432098765625 0.19305555624999998 0.49382716093749995 0.14791666718750002 0.49382716093749995 0.102777778125 0.49382716093749995 0.102777778125 0.5432098765625 0.102777778125 0.5925925921874999 0.14791666718750002 0.5925925921874999 0.19305555624999998 0.5925925921874999
3 0.49444444374999996 0.7259259265625 0.49444444374999996 0.6753086421875001 0.49444444374999996 0.6246913578125 0.46458333281249997 0.6246913578125 0.434722221875 0.6246913578125 0.434722221875 0.6753086421875001 0.434722221875 0.7259259265625 0.46458333281249997 0.7259259265625 0.49444444374999996 0.7259259265625
1 0.1875 0.8839506171875 0.1875 0.81728395 0.1875 0.750617284375 0.1416666671875 0.750617284375 0.0958333328125 0.750617284375 0.0958333328125 0.81728395 0.0958333328125 0.8839506171875 0.1416666671875 0.8839506171875 0.1875 0.8839506171875