1 1 0.8024691359375 0.9708333328125001 0.8024691359375 0.9416666671874999 0.8024691359375 0.9416666671874999 0.9012345671875 0.9416666671874999 1 0.9708333328125001 1 1 1 1 0.9012345671875 1 0.8024691359375
1 0.9166666671874999 0.767901234375 0.9166666671874999 0.68148148125 0.9166666671874999 0.5950617281249999 0.8895833328125 0.5950617281249999 0.8625 0.5950617281249999 0.8625 0.68148148125 0.8625 0.767901234375 0.8895833328125 0.767901234375 0.9166666671874999 0.767901234375
3 0.525 0.47407407343749997 0.525 0.42716049375000004 0.525 0.3802469140625 0.4861111109375 0.3802469140625 0.447222221875 0.3802469140625 0.447222221875 0.42716049375000004 0.447222221875 0.47407407343749997 0.4861111109375 0.47407407343749997 0.525 0.47407407343749997
3 0.09444444375 0.42716049375000004 0.09444444375 0.39012345625 0.09444444375 0.35308642031250004 0.0479166671875 0.35308642031250004 0.0013888890625 0.35308642031250004 0.0013888890625 0.39012345625 0.0013888890625 0.42716049375000004 0.0479166671875 0.42716049375000004 0.09444444375 0.42716049375000004
3 0.2166666671875 0.47901234531250003 0.2166666671875 0.4148148140625 0.2166666671875 0.350617284375 0.16805555625 0.350617284375 0.11944444375 0.350617284375 0.11944444375 0.4148148140625 0.11944444375 0.47901234531250003 0.16805555625 0.47901234531250003 0.2166666671875 0.47901234531250003
3 0.3763888890625 0.5802469140625 0.3763888890625 0.540740740625 0.3763888890625 0.5012345671875 0.34722222187499996 0.5012345671875 0.31805555625 0.5012345671875 0.31805555625 0.540740740625 0.31805555625 0.5802469140625 0.34722222187499996 0.5802469140625 0.3763888890625 0.5802469140625
0 0.8652777781250001 0.5876543203125 0.8652777781250001 0.51728395 0.8652777781250001 0.4469135796875 0.8291666671875 0.4469135796875 0.79305555625 0.4469135796875 0.79305555625 0.51728395 0.79305555625 0.5876543203125 0.8291666671875 0.5876543203125 0.8652777781250001 0.5876543203125
0 0.527777778125 0.340740740625 0.527777778125 0.29135802499999996 0.527777778125 0.24197530937499998 0.49930555625000006 0.24197530937499998 0.47083333281249995 0.24197530937499998 0.47083333281249995 0.29135802499999996 0.47083333281249995 0.340740740625 0.49930555625000006 0.340740740625 0.527777778125 0.340740740625
0 0.46527777812500004 0.0938271609375 0.46527777812500004 0.048148148437499996 0.46527777812500004 0.0024691359375 0.43819444374999994 0.0024691359375 0.41111111093749997 0.0024691359375 0.41111111093749997 0.048148148437499996 0.41111111093749997 0.0938271609375 0.43819444374999994 0.0938271609375 0.46527777812500004 0.0938271609375
0 0.252777778125 0.286419753125 0.252777778125 0.22716049374999997 0.252777778125 0.16790123437499999 0.2166666671875 0.16790123437499999 0.18055555625 0.16790123437499999 0.18055555625 0.22716049374999997 0.18055555625 0.286419753125 0.2166666671875 0.286419753125 0.252777778125 0.286419753125
0 0.16944444375 0.249382715625 0.16944444375 0.2012345671875 0.16944444375 0.1530864203125 0.13333333281249998 0.1530864203125 0.097222221875 0.1530864203125 0.097222221875 0.2012345671875 0.097222221875 0.249382715625 0.13333333281249998 0.249382715625 0.16944444375 0.249382715625
0 0.10694444375 0.3481481484375 0.10694444375 0.29012345625 0.10694444375 0.23209876562499998 0.0645833328125 0.23209876562499998 0.022222221875 0.23209876562499998 0.022222221875 0.29012345625 0.022222221875 0.3481481484375 0.0645833328125 0.3481481484375 0.10694444375 0.3481481484375
1 0.51944444375 0.8493827156249999 0.51944444375 0.7456790125 0.51944444375 0.641975309375 0.4895833328125 0.641975309375 0.459722221875 0.641975309375 0.459722221875 0.7456790125 0.459722221875 0.8493827156249999 0.4895833328125 0.8493827156249999 0.51944444375 0.8493827156249999
1 0.5208333328125 1 0.5208333328125 0.896296296875 0.5208333328125 0.7925925921875 0.46875 0.7925925921875 0.4166666671875 0.7925925921875 0.4166666671875 0.896296296875 0.4166666671875 1 0.46875 1 0.5208333328125 1