0 0.7638888890625 0.18024691406249999 0.7638888890625 0.14567901249999998 0.7638888890625 0.1111111109375 0.74444444375 0.1111111109375 0.725 0.1111111109375 0.725 0.14567901249999998 0.725 0.18024691406249999 0.74444444375 0.18024691406249999 0.7638888890625 0.18024691406249999
0 0.23055555625 0.6790123453125 0.23055555625 0.5950617281249999 0.23055555625 0.5111111109375 0.19513888906250001 0.5111111109375 0.15972222187500001 0.5111111109375 0.15972222187500001 0.5950617281249999 0.15972222187500001 0.6790123453125 0.19513888906250001 0.6790123453125 0.23055555625 0.6790123453125
1 0.25 0.886419753125 0.25 0.795061728125 0.25 0.703703703125 0.20138888906250002 0.703703703125 0.15277777812499999 0.703703703125 0.15277777812499999 0.795061728125 0.15277777812499999 0.886419753125 0.20138888906250002 0.886419753125 0.25 0.886419753125
0 0.734722221875 1 0.734722221875 0.9567901234375 0.734722221875 0.9135802468750001 0.6868055562500001 0.9135802468750001 0.6388888890625 0.9135802468750001 0.6388888890625 0.9567901234375 0.6388888890625 1 0.6868055562500001 1 0.734722221875 1
0 0.8125 0.8938271609375 0.8125 0.8098765437500001 0.8125 0.7259259265625 0.7729166671875001 0.7259259265625 0.7333333328125 0.7259259265625 0.7333333328125 0.8098765437500001 0.7333333328125 0.8938271609375 0.7729166671875001 0.8938271609375 0.8125 0.8938271609375
0 0.772222221875 0.632098765625 0.772222221875 0.5481481484375 0.772222221875 0.46419753124999996 0.7229166671875 0.46419753124999996 0.6736111109375 0.46419753124999996 0.6736111109375 0.5481481484375 0.6736111109375 0.632098765625 0.7229166671875 0.632098765625 0.772222221875 0.632098765625
0 0.5263888890625 0.46913580312500003 0.5263888890625 0.3987654328125 0.5263888890625 0.3283950625 0.47291666718750003 0.3283950625 0.41944444374999995 0.3283950625 0.41944444374999995 0.3987654328125 0.41944444374999995 0.46913580312500003 0.47291666718750003 0.46913580312500003 0.5263888890625 0.46913580312500003
0 1 0.195061728125 0.9701388890624999 0.195061728125 0.940277778125 0.195061728125 0.940277778125 0.26419753125 0.940277778125 0.3333333328125 0.9701388890624999 0.3333333328125 1 0.3333333328125 1 0.26419753125 1 0.195061728125
0 0.915277778125 0.3111111109375 0.915277778125 0.276543209375 0.915277778125 0.24197530937499998 0.890972221875 0.24197530937499998 0.8666666671875 0.24197530937499998 0.8666666671875 0.276543209375 0.8666666671875 0.3111111109375 0.890972221875 0.3111111109375 0.915277778125 0.3111111109375
0 0.8875 0.3604938265625 0.8875 0.3148148140625 0.8875 0.269135803125 0.859722221875 0.269135803125 0.83194444375 0.269135803125 0.83194444375 0.3148148140625 0.83194444375 0.3604938265625 0.859722221875 0.3604938265625 0.8875 0.3604938265625
0 0.6944444437499999 0.1654320984375 0.6944444437499999 0.13333333281249998 0.6944444437499999 0.10123456718749999 0.6701388890625 0.10123456718749999 0.6458333328125 0.10123456718749999 0.6458333328125 0.13333333281249998 0.6458333328125 0.1654320984375 0.6701388890625 0.1654320984375 0.6944444437499999 0.1654320984375
0 0.73055555625 0.2370370375 0.73055555625 0.1876543203125 0.73055555625 0.1382716046875 0.7 0.1382716046875 0.66944444375 0.1382716046875 0.66944444375 0.1876543203125 0.66944444375 0.2370370375 0.7 0.2370370375 0.73055555625 0.2370370375
0 0.7291666671875 0.3209876546875 0.7291666671875 0.269135803125 0.7291666671875 0.21728394999999998 0.7083333328125 0.21728394999999998 0.6875 0.21728394999999998 0.6875 0.269135803125 0.6875 0.3209876546875 0.7083333328125 0.3209876546875 0.7291666671875 0.3209876546875
0 0.9236111109375 0.20987654375 0.9236111109375 0.1753086421875 0.9236111109375 0.140740740625 0.8993055562500001 0.140740740625 0.875 0.140740740625 0.875 0.1753086421875 0.875 0.20987654375 0.8993055562500001 0.20987654375 0.9236111109375 0.20987654375