0 0.640277778125 0.3802469140625 0.640277778125 0.33209876562499996 0.640277778125 0.28395061718750003 0.61319444375 0.28395061718750003 0.5861111109375 0.28395061718750003 0.5861111109375 0.33209876562499996 0.5861111109375 0.3802469140625 0.61319444375 0.3802469140625 0.640277778125 0.3802469140625
0 0.66805555625 0.4296296296875 0.66805555625 0.38271605000000003 0.66805555625 0.33580246874999997 0.640972221875 0.33580246874999997 0.6138888890625 0.33580246874999997 0.6138888890625 0.38271605000000003 0.6138888890625 0.4296296296875 0.640972221875 0.4296296296875 0.66805555625 0.4296296296875
0 0.7625 0.395061728125 0.7625 0.340740740625 0.7625 0.286419753125 0.73680555625 0.286419753125 0.7111111109375 0.286419753125 0.7111111109375 0.340740740625 0.7111111109375 0.395061728125 0.73680555625 0.395061728125 0.7625 0.395061728125
0 0.23333333281250002 0.1925925921875 0.23333333281250002 0.15925925937500002 0.23333333281250002 0.12592592656249998 0.2125 0.12592592656249998 0.1916666671875 0.12592592656249998 0.1916666671875 0.15925925937500002 0.1916666671875 0.1925925921875 0.2125 0.1925925921875 0.23333333281250002 0.1925925921875
0 0.1611111109375 0.42716049375000004 0.1611111109375 0.39012345625 0.1611111109375 0.35308642031250004 0.134027778125 0.35308642031250004 0.10694444375 0.35308642031250004 0.10694444375 0.39012345625 0.10694444375 0.42716049375000004 0.134027778125 0.42716049375000004 0.1611111109375 0.42716049375000004
0 0.21805555625 0.459259259375 0.21805555625 0.4197530859375 0.21805555625 0.3802469140625 0.190277778125 0.3802469140625 0.1625 0.3802469140625 0.1625 0.4197530859375 0.1625 0.459259259375 0.190277778125 0.459259259375 0.21805555625 0.459259259375
0 0.33055555625 0.6123456796875 0.33055555625 0.57283950625 0.33055555625 0.5333333328125 0.30069444375 0.5333333328125 0.2708333328125 0.5333333328125 0.2708333328125 0.57283950625 0.2708333328125 0.6123456796875 0.30069444375 0.6123456796875 0.33055555625 0.6123456796875
0 0.3791666671875 0.6790123453125 0.3791666671875 0.641975309375 0.3791666671875 0.604938271875 0.352777778125 0.604938271875 0.3263888890625 0.604938271875 0.3263888890625 0.641975309375 0.3263888890625 0.6790123453125 0.352777778125 0.6790123453125 0.3791666671875 0.6790123453125
3 0.5375 0.8765432093750001 0.5375 0.8197530859375 0.5375 0.7629629625 0.50555555625 0.7629629625 0.47361111093749997 0.7629629625 0.47361111093749997 0.8197530859375 0.47361111093749997 0.8765432093750001 0.50555555625 0.8765432093750001 0.5375 0.8765432093750001
0 0.51805555625 0.740740740625 0.51805555625 0.69012345625 0.51805555625 0.6395061734375 0.49305555625 0.6395061734375 0.46805555625000006 0.6395061734375 0.46805555625000006 0.69012345625 0.46805555625000006 0.740740740625 0.49305555625 0.740740740625 0.51805555625 0.740740740625
0 0.58194444375 0.60987654375 0.58194444375 0.5555555562500001 0.58194444375 0.5012345671875 0.5513888890625 0.5012345671875 0.5208333328125 0.5012345671875 0.5208333328125 0.5555555562500001 0.5208333328125 0.60987654375 0.5513888890625 0.60987654375 0.58194444375 0.60987654375
3 0.7638888890625 0.6567901234375 0.7638888890625 0.5938271609375 0.7638888890625 0.530864196875 0.7173611109375 0.530864196875 0.6708333328125 0.530864196875 0.6708333328125 0.5938271609375 0.6708333328125 0.6567901234375 0.7173611109375 0.6567901234375 0.7638888890625 0.6567901234375
3 0.35972222187499997 0.8666666671875 0.35972222187499997 0.804938271875 0.35972222187499997 0.7432098765624999 0.3125 0.7432098765624999 0.26527777812500003 0.7432098765624999 0.26527777812500003 0.804938271875 0.26527777812500003 0.8666666671875 0.3125 0.8666666671875 0.35972222187499997 0.8666666671875