0 0.5458333328125 0.26419753125 0.5458333328125 0.20987654375 0.5458333328125 0.15555555625 0.5125 0.15555555625 0.4791666671875 0.15555555625 0.4791666671875 0.20987654375 0.4791666671875 0.26419753125 0.5125 0.26419753125 0.5458333328125 0.26419753125
0 0.3736111109375 0.11604938281249999 0.3736111109375 0.0716049375 0.3736111109375 0.027160493749999997 0.34722222187499996 0.027160493749999997 0.32083333281250004 0.027160493749999997 0.32083333281250004 0.0716049375 0.32083333281250004 0.11604938281249999 0.34722222187499996 0.11604938281249999 0.3736111109375 0.11604938281249999
0 0.46805555625000006 1 0.46805555625000006 0.9135802468750001 0.46805555625000006 0.8271604937499999 0.42291666718750004 0.8271604937499999 0.377777778125 0.8271604937499999 0.377777778125 0.9135802468750001 0.377777778125 1 0.42291666718750004 1 0.46805555625000006 1
0 0.2416666671875 0.4024691359375 0.2416666671875 0.3518518515625 0.2416666671875 0.30123456718749997 0.21597222187499998 0.30123456718749997 0.190277778125 0.30123456718749997 0.190277778125 0.3518518515625 0.190277778125 0.4024691359375 0.21597222187499998 0.4024691359375 0.2416666671875 0.4024691359375
0 0.165277778125 0.432098765625 0.165277778125 0.3753086421875 0.165277778125 0.31851851875000003 0.134027778125 0.31851851875000003 0.102777778125 0.31851851875000003 0.102777778125 0.3753086421875 0.102777778125 0.432098765625 0.134027778125 0.432098765625 0.165277778125 0.432098765625
0 0.1458333328125 0.249382715625 0.1458333328125 0.2 0.1458333328125 0.150617284375 0.10833333281249999 0.150617284375 0.07083333281250001 0.150617284375 0.07083333281250001 0.2 0.07083333281250001 0.249382715625 0.10833333281249999 0.249382715625 0.1458333328125 0.249382715625
3 0.0791666671875 0.1111111109375 0.0791666671875 0.0716049375 0.0791666671875 0.032098765625 0.040277778125000004 0.032098765625 0.0013888890625 0.032098765625 0.0013888890625 0.0716049375 0.0013888890625 0.1111111109375 0.040277778125000004 0.1111111109375 0.0791666671875 0.1111111109375
3 0.08333333281250001 0.20987654375 0.08333333281250001 0.1604938265625 0.08333333281250001 0.1111111109375 0.0458333328125 0.1111111109375 0.0083333328125 0.1111111109375 0.0083333328125 0.1604938265625 0.0083333328125 0.20987654375 0.0458333328125 0.20987654375 0.08333333281250001 0.20987654375
1 0.22638888906250001 0.2617283953125 0.22638888906250001 0.1987654328125 0.22638888906250001 0.13580246875 0.1895833328125 0.13580246875 0.15277777812499999 0.13580246875 0.15277777812499999 0.1987654328125 0.15277777812499999 0.2617283953125 0.1895833328125 0.2617283953125 0.22638888906250001 0.2617283953125
1 0.2736111109375 0.5802469140625 0.2736111109375 0.523456790625 0.2736111109375 0.46666666718750005 0.228472221875 0.46666666718750005 0.1833333328125 0.46666666718750005 0.1833333328125 0.523456790625 0.1833333328125 0.5802469140625 0.228472221875 0.5802469140625 0.2736111109375 0.5802469140625
1 0.47083333281249995 0.8098765437500001 0.47083333281249995 0.7370370375 0.47083333281249995 0.6641975312499999 0.44444444375 0.6641975312499999 0.41805555625 0.6641975312499999 0.41805555625 0.7370370375 0.41805555625 0.8098765437500001 0.44444444375 0.8098765437500001 0.47083333281249995 0.8098765437500001
3 0.7819444437499999 0.7185185187500001 0.7819444437499999 0.6518518515625 0.7819444437499999 0.5851851859375 0.73680555625 0.5851851859375 0.6916666671875 0.5851851859375 0.6916666671875 0.6518518515625 0.6916666671875 0.7185185187500001 0.73680555625 0.7185185187500001 0.7819444437499999 0.7185185187500001
3 0.6166666671875001 0.8938271609375 0.6166666671875001 0.8074074078125 0.6166666671875001 0.7209876546875 0.5770833328125 0.7209876546875 0.5375 0.7209876546875 0.5375 0.8074074078125 0.5375 0.8938271609375 0.5770833328125 0.8938271609375 0.6166666671875001 0.8938271609375
1 0.5861111109375 0.9901234562499999 0.5861111109375 0.9308641968750001 0.5861111109375 0.8716049375000001 0.53680555625 0.8716049375000001 0.4875 0.8716049375000001 0.4875 0.9308641968750001 0.4875 0.9901234562499999 0.53680555625 0.9901234562499999 0.5861111109375 0.9901234562499999