1 0.322222221875 0.4024691359375 0.322222221875 0.3395061734375 0.322222221875 0.276543209375 0.259722221875 0.276543209375 0.197222221875 0.276543209375 0.197222221875 0.3395061734375 0.197222221875 0.4024691359375 0.259722221875 0.4024691359375 0.322222221875 0.4024691359375
1 0.534722221875 0.6567901234375 0.534722221875 0.5950617281249999 0.534722221875 0.5333333328125 0.49305555625 0.5333333328125 0.4513888890625 0.5333333328125 0.4513888890625 0.5950617281249999 0.4513888890625 0.6567901234375 0.49305555625 0.6567901234375 0.534722221875 0.6567901234375
0 0.26944444375 0.2888888890625 0.26944444375 0.20246913593750002 0.26944444375 0.11604938281249999 0.20833333281250002 0.11604938281249999 0.147222221875 0.11604938281249999 0.147222221875 0.20246913593750002 0.147222221875 0.2888888890625 0.20833333281250002 0.2888888890625 0.26944444375 0.2888888890625
0 0.40833333281249995 0.2938271609375 0.40833333281249995 0.20246913593750002 0.40833333281249995 0.1111111109375 0.3541666671875 0.1111111109375 0.3 0.1111111109375 0.3 0.20246913593750002 0.3 0.2938271609375 0.3541666671875 0.2938271609375 0.40833333281249995 0.2938271609375
0 0.365277778125 0.049382715625000004 0.365277778125 0.0259259265625 0.365277778125 0.0024691359375 0.321527778125 0.0024691359375 0.27777777812500004 0.0024691359375 0.27777777812500004 0.0259259265625 0.27777777812500004 0.049382715625000004 0.321527778125 0.049382715625000004 0.365277778125 0.049382715625000004
0 0.9361111109375001 0.8444444437499999 0.9361111109375001 0.786419753125 0.9361111109375001 0.7283950625 0.9111111109375001 0.7283950625 0.8861111109375001 0.7283950625 0.8861111109375001 0.786419753125 0.8861111109375001 0.8444444437499999 0.9111111109375001 0.8444444437499999 0.9361111109375001 0.8444444437499999
3 0.6347222218749999 0.46913580312500003 0.6347222218749999 0.3987654328125 0.6347222218749999 0.3283950625 0.6013888890625 0.3283950625 0.56805555625 0.3283950625 0.56805555625 0.3987654328125 0.56805555625 0.46913580312500003 0.6013888890625 0.46913580312500003 0.6347222218749999 0.46913580312500003
3 0.8430555562500001 0.08395061718749999 0.8430555562500001 0.0432098765625 0.8430555562500001 0.0024691359375 0.8166666671874999 0.0024691359375 0.790277778125 0.0024691359375 0.790277778125 0.0432098765625 0.790277778125 0.08395061718749999 0.8166666671874999 0.08395061718749999 0.8430555562500001 0.08395061718749999
3 0.8458333328125001 0.3456790125 0.8458333328125001 0.28395061718750003 0.8458333328125001 0.222222221875 0.8236111109375001 0.222222221875 0.8013888890624999 0.222222221875 0.8013888890624999 0.28395061718750003 0.8013888890624999 0.3456790125 0.8236111109375001 0.3456790125 0.8458333328125001 0.3456790125
3 0.9013888890624999 0.6074074078125 0.9013888890624999 0.5271604937500001 0.9013888890624999 0.4469135796875 0.8798611109375001 0.4469135796875 0.8583333328125 0.4469135796875 0.8583333328125 0.5271604937500001 0.8583333328125 0.6074074078125 0.8798611109375001 0.6074074078125 0.9013888890624999 0.6074074078125
0 0.9888888890624999 0.42469135781249995 0.9888888890624999 0.3888888890625 0.9888888890624999 0.35308642031250004 0.9625 0.35308642031250004 0.9361111109375001 0.35308642031250004 0.9361111109375001 0.3888888890625 0.9361111109375001 0.42469135781249995 0.9625 0.42469135781249995 0.9888888890624999 0.42469135781249995