0 0.5708333328124999 0.26419753125 0.5708333328124999 0.23456790156250001 0.5708333328124999 0.204938271875 0.55694444375 0.204938271875 0.54305555625 0.204938271875 0.54305555625 0.23456790156250001 0.54305555625 0.26419753125 0.55694444375 0.26419753125 0.5708333328124999 0.26419753125
0 0.5333333328125 0.3283950625 0.5333333328125 0.30123456718749997 0.5333333328125 0.2740740734375 0.5173611109375 0.2740740734375 0.5013888890625 0.2740740734375 0.5013888890625 0.30123456718749997 0.5013888890625 0.3283950625 0.5173611109375 0.3283950625 0.5333333328125 0.3283950625
0 0.5458333328125 0.36296296250000004 0.5458333328125 0.340740740625 0.5458333328125 0.31851851875000003 0.5263888890625 0.31851851875000003 0.5069444437499999 0.31851851875000003 0.5069444437499999 0.340740740625 0.5069444437499999 0.36296296250000004 0.5263888890625 0.36296296250000004 0.5458333328125 0.36296296250000004
0 0.272222221875 0.1481481484375 0.272222221875 0.12098765468749999 0.272222221875 0.0938271609375 0.2513888890625 0.0938271609375 0.23055555625 0.0938271609375 0.23055555625 0.12098765468749999 0.23055555625 0.1481481484375 0.2513888890625 0.1481481484375 0.272222221875 0.1481481484375
0 0.2611111109375 0.24197530937499998 0.2611111109375 0.20987654375 0.2611111109375 0.177777778125 0.24097222187499998 0.177777778125 0.2208333328125 0.177777778125 0.2208333328125 0.20987654375 0.2208333328125 0.24197530937499998 0.24097222187499998 0.24197530937499998 0.2611111109375 0.24197530937499998
0 0.3 0.2197530859375 0.3 0.18271605 0.3 0.14567901249999998 0.27777777812500004 0.14567901249999998 0.25555555625 0.14567901249999998 0.25555555625 0.18271605 0.25555555625 0.2197530859375 0.27777777812500004 0.2197530859375 0.3 0.2197530859375
0 0.8652777781250001 0.5111111109375 0.8652777781250001 0.47654320937500005 0.8652777781250001 0.44197530937499996 0.8416666671874999 0.44197530937499996 0.81805555625 0.44197530937499996 0.81805555625 0.47654320937500005 0.81805555625 0.5111111109375 0.8416666671874999 0.5111111109375 0.8652777781250001 0.5111111109375
0 0.4888888890625 0.303703703125 0.4888888890625 0.267901234375 0.4888888890625 0.23209876562499998 0.4673611109375 0.23209876562499998 0.4458333328125 0.23209876562499998 0.4458333328125 0.267901234375 0.4458333328125 0.303703703125 0.4673611109375 0.303703703125 0.4888888890625 0.303703703125
3 0.1208333328125 0.730864196875 0.1208333328125 0.6740740734374999 0.1208333328125 0.61728395 0.0673611109375 0.61728395 0.013888889062500001 0.61728395 0.013888889062500001 0.6740740734374999 0.013888889062500001 0.730864196875 0.0673611109375 0.730864196875 0.1208333328125 0.730864196875
0 0.10138888906250001 0.604938271875 0.10138888906250001 0.532098765625 0.10138888906250001 0.459259259375 0.0548611109375 0.459259259375 0.0083333328125 0.459259259375 0.0083333328125 0.532098765625 0.0083333328125 0.604938271875 0.0548611109375 0.604938271875 0.10138888906250001 0.604938271875
0 0.4375 0.5160493828125 0.4375 0.43333333281249997 0.4375 0.350617284375 0.3861111109375 0.350617284375 0.334722221875 0.350617284375 0.334722221875 0.43333333281249997 0.334722221875 0.5160493828125 0.3861111109375 0.5160493828125 0.4375 0.5160493828125
3 0.3263888890625 0.6641975312499999 0.3263888890625 0.613580246875 0.3263888890625 0.5629629625 0.290972221875 0.5629629625 0.25555555625 0.5629629625 0.25555555625 0.613580246875 0.25555555625 0.6641975312499999 0.290972221875 0.6641975312499999 0.3263888890625 0.6641975312499999
0 0.4625 1 0.4625 0.9086419749999999 0.4625 0.81728395 0.4048611109375 0.81728395 0.34722222187499996 0.81728395 0.34722222187499996 0.9086419749999999 0.34722222187499996 1 0.4048611109375 1 0.4625 1
0 0.22777777812500002 0.7604938265625 0.22777777812500002 0.6790123453125 0.22777777812500002 0.5975308640625 0.1708333328125 0.5975308640625 0.11388888906250001 0.5975308640625 0.11388888906250001 0.6790123453125 0.11388888906250001 0.7604938265625 0.1708333328125 0.7604938265625 0.22777777812500002 0.7604938265625
1 0.7458333328125 0.5259259265625 0.7458333328125 0.47283950625 0.7458333328125 0.4197530859375 0.7118055562500001 0.4197530859375 0.6777777781250001 0.4197530859375 0.6777777781250001 0.47283950625 0.6777777781250001 0.5259259265625 0.7118055562500001 0.5259259265625 0.7458333328125 0.5259259265625
1 1 0.9333333328125001 0.9326388890624999 0.9333333328125001 0.8652777781250001 0.9333333328125001 0.8652777781250001 0.9666666671874999 0.8652777781250001 1 0.9326388890624999 1 1 1 1 0.9666666671874999 1 0.9333333328125001
1 1 0.686419753125 0.9520833328125 0.686419753125 0.9041666671874999 0.686419753125 0.9041666671874999 0.777777778125 0.9041666671874999 0.8691358031249999 0.9520833328125 0.8691358031249999 1 0.8691358031249999 1 0.777777778125 1 0.686419753125
0 0.40416666718750005 0.6716049374999999 0.40416666718750005 0.576543209375 0.40416666718750005 0.48148148125 0.34722222187499996 0.48148148125 0.290277778125 0.48148148125 0.290277778125 0.576543209375 0.290277778125 0.6716049374999999 0.34722222187499996 0.6716049374999999 0.40416666718750005 0.6716049374999999