0 0.1208333328125 0.10123456718749999 0.1208333328125 0.051851851562499995 0.1208333328125 0.0024691359375 0.075 0.0024691359375 0.029166667187500002 0.0024691359375 0.029166667187500002 0.051851851562499995 0.029166667187500002 0.10123456718749999 0.075 0.10123456718749999 0.1208333328125 0.10123456718749999
0 0.22638888906250001 0.0716049375 0.22638888906250001 0.037037037499999995 0.22638888906250001 0.0024691359375 0.18819444375 0.0024691359375 0.15 0.0024691359375 0.15 0.037037037499999995 0.15 0.0716049375 0.18819444375 0.0716049375 0.22638888906250001 0.0716049375
1 0.4861111109375 0.8197530859375 0.4861111109375 0.759259259375 0.4861111109375 0.6987654328125 0.427777778125 0.6987654328125 0.36944444375 0.6987654328125 0.36944444375 0.759259259375 0.36944444375 0.8197530859375 0.427777778125 0.8197530859375 0.4861111109375 0.8197530859375
1 0.43194444374999996 0.5555555562500001 0.43194444374999996 0.49506172812499993 0.43194444374999996 0.43456790156249997 0.3729166671875 0.43456790156249997 0.3138888890625 0.43456790156249997 0.3138888890625 0.49506172812499993 0.3138888890625 0.5555555562500001 0.3729166671875 0.5555555562500001 0.43194444374999996 0.5555555562500001
1 0.184722221875 0.1753086421875 0.184722221875 0.1148148140625 0.184722221875 0.054320987499999994 0.127777778125 0.054320987499999994 0.07083333281250001 0.054320987499999994 0.07083333281250001 0.1148148140625 0.07083333281250001 0.1753086421875 0.127777778125 0.1753086421875 0.184722221875 0.1753086421875
1 0.3875 0.303703703125 0.3875 0.269135803125 0.3875 0.23456790156250001 0.3583333328125 0.23456790156250001 0.3291666671875 0.23456790156250001 0.3291666671875 0.269135803125 0.3291666671875 0.303703703125 0.3583333328125 0.303703703125 0.3875 0.303703703125
3 0.690277778125 0.6938271609375 0.690277778125 0.62716049375 0.690277778125 0.5604938265625 0.66180555625 0.5604938265625 0.6333333328124999 0.5604938265625 0.6333333328124999 0.62716049375 0.6333333328124999 0.6938271609375 0.66180555625 0.6938271609375 0.690277778125 0.6938271609375
3 0.6361111109375 0.7481481484375 0.6361111109375 0.6925925921875 0.6361111109375 0.6370370375000001 0.6111111109375 0.6370370375000001 0.5861111109375 0.6370370375000001 0.5861111109375 0.6925925921875 0.5861111109375 0.7481481484375 0.6111111109375 0.7481481484375 0.6361111109375 0.7481481484375
3 0.7138888890625 0.9037037031249999 0.7138888890625 0.823456790625 0.7138888890625 0.7432098765624999 0.6777777781250001 0.7432098765624999 0.6416666671875 0.7432098765624999 0.6416666671875 0.823456790625 0.6416666671875 0.9037037031249999 0.6777777781250001 0.9037037031249999 0.7138888890625 0.9037037031249999
3 0.6416666671875 0.9061728390624999 0.6416666671875 0.8271604937499999 0.6416666671875 0.7481481484375 0.6020833328124999 0.7481481484375 0.5625 0.7481481484375 0.5625 0.8271604937499999 0.5625 0.9061728390624999 0.6020833328124999 0.9061728390624999 0.6416666671875 0.9061728390624999
0 0.734722221875 0.38765432031249997 0.734722221875 0.340740740625 0.734722221875 0.2938271609375 0.7125 0.2938271609375 0.690277778125 0.2938271609375 0.690277778125 0.340740740625 0.690277778125 0.38765432031249997 0.7125 0.38765432031249997 0.734722221875 0.38765432031249997
0 0.6541666671875 0.62716049375 0.6541666671875 0.5753086421875 0.6541666671875 0.523456790625 0.6243055562500001 0.523456790625 0.5944444437499999 0.523456790625 0.5944444437499999 0.5753086421875 0.5944444437499999 0.62716049375 0.6243055562500001 0.62716049375 0.6541666671875 0.62716049375
0 0.5875 0.6 0.5875 0.508641975 0.5875 0.41728395 0.5423611109375 0.41728395 0.497222221875 0.41728395 0.497222221875 0.508641975 0.497222221875 0.6 0.5423611109375 0.6 0.5875 0.6
3 0.4166666671875 0.0888888890625 0.4166666671875 0.0456790125 0.4166666671875 0.0024691359375 0.3888888890625 0.0024691359375 0.3611111109375 0.0024691359375 0.3611111109375 0.0456790125 0.3611111109375 0.0888888890625 0.3888888890625 0.0888888890625 0.4166666671875 0.0888888890625
3 0.6763888890625 0.1851851859375 0.6763888890625 0.12716049375 0.6763888890625 0.06913580312499999 0.652777778125 0.06913580312499999 0.6291666671875 0.06913580312499999 0.6291666671875 0.12716049375 0.6291666671875 0.1851851859375 0.652777778125 0.1851851859375 0.6763888890625 0.1851851859375