3 0.98194444375 0.9481481484375 0.98194444375 0.8753086421875 0.98194444375 0.8024691359375 0.94930555625 0.8024691359375 0.9166666671874999 0.8024691359375 0.9166666671874999 0.8753086421875 0.9166666671874999 0.9481481484375 0.94930555625 0.9481481484375 0.98194444375 0.9481481484375
3 0.9444444437499999 0.46913580312500003 0.9444444437499999 0.3802469140625 0.9444444437499999 0.29135802499999996 0.9208333328125 0.29135802499999996 0.897222221875 0.29135802499999996 0.897222221875 0.3802469140625 0.897222221875 0.46913580312500003 0.9208333328125 0.46913580312500003 0.9444444437499999 0.46913580312500003
3 0.9 0.18024691406249999 0.9 0.0987654328125 0.9 0.01728395 0.8736111109375001 0.01728395 0.847222221875 0.01728395 0.847222221875 0.0987654328125 0.847222221875 0.18024691406249999 0.8736111109375001 0.18024691406249999 0.9 0.18024691406249999
3 0.6638888890625 0.2666666671875 0.6638888890625 0.19012345625 0.6638888890625 0.11358024687499998 0.6326388890625 0.11358024687499998 0.6013888890625 0.11358024687499998 0.6013888890625 0.19012345625 0.6013888890625 0.2666666671875 0.6326388890625 0.2666666671875 0.6638888890625 0.2666666671875
1 0.3291666671875 0.2296296296875 0.3291666671875 0.13333333281249998 0.3291666671875 0.037037037499999995 0.26597222187499997 0.037037037499999995 0.20277777812500003 0.037037037499999995 0.20277777812500003 0.13333333281249998 0.20277777812500003 0.2296296296875 0.26597222187499997 0.2296296296875 0.3291666671875 0.2296296296875
1 0.5527777781250001 0.47901234531250003 0.5527777781250001 0.4209876546875 0.5527777781250001 0.36296296250000004 0.5 0.36296296250000004 0.447222221875 0.36296296250000004 0.447222221875 0.4209876546875 0.447222221875 0.47901234531250003 0.5 0.47901234531250003 0.5527777781250001 0.47901234531250003
1 0.5930555562500001 0.91851851875 0.5930555562500001 0.8333333328125001 0.5930555562500001 0.7481481484375 0.51944444375 0.7481481484375 0.4458333328125 0.7481481484375 0.4458333328125 0.8333333328125001 0.4458333328125 0.91851851875 0.51944444375 0.91851851875 0.5930555562500001 0.91851851875
0 0.4138888890625 0.0716049375 0.4138888890625 0.037037037499999995 0.4138888890625 0.0024691359375 0.3645833328125 0.0024691359375 0.315277778125 0.0024691359375 0.315277778125 0.037037037499999995 0.315277778125 0.0716049375 0.3645833328125 0.0716049375 0.4138888890625 0.0716049375
0 0.27777777812500004 0.0938271609375 0.27777777812500004 0.048148148437499996 0.27777777812500004 0.0024691359375 0.21875 0.0024691359375 0.15972222187500001 0.0024691359375 0.15972222187500001 0.048148148437499996 0.15972222187500001 0.0938271609375 0.21875 0.0938271609375 0.27777777812500004 0.0938271609375
0 0.8361111109375001 1 0.8361111109375001 0.95555555625 0.8361111109375001 0.9111111109375001 0.8020833328125001 0.9111111109375001 0.76805555625 0.9111111109375001 0.76805555625 0.95555555625 0.76805555625 1 0.8020833328125001 1 0.8361111109375001 1
0 0.9513888890625 0.691358025 0.9513888890625 0.6382716046875 0.9513888890625 0.5851851859375 0.92430555625 0.5851851859375 0.897222221875 0.5851851859375 0.897222221875 0.6382716046875 0.897222221875 0.691358025 0.92430555625 0.691358025 0.9513888890625 0.691358025
0 0.7819444437499999 1 0.7819444437499999 0.8925925921875001 0.7819444437499999 0.7851851859375001 0.7229166671875 0.7851851859375001 0.6638888890625 0.7851851859375001 0.6638888890625 0.8925925921875001 0.6638888890625 1 0.7229166671875 1 0.7819444437499999 1