3 0.4291666671875 0.767901234375 0.4291666671875 0.7148148140624999 0.4291666671875 0.6617283953124999 0.39305555625 0.6617283953124999 0.35694444375 0.6617283953124999 0.35694444375 0.7148148140624999 0.35694444375 0.767901234375 0.39305555625 0.767901234375 0.4291666671875 0.767901234375
3 0.384722221875 0.7160493828125001 0.384722221875 0.658024690625 0.384722221875 0.6 0.34861111093749997 0.6 0.3125 0.6 0.3125 0.658024690625 0.3125 0.7160493828125001 0.34861111093749997 0.7160493828125001 0.384722221875 0.7160493828125001
0 0.2166666671875 0.5481481484375 0.2166666671875 0.4987654328125 0.2166666671875 0.449382715625 0.1861111109375 0.449382715625 0.15555555625 0.449382715625 0.15555555625 0.4987654328125 0.15555555625 0.5481481484375 0.1861111109375 0.5481481484375 0.2166666671875 0.5481481484375
0 0.6972222218749999 0.758024690625 0.6972222218749999 0.7012345671875 0.6972222218749999 0.64444444375 0.65625 0.64444444375 0.6152777781250001 0.64444444375 0.6152777781250001 0.7012345671875 0.6152777781250001 0.758024690625 0.65625 0.758024690625 0.6972222218749999 0.758024690625
0 0.9375 0.35308642031250004 0.9375 0.2851851859375 0.9375 0.21728394999999998 0.89375 0.21728394999999998 0.85 0.21728394999999998 0.85 0.2851851859375 0.85 0.35308642031250004 0.89375 0.35308642031250004 0.9375 0.35308642031250004
0 0.6291666671875 0.16790123437499999 0.6291666671875 0.1 0.6291666671875 0.032098765625 0.5923611109375 0.032098765625 0.5555555562500001 0.032098765625 0.5555555562500001 0.1 0.5555555562500001 0.16790123437499999 0.5923611109375 0.16790123437499999 0.6291666671875 0.16790123437499999
0 0.47083333281249995 0.195061728125 0.47083333281249995 0.1246913578125 0.47083333281249995 0.054320987499999994 0.43541666718750005 0.054320987499999994 0.4 0.054320987499999994 0.4 0.1246913578125 0.4 0.195061728125 0.43541666718750005 0.195061728125 0.47083333281249995 0.195061728125
3 0.2375 0.940740740625 0.2375 0.9 0.2375 0.859259259375 0.19583333281249998 0.859259259375 0.1541666671875 0.859259259375 0.1541666671875 0.9 0.1541666671875 0.940740740625 0.19583333281249998 0.940740740625 0.2375 0.940740740625
3 0.7291666671875 0.8469135796874999 0.7291666671875 0.7975308640625001 0.7291666671875 0.7481481484375 0.6986111109375 0.7481481484375 0.66805555625 0.7481481484375 0.66805555625 0.7975308640625001 0.66805555625 0.8469135796874999 0.6986111109375 0.8469135796874999 0.7291666671875 0.8469135796874999
3 0.9041666671874999 1 0.9041666671874999 0.9617283953125 0.9041666671874999 0.923456790625 0.85555555625 0.923456790625 0.80694444375 0.923456790625 0.80694444375 0.9617283953125 0.80694444375 1 0.85555555625 1 0.9041666671874999 1
3 0.8236111109375001 0.2716049375 0.8236111109375001 0.19382716093750002 0.8236111109375001 0.11604938281249999 0.7763888890625 0.11604938281249999 0.7291666671875 0.11604938281249999 0.7291666671875 0.19382716093750002 0.7291666671875 0.2716049375 0.7763888890625 0.2716049375 0.8236111109375001 0.2716049375
0 0.040277778125000004 0.2 0.040277778125000004 0.1283950625 0.040277778125000004 0.05679012343749999 0.0208333328125 0.05679012343749999 0.0013888890625 0.05679012343749999 0.0013888890625 0.1283950625 0.0013888890625 0.2 0.0208333328125 0.2 0.040277778125000004 0.2