0 0.7041666671875 0.703703703125 0.7041666671875 0.6567901234375 0.7041666671875 0.60987654375 0.6798611109375 0.60987654375 0.6555555562500001 0.60987654375 0.6555555562500001 0.6567901234375 0.6555555562500001 0.703703703125 0.6798611109375 0.703703703125 0.7041666671875 0.703703703125
3 0.709722221875 0.86419753125 0.709722221875 0.81728395 0.709722221875 0.7703703703125 0.6791666671875001 0.7703703703125 0.6486111109375 0.7703703703125 0.6486111109375 0.81728395 0.6486111109375 0.86419753125 0.6791666671875001 0.86419753125 0.709722221875 0.86419753125
3 0.7638888890625 0.8469135796874999 0.7638888890625 0.803703703125 0.7638888890625 0.7604938265625 0.73680555625 0.7604938265625 0.709722221875 0.7604938265625 0.709722221875 0.803703703125 0.709722221875 0.8469135796874999 0.73680555625 0.8469135796874999 0.7638888890625 0.8469135796874999
3 0.70694444375 0.77283950625 0.70694444375 0.732098765625 0.70694444375 0.691358025 0.68194444375 0.691358025 0.6569444437499999 0.691358025 0.6569444437499999 0.732098765625 0.6569444437499999 0.77283950625 0.68194444375 0.77283950625 0.70694444375 0.77283950625
3 0.75 0.730864196875 0.75 0.69012345625 0.75 0.649382715625 0.722222221875 0.649382715625 0.6944444437499999 0.649382715625 0.6944444437499999 0.69012345625 0.6944444437499999 0.730864196875 0.722222221875 0.730864196875 0.75 0.730864196875
0 0.6958333328124999 1 0.6958333328124999 0.9740740734375001 0.6958333328124999 0.9481481484375 0.6604166671875 0.9481481484375 0.625 0.9481481484375 0.625 0.9740740734375001 0.625 1 0.6604166671875 1 0.6958333328124999 1
1 0.5513888890625 0.79012345625 0.5513888890625 0.750617284375 0.5513888890625 0.7111111109375 0.5125 0.7111111109375 0.47361111093749997 0.7111111109375 0.47361111093749997 0.750617284375 0.47361111093749997 0.79012345625 0.5125 0.79012345625 0.5513888890625 0.79012345625
1 0.5305555562500001 0.6370370375000001 0.5305555562500001 0.5962962968750001 0.5305555562500001 0.5555555562500001 0.49513888906250003 0.5555555562500001 0.459722221875 0.5555555562500001 0.459722221875 0.5962962968750001 0.459722221875 0.6370370375000001 0.49513888906250003 0.6370370375000001 0.5305555562500001 0.6370370375000001
0 0.6375 0.6518518515625 0.6375 0.5987654328125 0.6375 0.5456790125000001 0.60694444375 0.5456790125000001 0.5763888890625 0.5456790125000001 0.5763888890625 0.5987654328125 0.5763888890625 0.6518518515625 0.60694444375 0.6518518515625 0.6375 0.6518518515625
0 0.7708333328125 0.5432098765625 0.7708333328125 0.503703703125 0.7708333328125 0.46419753124999996 0.753472221875 0.46419753124999996 0.7361111109375 0.46419753124999996 0.7361111109375 0.503703703125 0.7361111109375 0.5432098765625 0.753472221875 0.5432098765625 0.7708333328125 0.5432098765625
0 0.40277777812500004 0.41234567968749997 0.40277777812500004 0.37654320937499997 0.40277777812500004 0.340740740625 0.38194444375000003 0.340740740625 0.3611111109375 0.340740740625 0.3611111109375 0.37654320937499997 0.3611111109375 0.41234567968749997 0.38194444375000003 0.41234567968749997 0.40277777812500004 0.41234567968749997
0 0.375 0.3283950625 0.375 0.2938271609375 0.375 0.259259259375 0.35069444375000003 0.259259259375 0.3263888890625 0.259259259375 0.3263888890625 0.2938271609375 0.3263888890625 0.3283950625 0.35069444375000003 0.3283950625 0.375 0.3283950625
0 0.352777778125 0.45432098749999994 0.352777778125 0.41358024687499995 0.352777778125 0.37283950625 0.32847222187499997 0.37283950625 0.30416666718749996 0.37283950625 0.30416666718749996 0.41358024687499995 0.30416666718749996 0.45432098749999994 0.32847222187499997 0.45432098749999994 0.352777778125 0.45432098749999994
0 0.334722221875 0.15555555625 0.334722221875 0.12592592656249998 0.334722221875 0.09629629687499999 0.3145833328125 0.09629629687499999 0.29444444375 0.09629629687499999 0.29444444375 0.12592592656249998 0.29444444375 0.15555555625 0.3145833328125 0.15555555625 0.334722221875 0.15555555625
0 0.10833333281249999 0.1382716046875 0.10833333281249999 0.08395061718749999 0.10833333281249999 0.0296296296875 0.0861111109375 0.0296296296875 0.0638888890625 0.0296296296875 0.0638888890625 0.08395061718749999 0.0638888890625 0.1382716046875 0.0861111109375 0.1382716046875 0.10833333281249999 0.1382716046875
0 0.04305555625 0.20740740781250003 0.04305555625 0.15925925937500002 0.04305555625 0.1111111109375 0.022222221875 0.1111111109375 0.0013888890625 0.1111111109375 0.0013888890625 0.15925925937500002 0.0013888890625 0.20740740781250003 0.022222221875 0.20740740781250003 0.04305555625 0.20740740781250003