0 0.902777778125 0.158024690625 0.902777778125 0.1123456796875 0.902777778125 0.0666666671875 0.8736111109375001 0.0666666671875 0.8444444437499999 0.0666666671875 0.8444444437499999 0.1123456796875 0.8444444437499999 0.158024690625 0.8736111109375001 0.158024690625 0.902777778125 0.158024690625
1 0.852777778125 0.23209876562499998 0.852777778125 0.195061728125 0.852777778125 0.158024690625 0.8166666671874999 0.158024690625 0.7805555562500001 0.158024690625 0.7805555562500001 0.195061728125 0.7805555562500001 0.23209876562499998 0.8166666671874999 0.23209876562499998 0.852777778125 0.23209876562499998
1 0.8111111109375001 0.12098765468749999 0.8111111109375001 0.0888888890625 0.8111111109375001 0.05679012343749999 0.7805555562500001 0.05679012343749999 0.75 0.05679012343749999 0.75 0.0888888890625 0.75 0.12098765468749999 0.7805555562500001 0.12098765468749999 0.8111111109375001 0.12098765468749999
1 0.3541666671875 0.2790123453125 0.3541666671875 0.23333333281250002 0.3541666671875 0.1876543203125 0.30694444375 0.1876543203125 0.259722221875 0.1876543203125 0.259722221875 0.23333333281250002 0.259722221875 0.2790123453125 0.30694444375 0.2790123453125 0.3541666671875 0.2790123453125
0 0.1611111109375 0.36296296250000004 0.1611111109375 0.28271605 0.1611111109375 0.20246913593750002 0.1111111109375 0.20246913593750002 0.061111110937500004 0.20246913593750002 0.061111110937500004 0.28271605 0.061111110937500004 0.36296296250000004 0.1111111109375 0.36296296250000004 0.1611111109375 0.36296296250000004
0 0.20833333281250002 0.6148148140624999 0.20833333281250002 0.503703703125 0.20833333281250002 0.3925925921875 0.1548611109375 0.3925925921875 0.10138888906250001 0.3925925921875 0.10138888906250001 0.503703703125 0.10138888906250001 0.6148148140624999 0.1548611109375 0.6148148140624999 0.20833333281250002 0.6148148140624999
0 0.8583333328125 0.41234567968749997 0.8583333328125 0.3518518515625 0.8583333328125 0.29135802499999996 0.8083333328125001 0.29135802499999996 0.7583333328124999 0.29135802499999996 0.7583333328124999 0.3518518515625 0.7583333328124999 0.41234567968749997 0.8083333328125001 0.41234567968749997 0.8583333328125 0.41234567968749997
0 0.9166666671874999 0.340740740625 0.9166666671874999 0.267901234375 0.9166666671874999 0.195061728125 0.872222221875 0.195061728125 0.827777778125 0.195061728125 0.827777778125 0.267901234375 0.827777778125 0.340740740625 0.872222221875 0.340740740625 0.9166666671874999 0.340740740625
0 1 0.2 0.971527778125 0.2 0.94305555625 0.2 0.94305555625 0.2876543203125 0.94305555625 0.3753086421875 0.971527778125 0.3753086421875 1 0.3753086421875 1 0.2876543203125 1 0.2
0 1 0.3703703703125 0.922222221875 0.3703703703125 0.8444444437499999 0.3703703703125 0.8444444437499999 0.5283950625 0.8444444437499999 0.686419753125 0.922222221875 0.686419753125 1 0.686419753125 1 0.5283950625 1 0.3703703703125
0 0.5208333328125 0.35308642031250004 0.5208333328125 0.29753086406249996 0.5208333328125 0.24197530937499998 0.4875 0.24197530937499998 0.45416666718750004 0.24197530937499998 0.45416666718750004 0.29753086406249996 0.45416666718750004 0.35308642031250004 0.4875 0.35308642031250004 0.5208333328125 0.35308642031250004
0 0.6805555562500001 0.649382715625 0.6805555562500001 0.530864196875 0.6805555562500001 0.41234567968749997 0.6256944437499999 0.41234567968749997 0.5708333328124999 0.41234567968749997 0.5708333328124999 0.530864196875 0.5708333328124999 0.649382715625 0.6256944437499999 0.649382715625 0.6805555562500001 0.649382715625
3 0.590277778125 0.5925925921874999 0.590277778125 0.51851851875 0.590277778125 0.44444444375 0.54444444375 0.44444444375 0.4986111109375 0.44444444375 0.4986111109375 0.51851851875 0.4986111109375 0.5925925921874999 0.54444444375 0.5925925921874999 0.590277778125 0.5925925921874999
2 0.75555555625 0.6469135796875001 0.75555555625 0.6074074078125 0.75555555625 0.5679012343750001 0.72430555625 0.5679012343750001 0.69305555625 0.5679012343750001 0.69305555625 0.6074074078125 0.69305555625 0.6469135796875001 0.72430555625 0.6469135796875001 0.75555555625 0.6469135796875001
3 0.7361111109375 0.550617284375 0.7361111109375 0.49259259218749996 0.7361111109375 0.43456790156249997 0.6958333328124999 0.43456790156249997 0.6555555562500001 0.43456790156249997 0.6555555562500001 0.49259259218749996 0.6555555562500001 0.550617284375 0.6958333328124999 0.550617284375 0.7361111109375 0.550617284375