1 0.47083333281249995 0.3061728390625 0.47083333281249995 0.27777777812500004 0.47083333281249995 0.249382715625 0.4458333328125 0.249382715625 0.42083333281249996 0.249382715625 0.42083333281249996 0.27777777812500004 0.42083333281249996 0.3061728390625 0.4458333328125 0.3061728390625 0.47083333281249995 0.3061728390625
0 0.6152777781250001 0.259259259375 0.6152777781250001 0.2296296296875 0.6152777781250001 0.2 0.6006944437499999 0.2 0.5861111109375 0.2 0.5861111109375 0.2296296296875 0.5861111109375 0.259259259375 0.6006944437499999 0.259259259375 0.6152777781250001 0.259259259375
0 0.58055555625 0.330864196875 0.58055555625 0.30123456718749997 0.58055555625 0.2716049375 0.565972221875 0.2716049375 0.5513888890625 0.2716049375 0.5513888890625 0.30123456718749997 0.5513888890625 0.330864196875 0.565972221875 0.330864196875 0.58055555625 0.330864196875
0 0.534722221875 0.3061728390625 0.534722221875 0.2666666671875 0.534722221875 0.22716049374999997 0.515277778125 0.22716049374999997 0.49583333281249997 0.22716049374999997 0.49583333281249997 0.2666666671875 0.49583333281249997 0.3061728390625 0.515277778125 0.3061728390625 0.534722221875 0.3061728390625
0 0.3333333328125 0.2148148140625 0.3333333328125 0.18271605 0.3333333328125 0.150617284375 0.3145833328125 0.150617284375 0.2958333328125 0.150617284375 0.2958333328125 0.18271605 0.2958333328125 0.2148148140625 0.3145833328125 0.2148148140625 0.3333333328125 0.2148148140625
0 0.33055555625 0.2938271609375 0.33055555625 0.2604938265625 0.33055555625 0.22716049374999997 0.3111111109375 0.22716049374999997 0.2916666671875 0.22716049374999997 0.2916666671875 0.2604938265625 0.2916666671875 0.2938271609375 0.3111111109375 0.2938271609375 0.33055555625 0.2938271609375
0 0.3611111109375 0.26419753125 0.3611111109375 0.2296296296875 0.3611111109375 0.195061728125 0.3416666671875 0.195061728125 0.322222221875 0.195061728125 0.322222221875 0.2296296296875 0.322222221875 0.26419753125 0.3416666671875 0.26419753125 0.3611111109375 0.26419753125
3 0.2388888890625 0.6666666671875 0.2388888890625 0.6259259265625 0.2388888890625 0.5851851859375 0.20347222187499997 0.5851851859375 0.16805555625 0.5851851859375 0.16805555625 0.6259259265625 0.16805555625 0.6666666671875 0.20347222187499997 0.6666666671875 0.2388888890625 0.6666666671875
0 0.9166666671874999 0.40987654375 0.9166666671874999 0.3802469140625 0.9166666671874999 0.350617284375 0.8861111109375001 0.350617284375 0.85555555625 0.350617284375 0.85555555625 0.3802469140625 0.85555555625 0.40987654375 0.8861111109375001 0.40987654375 0.9166666671874999 0.40987654375
0 0.49305555625 0.4617283953125 0.49305555625 0.39382716093750003 0.49305555625 0.32592592656249997 0.44444444375 0.32592592656249997 0.3958333328125 0.32592592656249997 0.3958333328125 0.39382716093750003 0.3958333328125 0.4617283953125 0.44444444375 0.4617283953125 0.49305555625 0.4617283953125
0 0.47222222187499996 0.6024691359375 0.47222222187499996 0.5197530859375 0.47222222187499996 0.4370370375 0.42083333281249996 0.4370370375 0.36944444375 0.4370370375 0.36944444375 0.5197530859375 0.36944444375 0.6024691359375 0.42083333281249996 0.6024691359375 0.47222222187499996 0.6024691359375
0 0.5166666671875 0.8691358031249999 0.5166666671875 0.786419753125 0.5166666671875 0.703703703125 0.4798611109375 0.703703703125 0.44305555625000004 0.703703703125 0.44305555625000004 0.786419753125 0.44305555625000004 0.8691358031249999 0.4798611109375 0.8691358031249999 0.5166666671875 0.8691358031249999
1 0.772222221875 0.42469135781249995 0.772222221875 0.3753086421875 0.772222221875 0.32592592656249997 0.7263888890625 0.32592592656249997 0.6805555562500001 0.32592592656249997 0.6805555562500001 0.3753086421875 0.6805555562500001 0.42469135781249995 0.7263888890625 0.42469135781249995 0.772222221875 0.42469135781249995
1 1 0.5259259265625 0.959722221875 0.5259259265625 0.91944444375 0.5259259265625 0.91944444375 0.6024691359375 0.91944444375 0.6790123453125 0.959722221875 0.6790123453125 1 0.6790123453125 1 0.6024691359375 1 0.5259259265625
3 0.397222221875 0.6345679015625 0.397222221875 0.5876543203125 0.397222221875 0.540740740625 0.37013888906250003 0.540740740625 0.34305555625 0.540740740625 0.34305555625 0.5876543203125 0.34305555625 0.6345679015625 0.37013888906250003 0.6345679015625 0.397222221875 0.6345679015625
0 0.2138888890625 0.5654320984375001 0.2138888890625 0.5197530859375 0.2138888890625 0.47407407343749997 0.1826388890625 0.47407407343749997 0.1513888890625 0.47407407343749997 0.1513888890625 0.5197530859375 0.1513888890625 0.5654320984375001 0.1826388890625 0.5654320984375001 0.2138888890625 0.5654320984375001
0 0.32083333281250004 0.686419753125 0.32083333281250004 0.6234567906249999 0.32083333281250004 0.5604938265625 0.2791666671875 0.5604938265625 0.2375 0.5604938265625 0.2375 0.6234567906249999 0.2375 0.686419753125 0.2791666671875 0.686419753125 0.32083333281250004 0.686419753125