0 0.440277778125 0.9012345671875 0.440277778125 0.8518518515625001 0.440277778125 0.8024691359375 0.415972221875 0.8024691359375 0.3916666671875 0.8024691359375 0.3916666671875 0.8518518515625001 0.3916666671875 0.9012345671875 0.415972221875 0.9012345671875 0.440277778125 0.9012345671875
0 0.15972222187500001 0.59012345625 0.15972222187500001 0.5432098765625 0.15972222187500001 0.49629629687500004 0.134027778125 0.49629629687500004 0.10833333281249999 0.49629629687500004 0.10833333281249999 0.5432098765625 0.10833333281249999 0.59012345625 0.134027778125 0.59012345625 0.15972222187500001 0.59012345625
0 0.44305555625000004 0.47407407343749997 0.44305555625000004 0.45308642031249996 0.44305555625000004 0.432098765625 0.4270833328125 0.432098765625 0.41111111093749997 0.432098765625 0.41111111093749997 0.45308642031249996 0.41111111093749997 0.47407407343749997 0.4270833328125 0.47407407343749997 0.44305555625000004 0.47407407343749997
0 0.45277777812500003 0.41728395 0.45277777812500003 0.3851851859375 0.45277777812500003 0.35308642031250004 0.4361111109375 0.35308642031250004 0.41944444374999995 0.35308642031250004 0.41944444374999995 0.3851851859375 0.41944444374999995 0.41728395 0.4361111109375 0.41728395 0.45277777812500003 0.41728395
0 0.0986111109375 1 0.0986111109375 0.932098765625 0.0986111109375 0.86419753125 0.05208333281250001 0.86419753125 0.00555555625 0.86419753125 0.00555555625 0.932098765625 0.00555555625 1 0.05208333281250001 1 0.0986111109375 1
0 0.3166666671875 0.686419753125 0.3166666671875 0.6382716046875 0.3166666671875 0.59012345625 0.28958333281250004 0.59012345625 0.2625 0.59012345625 0.2625 0.6382716046875 0.2625 0.686419753125 0.28958333281250004 0.686419753125 0.3166666671875 0.686419753125
0 0.534722221875 0.540740740625 0.534722221875 0.5061728390625 0.534722221875 0.4716049375 0.51944444375 0.4716049375 0.5041666671875 0.4716049375 0.5041666671875 0.5061728390625 0.5041666671875 0.540740740625 0.51944444375 0.540740740625 0.534722221875 0.540740740625
0 0.45416666718750004 0.767901234375 0.45416666718750004 0.7246913578124999 0.45416666718750004 0.68148148125 0.43541666718750005 0.68148148125 0.4166666671875 0.68148148125 0.4166666671875 0.7246913578124999 0.4166666671875 0.767901234375 0.43541666718750005 0.767901234375 0.45416666718750004 0.767901234375
0 0.8375 0.23456790156250001 0.8375 0.17283950625 0.8375 0.1111111109375 0.8027777781250001 0.1111111109375 0.76805555625 0.1111111109375 0.76805555625 0.17283950625 0.76805555625 0.23456790156250001 0.8027777781250001 0.23456790156250001 0.8375 0.23456790156250001
0 0.5694444437499999 0.2395061734375 0.5694444437499999 0.20740740781250003 0.5694444437499999 0.1753086421875 0.5527777781250001 0.1753086421875 0.5361111109375 0.1753086421875 0.5361111109375 0.20740740781250003 0.5361111109375 0.2395061734375 0.5527777781250001 0.2395061734375 0.5694444437499999 0.2395061734375
0 0.16805555625 0.41728395 0.16805555625 0.38271605000000003 0.16805555625 0.3481481484375 0.14791666718750002 0.3481481484375 0.127777778125 0.3481481484375 0.127777778125 0.38271605000000003 0.127777778125 0.41728395 0.14791666718750002 0.41728395 0.16805555625 0.41728395
3 1 0.577777778125 0.93125 0.577777778125 0.8625 0.577777778125 0.8625 0.6975308640625 0.8625 0.81728395 0.93125 0.81728395 1 0.81728395 1 0.6975308640625 1 0.577777778125
0 0.9708333328125001 0.60987654375 0.9708333328125001 0.5604938265625 0.9708333328125001 0.5111111109375 0.9145833328125 0.5111111109375 0.8583333328125 0.5111111109375 0.8583333328125 0.5604938265625 0.8583333328125 0.60987654375 0.9145833328125 0.60987654375 0.9708333328125001 0.60987654375