1 0.447222221875 0.7333333328125 0.447222221875 0.6987654328125 0.447222221875 0.6641975312499999 0.40833333281249995 0.6641975312499999 0.36944444375 0.6641975312499999 0.36944444375 0.6987654328125 0.36944444375 0.7333333328125 0.40833333281249995 0.7333333328125 0.447222221875 0.7333333328125
1 0.46666666718750005 0.8938271609375 0.46666666718750005 0.85555555625 0.46666666718750005 0.81728395 0.428472221875 0.81728395 0.39027777812500003 0.81728395 0.39027777812500003 0.85555555625 0.39027777812500003 0.8938271609375 0.428472221875 0.8938271609375 0.46666666718750005 0.8938271609375
0 0.3736111109375 0.0938271609375 0.3736111109375 0.061728395312499997 0.3736111109375 0.0296296296875 0.352777778125 0.0296296296875 0.33194444375 0.0296296296875 0.33194444375 0.061728395312499997 0.33194444375 0.0938271609375 0.352777778125 0.0938271609375 0.3736111109375 0.0938271609375
0 0.25694444375000003 0.269135803125 0.25694444375000003 0.2395061734375 0.25694444375000003 0.20987654375 0.23680555625 0.20987654375 0.2166666671875 0.20987654375 0.2166666671875 0.2395061734375 0.2166666671875 0.269135803125 0.23680555625 0.269135803125 0.25694444375000003 0.269135803125
0 0.2625 0.5703703703125 0.2625 0.5246913578125 0.2625 0.47901234531250003 0.23819444375 0.47901234531250003 0.2138888890625 0.47901234531250003 0.2138888890625 0.5246913578125 0.2138888890625 0.5703703703125 0.23819444375 0.5703703703125 0.2625 0.5703703703125
0 0.2875 0.4395061734375 0.2875 0.4024691359375 0.2875 0.3654320984375 0.26597222187499997 0.3654320984375 0.24444444375000002 0.3654320984375 0.24444444375000002 0.4024691359375 0.24444444375000002 0.4395061734375 0.26597222187499997 0.4395061734375 0.2875 0.4395061734375
0 0.3236111109375 0.523456790625 0.3236111109375 0.48271604999999995 0.3236111109375 0.44197530937499996 0.30069444375 0.44197530937499996 0.27777777812500004 0.44197530937499996 0.27777777812500004 0.48271604999999995 0.27777777812500004 0.523456790625 0.30069444375 0.523456790625 0.3236111109375 0.523456790625
0 0.547222221875 0.7481481484375 0.547222221875 0.6938271609375 0.547222221875 0.6395061734375 0.5166666671875 0.6395061734375 0.4861111109375 0.6395061734375 0.4861111109375 0.6938271609375 0.4861111109375 0.7481481484375 0.5166666671875 0.7481481484375 0.547222221875 0.7481481484375
0 0.6736111109375 0.649382715625 0.6736111109375 0.6061728390625001 0.6736111109375 0.5629629625 0.6548611109375 0.5629629625 0.6361111109375 0.5629629625 0.6361111109375 0.6061728390625001 0.6361111109375 0.649382715625 0.6548611109375 0.649382715625 0.6736111109375 0.649382715625
0 0.6152777781250001 0.8024691359375 0.6152777781250001 0.758024690625 0.6152777781250001 0.713580246875 0.5916666671875 0.713580246875 0.56805555625 0.713580246875 0.56805555625 0.758024690625 0.56805555625 0.8024691359375 0.5916666671875 0.8024691359375 0.6152777781250001 0.8024691359375
3 0.6180555562500001 0.95555555625 0.6180555562500001 0.9086419749999999 0.6180555562500001 0.8617283953125 0.58194444375 0.8617283953125 0.5458333328125 0.8617283953125 0.5458333328125 0.9086419749999999 0.5458333328125 0.95555555625 0.58194444375 0.95555555625 0.6180555562500001 0.95555555625
3 0.672222221875 0.9481481484375 0.672222221875 0.8987654328125 0.672222221875 0.8493827156249999 0.64444444375 0.8493827156249999 0.6166666671875001 0.8493827156249999 0.6166666671875001 0.8987654328125 0.6166666671875001 0.9481481484375 0.64444444375 0.9481481484375 0.672222221875 0.9481481484375
3 0.6166666671875001 0.8691358031249999 0.6166666671875001 0.8320987656250001 0.6166666671875001 0.795061728125 0.5923611109375 0.795061728125 0.56805555625 0.795061728125 0.56805555625 0.8320987656250001 0.56805555625 0.8691358031249999 0.5923611109375 0.8691358031249999 0.6166666671875001 0.8691358031249999
3 0.6541666671875 0.8320987656250001 0.6541666671875 0.79012345625 0.6541666671875 0.7481481484375 0.627777778125 0.7481481484375 0.6013888890625 0.7481481484375 0.6013888890625 0.79012345625 0.6013888890625 0.8320987656250001 0.627777778125 0.8320987656250001 0.6541666671875 0.8320987656250001