1 0.5166666671875 0.3111111109375 0.5166666671875 0.240740740625 0.5166666671875 0.1703703703125 0.47569444375 0.1703703703125 0.434722221875 0.1703703703125 0.434722221875 0.240740740625 0.434722221875 0.3111111109375 0.47569444375 0.3111111109375 0.5166666671875 0.3111111109375
3 0.3 0.995061728125 0.3 0.9209876546875 0.3 0.8469135796874999 0.25486111093749997 0.8469135796874999 0.20972222187499998 0.8469135796874999 0.20972222187499998 0.9209876546875 0.20972222187499998 0.995061728125 0.25486111093749997 0.995061728125 0.3 0.995061728125
3 0.0958333328125 0.9012345671875 0.0958333328125 0.840740740625 0.0958333328125 0.7802469140625 0.0486111109375 0.7802469140625 0.0013888890625 0.7802469140625 0.0013888890625 0.840740740625 0.0013888890625 0.9012345671875 0.0486111109375 0.9012345671875 0.0958333328125 0.9012345671875
0 0.0388888890625 0.7802469140625 0.0388888890625 0.713580246875 0.0388888890625 0.6469135796875001 0.020138889062500002 0.6469135796875001 0.0013888890625 0.6469135796875001 0.0013888890625 0.713580246875 0.0013888890625 0.7802469140625 0.020138889062500002 0.7802469140625 0.0388888890625 0.7802469140625
0 0.2611111109375 0.28148148125 0.2611111109375 0.18271605 0.2611111109375 0.08395061718749999 0.2104166671875 0.08395061718749999 0.15972222187500001 0.08395061718749999 0.15972222187500001 0.18271605 0.15972222187500001 0.28148148125 0.2104166671875 0.28148148125 0.2611111109375 0.28148148125
0 0.477777778125 0.4716049375 0.477777778125 0.40493827187500003 0.477777778125 0.3382716046875 0.4388888890625 0.3382716046875 0.4 0.3382716046875 0.4 0.40493827187500003 0.4 0.4716049375 0.4388888890625 0.4716049375 0.477777778125 0.4716049375
0 0.447222221875 0.8197530859375 0.447222221875 0.7543209875 0.447222221875 0.6888888890625 0.40208333281249997 0.6888888890625 0.35694444375 0.6888888890625 0.35694444375 0.7543209875 0.35694444375 0.8197530859375 0.40208333281249997 0.8197530859375 0.447222221875 0.8197530859375
0 0.540277778125 0.9654320984375 0.540277778125 0.9 0.540277778125 0.8345679015625 0.509027778125 0.8345679015625 0.477777778125 0.8345679015625 0.477777778125 0.9 0.477777778125 0.9654320984375 0.509027778125 0.9654320984375 0.540277778125 0.9654320984375
0 0.602777778125 0.9086419749999999 0.602777778125 0.8358024687500001 0.602777778125 0.7629629625 0.5625 0.7629629625 0.522222221875 0.7629629625 0.522222221875 0.8358024687500001 0.522222221875 0.9086419749999999 0.5625 0.9086419749999999 0.602777778125 0.9086419749999999
0 0.73194444375 0.676543209375 0.73194444375 0.6283950625 0.73194444375 0.5802469140625 0.6979166671875 0.5802469140625 0.6638888890625 0.5802469140625 0.6638888890625 0.6283950625 0.6638888890625 0.676543209375 0.6979166671875 0.676543209375 0.73194444375 0.676543209375
0 0.6805555562500001 0.5925925921874999 0.6805555562500001 0.559259259375 0.6805555562500001 0.5259259265625 0.6520833328125 0.5259259265625 0.6236111109375 0.5259259265625 0.6236111109375 0.559259259375 0.6236111109375 0.5925925921874999 0.6520833328125 0.5925925921874999 0.6805555562500001 0.5925925921874999
0 0.7638888890625 0.286419753125 0.7638888890625 0.2617283953125 0.7638888890625 0.2370370375 0.7458333328125 0.2370370375 0.727777778125 0.2370370375 0.727777778125 0.2617283953125 0.727777778125 0.286419753125 0.7458333328125 0.286419753125 0.7638888890625 0.286419753125
3 0.3541666671875 0.46419753124999996 0.3541666671875 0.391358025 0.3541666671875 0.31851851875000003 0.3104166671875 0.31851851875000003 0.2666666671875 0.31851851875000003 0.2666666671875 0.391358025 0.2666666671875 0.46419753124999996 0.3104166671875 0.46419753124999996 0.3541666671875 0.46419753124999996
3 0.1263888890625 0.1604938265625 0.1263888890625 0.08148148125 0.1263888890625 0.0024691359375 0.0638888890625 0.0024691359375 0.0013888890625 0.0024691359375 0.0013888890625 0.08148148125 0.0013888890625 0.1604938265625 0.0638888890625 0.1604938265625 0.1263888890625 0.1604938265625