3 0.7 0.9456790125 0.7 0.877777778125 0.7 0.8098765437500001 0.6583333328125 0.8098765437500001 0.6166666671875001 0.8098765437500001 0.6166666671875001 0.877777778125 0.6166666671875001 0.9456790125 0.6583333328125 0.9456790125 0.7 0.9456790125
3 0.7708333328125 0.9604938265625 0.7708333328125 0.88148148125 0.7708333328125 0.8024691359375 0.73125 0.8024691359375 0.6916666671875 0.8024691359375 0.6916666671875 0.88148148125 0.6916666671875 0.9604938265625 0.73125 0.9604938265625 0.7708333328125 0.9604938265625
3 0.7013888890625 0.8098765437500001 0.7013888890625 0.7617283953125 0.7013888890625 0.713580246875 0.67430555625 0.713580246875 0.647222221875 0.713580246875 0.647222221875 0.7617283953125 0.647222221875 0.8098765437500001 0.67430555625 0.8098765437500001 0.7013888890625 0.8098765437500001
3 0.75 0.77283950625 0.75 0.7148148140624999 0.75 0.6567901234375 0.71875 0.6567901234375 0.6875 0.6567901234375 0.6875 0.7148148140624999 0.6875 0.77283950625 0.71875 0.77283950625 0.75 0.77283950625
0 0.6388888890625 0.6666666671875 0.6388888890625 0.604938271875 0.6388888890625 0.5432098765625 0.6034722218749999 0.5432098765625 0.56805555625 0.5432098765625 0.56805555625 0.604938271875 0.56805555625 0.6666666671875 0.6034722218749999 0.6666666671875 0.6388888890625 0.6666666671875
0 0.3083333328125 0.3456790125 0.3083333328125 0.29753086406249996 0.3083333328125 0.249382715625 0.27638888906250003 0.249382715625 0.24444444375000002 0.249382715625 0.24444444375000002 0.29753086406249996 0.24444444375000002 0.3456790125 0.27638888906250003 0.3456790125 0.3083333328125 0.3456790125
0 0.34305555625 0.1925925921875 0.34305555625 0.14691357968750002 0.34305555625 0.10123456718749999 0.3138888890625 0.10123456718749999 0.28472222187499996 0.10123456718749999 0.28472222187499996 0.14691357968750002 0.28472222187499996 0.1925925921875 0.3138888890625 0.1925925921875 0.34305555625 0.1925925921875
0 0.3736111109375 0.3061728390625 0.3736111109375 0.258024690625 0.3736111109375 0.20987654375 0.3479166671875 0.20987654375 0.322222221875 0.20987654375 0.322222221875 0.258024690625 0.322222221875 0.3061728390625 0.3479166671875 0.3061728390625 0.3736111109375 0.3061728390625
0 0.784722221875 0.5283950625 0.784722221875 0.48148148125 0.784722221875 0.43456790156249997 0.765277778125 0.43456790156249997 0.7458333328125 0.43456790156249997 0.7458333328125 0.48148148125 0.7458333328125 0.5283950625 0.765277778125 0.5283950625 0.784722221875 0.5283950625
0 0.6958333328124999 0.713580246875 0.6958333328124999 0.667901234375 0.6958333328124999 0.622222221875 0.6729166671875 0.622222221875 0.65 0.622222221875 0.65 0.667901234375 0.65 0.713580246875 0.6729166671875 0.713580246875 0.6958333328124999 0.713580246875
1 0.5166666671875 0.622222221875 0.5166666671875 0.58148148125 0.5166666671875 0.540740740625 0.47083333281249995 0.540740740625 0.425 0.540740740625 0.425 0.58148148125 0.425 0.622222221875 0.47083333281249995 0.622222221875 0.5166666671875 0.622222221875
1 0.527777778125 0.8469135796874999 0.527777778125 0.7975308640625001 0.527777778125 0.7481481484375 0.48194444374999995 0.7481481484375 0.4361111109375 0.7481481484375 0.4361111109375 0.7975308640625001 0.4361111109375 0.8469135796874999 0.48194444374999995 0.8469135796874999 0.527777778125 0.8469135796874999