0 0.23472222187499997 0.8567901234375 0.23472222187499997 0.8209876546875 0.23472222187499997 0.7851851859375001 0.21597222187499998 0.7851851859375001 0.197222221875 0.7851851859375001 0.197222221875 0.8209876546875 0.197222221875 0.8567901234375 0.21597222187499998 0.8567901234375 0.23472222187499997 0.8567901234375
0 0.08333333281250001 0.8518518515625001 0.08333333281250001 0.8098765437500001 0.08333333281250001 0.767901234375 0.047222221875 0.767901234375 0.0111111109375 0.767901234375 0.0111111109375 0.8098765437500001 0.0111111109375 0.8518518515625001 0.047222221875 0.8518518515625001 0.08333333281250001 0.8518518515625001
0 0.55 0.23456790156250001 0.55 0.20370370312500002 0.55 0.17283950625 0.534722221875 0.17283950625 0.51944444375 0.17283950625 0.51944444375 0.20370370312500002 0.51944444375 0.23456790156250001 0.534722221875 0.23456790156250001 0.55 0.23456790156250001
0 0.40833333281249995 0.38765432031249997 0.40833333281249995 0.3604938265625 0.40833333281249995 0.3333333328125 0.3916666671875 0.3333333328125 0.375 0.3333333328125 0.375 0.3604938265625 0.375 0.38765432031249997 0.3916666671875 0.38765432031249997 0.40833333281249995 0.38765432031249997
0 0.49444444374999996 0.5061728390625 0.49444444374999996 0.47901234531250003 0.49444444374999996 0.45185185156249996 0.4770833328125 0.45185185156249996 0.459722221875 0.45185185156249996 0.459722221875 0.47901234531250003 0.459722221875 0.5061728390625 0.4770833328125 0.5061728390625 0.49444444374999996 0.5061728390625
0 0.40972222187499996 0.9975308640625 0.40972222187499996 0.959259259375 0.40972222187499996 0.9209876546875 0.38194444375000003 0.9209876546875 0.3541666671875 0.9209876546875 0.3541666671875 0.959259259375 0.3541666671875 0.9975308640625 0.38194444375000003 0.9975308640625 0.40972222187499996 0.9975308640625
3 0.40694444374999994 0.7185185187500001 0.40694444374999994 0.6876543203125001 0.40694444374999994 0.6567901234375 0.3875 0.6567901234375 0.36805555624999997 0.6567901234375 0.36805555624999997 0.6876543203125001 0.36805555624999997 0.7185185187500001 0.3875 0.7185185187500001 0.40694444374999994 0.7185185187500001
3 0.66805555625 0.8148148140625 0.66805555625 0.7604938265625 0.66805555625 0.7061728390625001 0.627777778125 0.7061728390625001 0.5875 0.7061728390625001 0.5875 0.7604938265625 0.5875 0.8148148140625 0.627777778125 0.8148148140625 0.66805555625 0.8148148140625
3 0.6458333328125 0.5703703703125 0.6458333328125 0.540740740625 0.6458333328125 0.5111111109375 0.6243055562500001 0.5111111109375 0.602777778125 0.5111111109375 0.602777778125 0.540740740625 0.602777778125 0.5703703703125 0.6243055562500001 0.5703703703125 0.6458333328125 0.5703703703125
3 0.7041666671875 0.5012345671875 0.7041666671875 0.45679012343750003 0.7041666671875 0.41234567968749997 0.6729166671875 0.41234567968749997 0.6416666671875 0.41234567968749997 0.6416666671875 0.45679012343750003 0.6416666671875 0.5012345671875 0.6729166671875 0.5012345671875 0.7041666671875 0.5012345671875
0 0.83055555625 0.859259259375 0.83055555625 0.8209876546875 0.83055555625 0.78271605 0.80625 0.78271605 0.7819444437499999 0.78271605 0.7819444437499999 0.8209876546875 0.7819444437499999 0.859259259375 0.80625 0.859259259375 0.83055555625 0.859259259375