1 0.11944444375 0.708641975 0.11944444375 0.6604938265625 0.11944444375 0.6123456796875 0.061805556250000004 0.6123456796875 0.0041666671875 0.6123456796875 0.0041666671875 0.6604938265625 0.0041666671875 0.708641975 0.061805556250000004 0.708641975 0.11944444375 0.708641975
0 0.490277778125 0.25679012343749996 0.490277778125 0.2 0.490277778125 0.1432098765625 0.459722221875 0.1432098765625 0.4291666671875 0.1432098765625 0.4291666671875 0.2 0.4291666671875 0.25679012343749996 0.459722221875 0.25679012343749996 0.490277778125 0.25679012343749996
0 0.09305555625 0.377777778125 0.09305555625 0.340740740625 0.09305555625 0.303703703125 0.0645833328125 0.303703703125 0.0361111109375 0.303703703125 0.0361111109375 0.340740740625 0.0361111109375 0.377777778125 0.0645833328125 0.377777778125 0.09305555625 0.377777778125
3 0.91805555625 0.7382716046875 0.91805555625 0.67283950625 0.91805555625 0.6074074078125 0.8680555562500001 0.6074074078125 0.81805555625 0.6074074078125 0.81805555625 0.67283950625 0.81805555625 0.7382716046875 0.8680555562500001 0.7382716046875 0.91805555625 0.7382716046875
3 0.315277778125 0.5753086421875 0.315277778125 0.5271604937500001 0.315277778125 0.47901234531250003 0.28125 0.47901234531250003 0.24722222187499998 0.47901234531250003 0.24722222187499998 0.5271604937500001 0.24722222187499998 0.5753086421875 0.28125 0.5753086421875 0.315277778125 0.5753086421875
3 0.17361111093749998 0.45679012343750003 0.17361111093749998 0.42716049375000004 0.17361111093749998 0.3975308640625 0.14791666718750002 0.3975308640625 0.12222222187500001 0.3975308640625 0.12222222187500001 0.42716049375000004 0.12222222187500001 0.45679012343750003 0.14791666718750002 0.45679012343750003 0.17361111093749998 0.45679012343750003
0 0.6875 0.4716049375 0.6875 0.41851851875 0.6875 0.3654320984375 0.6541666671875 0.3654320984375 0.6208333328125 0.3654320984375 0.6208333328125 0.41851851875 0.6208333328125 0.4716049375 0.6541666671875 0.4716049375 0.6875 0.4716049375
0 0.14444444375 1 0.14444444375 0.9691358031249999 0.14444444375 0.9382716046875 0.1111111109375 0.9382716046875 0.077777778125 0.9382716046875 0.077777778125 0.9691358031249999 0.077777778125 1 0.1111111109375 1 0.14444444375 1
0 0.7361111109375 0.195061728125 0.7361111109375 0.12716049375 0.7361111109375 0.059259259375 0.6875 0.059259259375 0.6388888890625 0.059259259375 0.6388888890625 0.12716049375 0.6388888890625 0.195061728125 0.6875 0.195061728125 0.7361111109375 0.195061728125
0 0.17916666718750002 0.5802469140625 0.17916666718750002 0.5567901234375 0.17916666718750002 0.5333333328125 0.159027778125 0.5333333328125 0.13888888906250002 0.5333333328125 0.13888888906250002 0.5567901234375 0.13888888906250002 0.5802469140625 0.159027778125 0.5802469140625 0.17916666718750002 0.5802469140625
0 0.134722221875 0.5679012343750001 0.134722221875 0.530864196875 0.134722221875 0.49382716093749995 0.10555555624999999 0.49382716093749995 0.07638888906249999 0.49382716093749995 0.07638888906249999 0.530864196875 0.07638888906249999 0.5679012343750001 0.10555555624999999 0.5679012343750001 0.134722221875 0.5679012343750001