0 0.7666666671875 0.2469135796875 0.7666666671875 0.2123456796875 0.7666666671875 0.177777778125 0.7486111109375 0.177777778125 0.73055555625 0.177777778125 0.73055555625 0.2123456796875 0.73055555625 0.2469135796875 0.7486111109375 0.2469135796875 0.7666666671875 0.2469135796875
0 0.3166666671875 0.8222222218749999 0.3166666671875 0.795061728125 0.3166666671875 0.767901234375 0.30069444375 0.767901234375 0.28472222187499996 0.767901234375 0.28472222187499996 0.795061728125 0.28472222187499996 0.8222222218749999 0.30069444375 0.8222222218749999 0.3166666671875 0.8222222218749999
0 0.3625 0.81728395 0.3625 0.7802469140625 0.3625 0.7432098765624999 0.3458333328125 0.7432098765624999 0.3291666671875 0.7432098765624999 0.3291666671875 0.7802469140625 0.3291666671875 0.81728395 0.3458333328125 0.81728395 0.3625 0.81728395
0 0.4888888890625 0.91851851875 0.4888888890625 0.88148148125 0.4888888890625 0.8444444437499999 0.4576388890625 0.8444444437499999 0.4263888890625 0.8444444437499999 0.4263888890625 0.88148148125 0.4263888890625 0.91851851875 0.4576388890625 0.91851851875 0.4888888890625 0.91851851875
0 0.6388888890625 0.23456790156250001 0.6388888890625 0.2061728390625 0.6388888890625 0.177777778125 0.61875 0.177777778125 0.5986111109375 0.177777778125 0.5986111109375 0.2061728390625 0.5986111109375 0.23456790156250001 0.61875 0.23456790156250001 0.6388888890625 0.23456790156250001
0 0.7430555562500001 0.42222222187499997 0.7430555562500001 0.3740740734375 0.7430555562500001 0.32592592656249997 0.7201388890625 0.32592592656249997 0.6972222218749999 0.32592592656249997 0.6972222218749999 0.3740740734375 0.6972222218749999 0.42222222187499997 0.7201388890625 0.42222222187499997 0.7430555562500001 0.42222222187499997
0 0.6583333328125 0.795061728125 0.6583333328125 0.749382715625 0.6583333328125 0.703703703125 0.6291666671875 0.703703703125 0.6 0.703703703125 0.6 0.749382715625 0.6 0.795061728125 0.6291666671875 0.795061728125 0.6583333328125 0.795061728125
3 0.584722221875 1 0.584722221875 0.96419753125 0.584722221875 0.9283950624999999 0.5520833328125 0.9283950624999999 0.51944444375 0.9283950624999999 0.51944444375 0.96419753125 0.51944444375 1 0.5520833328125 1 0.584722221875 1
3 0.34444444375 0.9358024687500001 0.34444444375 0.90987654375 0.34444444375 0.8839506171875 0.325 0.8839506171875 0.30555555624999997 0.8839506171875 0.30555555624999997 0.90987654375 0.30555555624999997 0.9358024687500001 0.325 0.9358024687500001 0.34444444375 0.9358024687500001
3 0.8194444437499999 0.42222222187499997 0.8194444437499999 0.391358025 0.8194444437499999 0.3604938265625 0.79930555625 0.3604938265625 0.7791666671875 0.3604938265625 0.7791666671875 0.391358025 0.7791666671875 0.42222222187499997 0.79930555625 0.42222222187499997 0.8194444437499999 0.42222222187499997
1 0.859722221875 0.4888888890625 0.859722221875 0.40987654375 0.859722221875 0.330864196875 0.84375 0.330864196875 0.827777778125 0.330864196875 0.827777778125 0.40987654375 0.827777778125 0.4888888890625 0.84375 0.4888888890625 0.859722221875 0.4888888890625