1 0.9166666671874999 0.5135802468749999 0.9166666671874999 0.4209876546875 0.9166666671874999 0.3283950625 0.88819444375 0.3283950625 0.859722221875 0.3283950625 0.859722221875 0.4209876546875 0.859722221875 0.5135802468749999 0.88819444375 0.5135802468749999 0.9166666671874999 0.5135802468749999
1 1 0.550617284375 0.9645833328125001 0.550617284375 0.9291666671875 0.550617284375 0.9291666671875 0.591358025 0.9291666671875 0.632098765625 0.9645833328125001 0.632098765625 1 0.632098765625 1 0.591358025 1 0.550617284375
3 0.9 0.8296296296874999 0.9 0.7888888890625 0.9 0.7481481484375 0.8770833328125001 0.7481481484375 0.8541666671874999 0.7481481484375 0.8541666671874999 0.7888888890625 0.8541666671874999 0.8296296296874999 0.8770833328125001 0.8296296296874999 0.9 0.8296296296874999
3 0.652777778125 0.33580246874999997 0.652777778125 0.2740740734375 0.652777778125 0.2123456796875 0.609027778125 0.2123456796875 0.565277778125 0.2123456796875 0.565277778125 0.2740740734375 0.565277778125 0.33580246874999997 0.609027778125 0.33580246874999997 0.652777778125 0.33580246874999997
3 0.197222221875 0.4469135796875 0.197222221875 0.39382716093750003 0.197222221875 0.340740740625 0.15972222187500001 0.340740740625 0.12222222187500001 0.340740740625 0.12222222187500001 0.39382716093750003 0.12222222187500001 0.4469135796875 0.15972222187500001 0.4469135796875 0.197222221875 0.4469135796875
0 0.8041666671875 0.91851851875 0.8041666671875 0.8209876546875 0.8041666671875 0.723456790625 0.7520833328125 0.723456790625 0.7 0.723456790625 0.7 0.8209876546875 0.7 0.91851851875 0.7520833328125 0.91851851875 0.8041666671875 0.91851851875
0 0.772222221875 0.23209876562499998 0.772222221875 0.19382716093750002 0.772222221875 0.15555555625 0.75555555625 0.15555555625 0.7388888890625 0.15555555625 0.7388888890625 0.19382716093750002 0.7388888890625 0.23209876562499998 0.75555555625 0.23209876562499998 0.772222221875 0.23209876562499998
0 0.7 0.0740740734375 0.7 0.040740740625 0.7 0.0074074078125 0.68194444375 0.0074074078125 0.6638888890625 0.0074074078125 0.6638888890625 0.040740740625 0.6638888890625 0.0740740734375 0.68194444375 0.0740740734375 0.7 0.0740740734375
0 0.9541666671875 0.3382716046875 0.9541666671875 0.30123456718749997 0.9541666671875 0.26419753125 0.9277777781250001 0.26419753125 0.9013888890624999 0.26419753125 0.9013888890624999 0.30123456718749997 0.9013888890624999 0.3382716046875 0.9277777781250001 0.3382716046875 0.9541666671875 0.3382716046875
0 0.7083333328125 0.2543209875 0.7083333328125 0.186419753125 0.7083333328125 0.11851851875 0.672222221875 0.11851851875 0.6361111109375 0.11851851875 0.6361111109375 0.186419753125 0.6361111109375 0.2543209875 0.672222221875 0.2543209875 0.7083333328125 0.2543209875
0 0.3708333328125 0.3851851859375 0.3708333328125 0.30987654375 0.3708333328125 0.23456790156250001 0.334722221875 0.23456790156250001 0.2986111109375 0.23456790156250001 0.2986111109375 0.30987654375 0.2986111109375 0.3851851859375 0.334722221875 0.3851851859375 0.3708333328125 0.3851851859375
0 0.42222222187499997 0.10864197499999999 0.42222222187499997 0.0604938265625 0.42222222187499997 0.0123456796875 0.39097222187499997 0.0123456796875 0.35972222187499997 0.0123456796875 0.35972222187499997 0.0604938265625 0.35972222187499997 0.10864197499999999 0.39097222187499997 0.10864197499999999 0.42222222187499997 0.10864197499999999