0 0.69375 0.5625 0.69375 0.5379629625 0.69375 0.5134259265625001 0.6794270828125 0.5134259265625001 0.6651041671875 0.5134259265625001 0.6651041671875 0.5379629625 0.6651041671875 0.5625 0.6794270828125 0.5625 0.69375 0.5625
0 0.5893229171875001 0.6009259265625 0.5893229171875001 0.56805555625 0.5893229171875001 0.5351851859375001 0.5692708328125 0.5351851859375001 0.54921875 0.5351851859375001 0.54921875 0.56805555625 0.54921875 0.6009259265625 0.5692708328125 0.6009259265625 0.5893229171875001 0.6009259265625
0 0.5645833328125 0.5268518515625 0.5645833328125 0.5046296296875 0.5645833328125 0.4824074078125 0.5473958328124999 0.4824074078125 0.5302083328125 0.4824074078125 0.5302083328125 0.5046296296875 0.5302083328125 0.5268518515625 0.5473958328124999 0.5268518515625 0.5645833328125 0.5268518515625
0 0.5411458328125 0.6171296296875 0.5411458328125 0.5944444437499999 0.5411458328125 0.571759259375 0.5231770828125 0.571759259375 0.5052083328125 0.571759259375 0.5052083328125 0.5944444437499999 0.5052083328125 0.6171296296875 0.5231770828125 0.6171296296875 0.5411458328125 0.6171296296875
0 0.75390625 0.7629629625 0.75390625 0.72476851875 0.75390625 0.6865740734375 0.730078125 0.6865740734375 0.70625 0.6865740734375 0.70625 0.72476851875 0.70625 0.7629629625 0.730078125 0.7629629625 0.75390625 0.7629629625
0 0.6359375 0.73101851875 0.6359375 0.6960648140625 0.6359375 0.6611111109375 0.6087239578125 0.6611111109375 0.5815104171875001 0.6611111109375 0.5815104171875001 0.6960648140625 0.5815104171875001 0.73101851875 0.6087239578125 0.73101851875 0.6359375 0.73101851875
0 0.5815104171875001 0.7356481484375 0.5815104171875001 0.696527778125 0.5815104171875001 0.6574074078125001 0.555859375 0.6574074078125001 0.5302083328125 0.6574074078125001 0.5302083328125 0.696527778125 0.5302083328125 0.7356481484375 0.555859375 0.7356481484375 0.5815104171875001 0.7356481484375
0 0.5174479171875 0.722222221875 0.5174479171875 0.6833333328125 0.5174479171875 0.64444444375 0.50078125 0.64444444375 0.48411458281249997 0.64444444375 0.48411458281249997 0.6833333328125 0.48411458281249997 0.722222221875 0.50078125 0.722222221875 0.5174479171875 0.722222221875
0 0.5083333328124999 0.6416666671875 0.5083333328124999 0.6083333328125 0.5083333328124999 0.575 0.49388020781249997 0.575 0.47942708281249996 0.575 0.47942708281249996 0.6083333328125 0.47942708281249996 0.6416666671875 0.49388020781249997 0.6416666671875 0.5083333328124999 0.6416666671875
0 0.5096354171875 0.8916666671875 0.5096354171875 0.85023148125 0.5096354171875 0.808796296875 0.490234375 0.808796296875 0.47083333281249995 0.808796296875 0.47083333281249995 0.85023148125 0.47083333281249995 0.8916666671875 0.490234375 0.8916666671875 0.5096354171875 0.8916666671875
0 0.18307291718750002 0.4375 0.18307291718750002 0.415277778125 0.18307291718750002 0.39305555625 0.1669270828125 0.39305555625 0.15078125 0.39305555625 0.15078125 0.415277778125 0.15078125 0.4375 0.1669270828125 0.4375 0.18307291718750002 0.4375
3 0.6513020828125 0.6134259265625001 0.6513020828125 0.5935185187500001 0.6513020828125 0.5736111109375 0.6356770828125 0.5736111109375 0.6200520828125 0.5736111109375 0.6200520828125 0.5935185187500001 0.6200520828125 0.6134259265625001 0.6356770828125 0.6134259265625001 0.6513020828125 0.6134259265625001
3 0.1708333328125 0.933796296875 0.1708333328125 0.9081018515625001 0.1708333328125 0.8824074078124999 0.1462239578125 0.8824074078124999 0.1216145828125 0.8824074078124999 0.1216145828125 0.9081018515625001 0.1216145828125 0.933796296875 0.1462239578125 0.933796296875 0.1708333328125 0.933796296875
0 0.1580729171875 1 0.1580729171875 0.9608796296875 0.1580729171875 0.921759259375 0.12421875 0.921759259375 0.09036458281250001 0.921759259375 0.09036458281250001 0.9608796296875 0.09036458281250001 1 0.12421875 1 0.1580729171875 1