0 1 0.1382716046875 0.9791666671874999 0.1382716046875 0.9583333328125001 0.1382716046875 0.9583333328125001 0.177777778125 0.9583333328125001 0.21728394999999998 0.9791666671874999 0.21728394999999998 1 0.21728394999999998 1 0.177777778125 1 0.1382716046875
0 0.847222221875 0.6246913578125 0.847222221875 0.5518518515624999 0.847222221875 0.47901234531250003 0.8048611109375001 0.47901234531250003 0.7625 0.47901234531250003 0.7625 0.5518518515624999 0.7625 0.6246913578125 0.8048611109375001 0.6246913578125 0.847222221875 0.6246913578125
0 0.7430555562500001 0.1753086421875 0.7430555562500001 0.1296296296875 0.7430555562500001 0.08395061718749999 0.7111111109375 0.08395061718749999 0.6791666671875001 0.08395061718749999 0.6791666671875001 0.1296296296875 0.6791666671875001 0.1753086421875 0.7111111109375 0.1753086421875 0.7430555562500001 0.1753086421875
0 0.49583333281249997 0.35802469062500003 0.49583333281249997 0.30740740781250003 0.49583333281249997 0.25679012343749996 0.46805555625000006 0.25679012343749996 0.440277778125 0.25679012343749996 0.440277778125 0.30740740781250003 0.440277778125 0.35802469062500003 0.46805555625000006 0.35802469062500003 0.49583333281249997 0.35802469062500003
0 0.1416666671875 0.767901234375 0.1416666671875 0.7185185187500001 0.1416666671875 0.669135803125 0.09375 0.669135803125 0.0458333328125 0.669135803125 0.0458333328125 0.7185185187500001 0.0458333328125 0.767901234375 0.09375 0.767901234375 0.1416666671875 0.767901234375
3 0.190277778125 0.9135802468750001 0.190277778125 0.8493827156249999 0.190277778125 0.7851851859375001 0.13888888906250002 0.7851851859375001 0.0875 0.7851851859375001 0.0875 0.8493827156249999 0.0875 0.9135802468750001 0.13888888906250002 0.9135802468750001 0.190277778125 0.9135802468750001
3 0.36666666718749996 0.449382715625 0.36666666718749996 0.40987654375 0.36666666718749996 0.3703703703125 0.346527778125 0.3703703703125 0.3263888890625 0.3703703703125 0.3263888890625 0.40987654375 0.3263888890625 0.449382715625 0.346527778125 0.449382715625 0.36666666718749996 0.449382715625
3 0.702777778125 0.2469135796875 0.702777778125 0.2012345671875 0.702777778125 0.15555555625 0.66875 0.15555555625 0.6347222218749999 0.15555555625 0.6347222218749999 0.2012345671875 0.6347222218749999 0.2469135796875 0.66875 0.2469135796875 0.702777778125 0.2469135796875
3 0.3013888890625 0.6395061734375 0.3013888890625 0.6111111109375 0.3013888890625 0.5827160499999999 0.2833333328125 0.5827160499999999 0.26527777812500003 0.5827160499999999 0.26527777812500003 0.6111111109375 0.26527777812500003 0.6395061734375 0.2833333328125 0.6395061734375 0.3013888890625 0.6395061734375
0 0.827777778125 0.195061728125 0.827777778125 0.15555555625 0.827777778125 0.11604938281249999 0.8104166671874999 0.11604938281249999 0.79305555625 0.11604938281249999 0.79305555625 0.15555555625 0.79305555625 0.195061728125 0.8104166671874999 0.195061728125 0.827777778125 0.195061728125
0 0.50555555625 0.18024691406249999 0.50555555625 0.14691357968750002 0.50555555625 0.11358024687499998 0.48541666718750004 0.11358024687499998 0.46527777812500004 0.11358024687499998 0.46527777812500004 0.14691357968750002 0.46527777812500004 0.18024691406249999 0.48541666718750004 0.18024691406249999 0.50555555625 0.18024691406249999