3 0.7091145828125 0.1800925921875 0.7091145828125 0.14837962968750001 0.7091145828125 0.1166666671875 0.684765625 0.1166666671875 0.6604166671875 0.1166666671875 0.6604166671875 0.14837962968750001 0.6604166671875 0.1800925921875 0.684765625 0.1800925921875 0.7091145828125 0.1800925921875
3 0.803125 0.8231481484375 0.803125 0.7956018515625 0.803125 0.76805555625 0.7848958328125 0.76805555625 0.7666666671875 0.76805555625 0.7666666671875 0.7956018515625 0.7666666671875 0.8231481484375 0.7848958328125 0.8231481484375 0.803125 0.8231481484375
0 0.2828125 0.25555555625 0.2828125 0.2328703703125 0.2828125 0.2101851859375 0.2705729171875 0.2101851859375 0.25833333281250004 0.2101851859375 0.25833333281250004 0.2328703703125 0.25833333281250004 0.25555555625 0.2705729171875 0.25555555625 0.2828125 0.25555555625
0 0.2575520828125 0.2731481484375 0.2575520828125 0.253009259375 0.2575520828125 0.2328703703125 0.2423177078125 0.2328703703125 0.2270833328125 0.2328703703125 0.2270833328125 0.253009259375 0.2270833328125 0.2731481484375 0.2423177078125 0.2731481484375 0.2575520828125 0.2731481484375
0 0.6380208328125 0.0921296296875 0.6380208328125 0.06828703750000001 0.6380208328125 0.04444444375 0.6194010421875 0.04444444375 0.60078125 0.04444444375 0.60078125 0.06828703750000001 0.60078125 0.0921296296875 0.6194010421875 0.0921296296875 0.6380208328125 0.0921296296875
0 0.73671875 0.15925925937500002 0.73671875 0.13055555624999998 0.73671875 0.10185185156250001 0.7157552078125 0.10185185156250001 0.6947916671875001 0.10185185156250001 0.6947916671875001 0.13055555624999998 0.6947916671875001 0.15925925937500002 0.7157552078125 0.15925925937500002 0.73671875 0.15925925937500002
0 0.9723958328125001 0.0800925921875 0.9723958328125001 0.0488425921875 0.9723958328125001 0.0175925921875 0.9532552078125001 0.0175925921875 0.9341145828125 0.0175925921875 0.9341145828125 0.0488425921875 0.9341145828125 0.0800925921875 0.9532552078125001 0.0800925921875 0.9723958328125001 0.0800925921875
0 0.9846354171874999 0.709722221875 0.9846354171874999 0.66851851875 0.9846354171874999 0.6273148140625 0.9526041671875 0.6273148140625 0.9205729171874999 0.6273148140625 0.9205729171874999 0.66851851875 0.9205729171874999 0.709722221875 0.9526041671875 0.709722221875 0.9846354171874999 0.709722221875
0 0.9635416671874999 0.983796296875 0.9635416671874999 0.921527778125 0.9635416671874999 0.859259259375 0.927734375 0.859259259375 0.8919270828125001 0.859259259375 0.8919270828125001 0.921527778125 0.8919270828125001 0.983796296875 0.927734375 0.983796296875 0.9635416671874999 0.983796296875
0 0.39114583281250004 0.8708333328125001 0.39114583281250004 0.8425925921875 0.39114583281250004 0.8143518515625001 0.37252604218749996 0.8143518515625001 0.35390625 0.8143518515625001 0.35390625 0.8425925921875 0.35390625 0.8708333328125001 0.37252604218749996 0.8708333328125001 0.39114583281250004 0.8708333328125001
0 0.7708333328125 0.9134259265625 0.7708333328125 0.878703703125 0.7708333328125 0.8439814812499999 0.7510416671875 0.8439814812499999 0.73125 0.8439814812499999 0.73125 0.878703703125 0.73125 0.9134259265625 0.7510416671875 0.9134259265625 0.7708333328125 0.9134259265625