3 0.9403645828125 0.5319444437499999 0.9403645828125 0.5097222218749999 0.9403645828125 0.4875 0.9251302078125001 0.4875 0.9098958328125001 0.4875 0.9098958328125001 0.5097222218749999 0.9098958328125001 0.5319444437499999 0.9251302078125001 0.5319444437499999 0.9403645828125 0.5319444437499999
0 0.42395833281249995 0.9175925921875001 0.42395833281249995 0.8807870375 0.42395833281249995 0.8439814812499999 0.40052083281249995 0.8439814812499999 0.3770833328125 0.8439814812499999 0.3770833328125 0.8807870375 0.3770833328125 0.9175925921875001 0.40052083281249995 0.9175925921875001 0.42395833281249995 0.9175925921875001
0 0.45078125 0.9689814812499999 0.45078125 0.9393518515625001 0.45078125 0.909722221875 0.43046875 0.909722221875 0.41015625 0.909722221875 0.41015625 0.9393518515625001 0.41015625 0.9689814812499999 0.43046875 0.9689814812499999 0.45078125 0.9689814812499999
0 0.55703125 0.8458333328125001 0.55703125 0.816203703125 0.55703125 0.7865740734375 0.5372395828125 0.7865740734375 0.5174479171875 0.7865740734375 0.5174479171875 0.816203703125 0.5174479171875 0.8458333328125001 0.5372395828125 0.8458333328125001 0.55703125 0.8458333328125001
0 0.93671875 0.83101851875 0.93671875 0.8 0.93671875 0.76898148125 0.9158854171874999 0.76898148125 0.8950520828125 0.76898148125 0.8950520828125 0.8 0.8950520828125 0.83101851875 0.9158854171874999 0.83101851875 0.93671875 0.83101851875
0 0.9427083328125001 0.675 0.9427083328125001 0.646759259375 0.9427083328125001 0.61851851875 0.9192708328125001 0.61851851875 0.8958333328125001 0.61851851875 0.8958333328125001 0.646759259375 0.8958333328125001 0.675 0.9192708328125001 0.675 0.9427083328125001 0.675
0 0.6458333328125 0.547222221875 0.6458333328125 0.5266203703125 0.6458333328125 0.50601851875 0.62578125 0.50601851875 0.6057291671875 0.50601851875 0.6057291671875 0.5266203703125 0.6057291671875 0.547222221875 0.62578125 0.547222221875 0.6458333328125 0.547222221875
0 0.22786458281250002 0.1291666671875 0.22786458281250002 0.1111111109375 0.22786458281250002 0.09305555625 0.21484375 0.09305555625 0.20182291718749998 0.09305555625 0.20182291718749998 0.1111111109375 0.20182291718749998 0.1291666671875 0.21484375 0.1291666671875 0.22786458281250002 0.1291666671875
0 0.48255208281249995 0.1074074078125 0.48255208281249995 0.08726851875 0.48255208281249995 0.0671296296875 0.472265625 0.0671296296875 0.46197916718750004 0.0671296296875 0.46197916718750004 0.08726851875 0.46197916718750004 0.1074074078125 0.472265625 0.1074074078125 0.48255208281249995 0.1074074078125
3 0.91328125 0.771296296875 0.91328125 0.74351851875 0.91328125 0.715740740625 0.894140625 0.715740740625 0.875 0.715740740625 0.875 0.74351851875 0.875 0.771296296875 0.894140625 0.771296296875 0.91328125 0.771296296875
1 0.5807291671875 0.2393518515625 0.5807291671875 0.21342592656249998 0.5807291671875 0.1875 0.5712239578125 0.1875 0.56171875 0.1875 0.56171875 0.21342592656249998 0.56171875 0.2393518515625 0.5712239578125 0.2393518515625 0.5807291671875 0.2393518515625