0 0.2328125 0.9384259265624999 0.2328125 0.8865740734375 0.2328125 0.834722221875 0.1865885421875 0.834722221875 0.1403645828125 0.834722221875 0.1403645828125 0.8865740734375 0.1403645828125 0.9384259265624999 0.1865885421875 0.9384259265624999 0.2328125 0.9384259265624999
3 0.6411458328124999 0.8583333328125 0.6411458328124999 0.803240740625 0.6411458328124999 0.7481481484375 0.6162760421875 0.7481481484375 0.59140625 0.7481481484375 0.59140625 0.803240740625 0.59140625 0.8583333328125 0.6162760421875 0.8583333328125 0.6411458328124999 0.8583333328125
3 0.6158854171875 0.2384259265625 0.6158854171875 0.21064814843750002 0.6158854171875 0.1828703703125 0.5966145828125 0.1828703703125 0.57734375 0.1828703703125 0.57734375 0.21064814843750002 0.57734375 0.2384259265625 0.5966145828125 0.2384259265625 0.6158854171875 0.2384259265625
3 0.3690104171875 0.45231481406249996 0.3690104171875 0.43148148124999997 0.3690104171875 0.4106481484375 0.3463541671875 0.4106481484375 0.32369791718749996 0.4106481484375 0.32369791718749996 0.43148148124999997 0.32369791718749996 0.45231481406249996 0.3463541671875 0.45231481406249996 0.3690104171875 0.45231481406249996
3 0.31640625 0.5273148140624999 0.31640625 0.497222221875 0.31640625 0.4671296296875 0.2950520828125 0.4671296296875 0.2736979171875 0.4671296296875 0.2736979171875 0.497222221875 0.2736979171875 0.5273148140624999 0.2950520828125 0.5273148140624999 0.31640625 0.5273148140624999
3 0.42473958281249996 0.5226851859375 0.42473958281249996 0.49490740781250003 0.42473958281249996 0.4671296296875 0.40833333281249995 0.4671296296875 0.3919270828125 0.4671296296875 0.3919270828125 0.49490740781250003 0.3919270828125 0.5226851859375 0.40833333281249995 0.5226851859375 0.42473958281249996 0.5226851859375
3 0.6153645828125 0.2393518515625 0.6153645828125 0.21064814843750002 0.6153645828125 0.18194444375000002 0.5966145828125 0.18194444375000002 0.5778645828125 0.18194444375000002 0.5778645828125 0.21064814843750002 0.5778645828125 0.2393518515625 0.5966145828125 0.2393518515625 0.6153645828125 0.2393518515625
3 0.36484375 0.8870370375000001 0.36484375 0.8127314812499999 0.36484375 0.7384259265625001 0.3307291671875 0.7384259265625001 0.2966145828125 0.7384259265625001 0.2966145828125 0.8127314812499999 0.2966145828125 0.8870370375000001 0.3307291671875 0.8870370375000001 0.36484375 0.8870370375000001
0 0.43828125 0.70694444375 0.43828125 0.6620370375 0.43828125 0.6171296296875 0.40625 0.6171296296875 0.37421875 0.6171296296875 0.37421875 0.6620370375 0.37421875 0.70694444375 0.40625 0.70694444375 0.43828125 0.70694444375
0 0.94296875 0.7050925921875 0.94296875 0.61875 0.94296875 0.5324074078125001 0.8921875 0.5324074078125001 0.84140625 0.5324074078125001 0.84140625 0.61875 0.84140625 0.7050925921875 0.8921875 0.7050925921875 0.94296875 0.7050925921875
0 0.2606770828125 0.541203703125 0.2606770828125 0.50601851875 0.2606770828125 0.47083333281249995 0.23268229218749997 0.47083333281249995 0.2046875 0.47083333281249995 0.2046875 0.50601851875 0.2046875 0.541203703125 0.23268229218749997 0.541203703125 0.2606770828125 0.541203703125
0 0.3239583328125 0.4393518515625 0.3239583328125 0.41157407343749997 0.3239583328125 0.383796296875 0.295703125 0.383796296875 0.2674479171875 0.383796296875 0.2674479171875 0.41157407343749997 0.2674479171875 0.4393518515625 0.295703125 0.4393518515625 0.3239583328125 0.4393518515625
0 0.2510416671875 0.1231481484375 0.2510416671875 0.0923611109375 0.2510416671875 0.0615740734375 0.2319010421875 0.0615740734375 0.2127604171875 0.0615740734375 0.2127604171875 0.0923611109375 0.2127604171875 0.1231481484375 0.2319010421875 0.1231481484375 0.2510416671875 0.1231481484375
0 0.21015625 0.1101851859375 0.21015625 0.0738425921875 0.21015625 0.0375 0.191796875 0.0375 0.1734375 0.0375 0.1734375 0.0738425921875 0.1734375 0.1101851859375 0.191796875 0.1101851859375 0.21015625 0.1101851859375
0 0.209375 0.7796296296875 0.209375 0.7226851859375001 0.209375 0.665740740625 0.1682291671875 0.665740740625 0.1270833328125 0.665740740625 0.1270833328125 0.7226851859375001 0.1270833328125 0.7796296296875 0.1682291671875 0.7796296296875 0.209375 0.7796296296875
0 0.53359375 0.458796296875 0.53359375 0.4067129625 0.53359375 0.3546296296875 0.498828125 0.3546296296875 0.4640625 0.3546296296875 0.4640625 0.4067129625 0.4640625 0.458796296875 0.498828125 0.458796296875 0.53359375 0.458796296875
3 0.0895833328125 0.9004629625 0.0895833328125 0.8520833328125 0.0895833328125 0.803703703125 0.050390625 0.803703703125 0.0111979171875 0.803703703125 0.0111979171875 0.8520833328125 0.0111979171875 0.9004629625 0.050390625 0.9004629625 0.0895833328125 0.9004629625
3 0.09244791718749999 0.7819444437499999 0.09244791718749999 0.7245370375 0.09244791718749999 0.6671296296875 0.0576822921875 0.6671296296875 0.0229166671875 0.6671296296875 0.0229166671875 0.7245370375 0.0229166671875 0.7819444437499999 0.0576822921875 0.7819444437499999 0.09244791718749999 0.7819444437499999