3 0.5916666671875 0.308641975 0.5916666671875 0.269135803125 0.5916666671875 0.2296296296875 0.5729166671875 0.2296296296875 0.5541666671875001 0.2296296296875 0.5541666671875001 0.269135803125 0.5541666671875001 0.308641975 0.5729166671875 0.308641975 0.5916666671875 0.308641975
3 0.577777778125 0.7185185187500001 0.577777778125 0.6987654328125 0.577777778125 0.6790123453125 0.559722221875 0.6790123453125 0.5416666671875 0.6790123453125 0.5416666671875 0.6987654328125 0.5416666671875 0.7185185187500001 0.559722221875 0.7185185187500001 0.577777778125 0.7185185187500001
3 0.5625 0.9358024687500001 0.5625 0.9024691359375 0.5625 0.8691358031249999 0.5423611109375 0.8691358031249999 0.522222221875 0.8691358031249999 0.522222221875 0.9024691359375 0.522222221875 0.9358024687500001 0.5423611109375 0.9358024687500001 0.5625 0.9358024687500001
0 0.40694444374999994 0.9975308640625 0.40694444374999994 0.9580246906250001 0.40694444374999994 0.91851851875 0.39027777812500003 0.91851851875 0.3736111109375 0.91851851875 0.3736111109375 0.9580246906250001 0.3736111109375 0.9975308640625 0.39027777812500003 0.9975308640625 0.40694444374999994 0.9975308640625
0 0.5736111109375 0.1061728390625 0.5736111109375 0.076543209375 0.5736111109375 0.0469135796875 0.559027778125 0.0469135796875 0.54444444375 0.0469135796875 0.54444444375 0.076543209375 0.54444444375 0.1061728390625 0.559027778125 0.1061728390625 0.5736111109375 0.1061728390625
0 0.6083333328125 0.21728394999999998 0.6083333328125 0.1987654328125 0.6083333328125 0.18024691406249999 0.5916666671875 0.18024691406249999 0.575 0.18024691406249999 0.575 0.1987654328125 0.575 0.21728394999999998 0.5916666671875 0.21728394999999998 0.6083333328125 0.21728394999999998
0 0.5166666671875 0.30123456718749997 0.5166666671875 0.276543209375 0.5166666671875 0.2518518515625 0.5006944437499999 0.2518518515625 0.48472222187499997 0.2518518515625 0.48472222187499997 0.276543209375 0.48472222187499997 0.30123456718749997 0.5006944437499999 0.30123456718749997 0.5166666671875 0.30123456718749997
0 0.60555555625 0.45432098749999994 0.60555555625 0.4296296296875 0.60555555625 0.40493827187500003 0.5930555562500001 0.40493827187500003 0.58055555625 0.40493827187500003 0.58055555625 0.4296296296875 0.58055555625 0.45432098749999994 0.5930555562500001 0.45432098749999994 0.60555555625 0.45432098749999994
0 0.5694444437499999 0.45679012343750003 0.5694444437499999 0.440740740625 0.5694444437499999 0.42469135781249995 0.5576388890625 0.42469135781249995 0.5458333328125 0.42469135781249995 0.5458333328125 0.440740740625 0.5458333328125 0.45679012343750003 0.5576388890625 0.45679012343750003 0.5694444437499999 0.45679012343750003
0 0.5625 0.5679012343750001 0.5625 0.5382716046875 0.5625 0.508641975 0.5486111109375 0.508641975 0.534722221875 0.508641975 0.534722221875 0.5382716046875 0.534722221875 0.5679012343750001 0.5486111109375 0.5679012343750001 0.5625 0.5679012343750001
0 0.5319444437499999 0.6716049374999999 0.5319444437499999 0.640740740625 0.5319444437499999 0.60987654375 0.515972221875 0.60987654375 0.5 0.60987654375 0.5 0.640740740625 0.5 0.6716049374999999 0.515972221875 0.6716049374999999 0.5319444437499999 0.6716049374999999
0 0.497222221875 0.75555555625 0.497222221875 0.722222221875 0.497222221875 0.6888888890625 0.48194444374999995 0.6888888890625 0.46666666718750005 0.6888888890625 0.46666666718750005 0.722222221875 0.46666666718750005 0.75555555625 0.48194444374999995 0.75555555625 0.497222221875 0.75555555625
0 0.46666666718750005 0.6790123453125 0.46666666718750005 0.6456790125 0.46666666718750005 0.6123456796875 0.4486111109375 0.6123456796875 0.43055555625 0.6123456796875 0.43055555625 0.6456790125 0.43055555625 0.6790123453125 0.4486111109375 0.6790123453125 0.46666666718750005 0.6790123453125
0 0.33194444375 0.6543209875 0.33194444375 0.6296296296875 0.33194444375 0.604938271875 0.315277778125 0.604938271875 0.2986111109375 0.604938271875 0.2986111109375 0.6296296296875 0.2986111109375 0.6543209875 0.315277778125 0.6543209875 0.33194444375 0.6543209875