0 0.8375 0.3703703703125 0.8375 0.3456790125 0.8375 0.3209876546875 0.8194444437499999 0.3209876546875 0.8013888890624999 0.3209876546875 0.8013888890624999 0.3456790125 0.8013888890624999 0.3703703703125 0.8194444437499999 0.3703703703125 0.8375 0.3703703703125
1 0.91944444375 0.649382715625 0.91944444375 0.6234567906249999 0.91944444375 0.5975308640625 0.88680555625 0.5975308640625 0.8541666671874999 0.5975308640625 0.8541666671874999 0.6234567906249999 0.8541666671874999 0.649382715625 0.88680555625 0.649382715625 0.91944444375 0.649382715625
0 0.6263888890625 0.723456790625 0.6263888890625 0.68271605 0.6263888890625 0.641975309375 0.6083333328125 0.641975309375 0.590277778125 0.641975309375 0.590277778125 0.68271605 0.590277778125 0.723456790625 0.6083333328125 0.723456790625 0.6263888890625 0.723456790625
0 0.6291666671875 0.6024691359375 0.6291666671875 0.57283950625 0.6291666671875 0.5432098765625 0.609722221875 0.5432098765625 0.590277778125 0.5432098765625 0.590277778125 0.57283950625 0.590277778125 0.6024691359375 0.609722221875 0.6024691359375 0.6291666671875 0.6024691359375
0 0.1763888890625 0.45679012343750003 0.1763888890625 0.41728395 0.1763888890625 0.377777778125 0.1513888890625 0.377777778125 0.1263888890625 0.377777778125 0.1263888890625 0.41728395 0.1263888890625 0.45679012343750003 0.1513888890625 0.45679012343750003 0.1763888890625 0.45679012343750003
0 0.48055555625 0.6740740734374999 0.48055555625 0.6345679015625 0.48055555625 0.5950617281249999 0.4611111109375 0.5950617281249999 0.44166666718750003 0.5950617281249999 0.44166666718750003 0.6345679015625 0.44166666718750003 0.6740740734374999 0.4611111109375 0.6740740734374999 0.48055555625 0.6740740734374999
0 0.46527777812500004 0.47901234531250003 0.46527777812500004 0.45432098749999994 0.46527777812500004 0.4296296296875 0.446527778125 0.4296296296875 0.427777778125 0.4296296296875 0.427777778125 0.45432098749999994 0.427777778125 0.47901234531250003 0.446527778125 0.47901234531250003 0.46527777812500004 0.47901234531250003
0 0.7569444437499999 0.8370370375 0.7569444437499999 0.78271605 0.7569444437499999 0.7283950625 0.7263888890625 0.7283950625 0.6958333328124999 0.7283950625 0.6958333328124999 0.78271605 0.6958333328124999 0.8370370375 0.7263888890625 0.8370370375 0.7569444437499999 0.8370370375
0 0.81805555625 0.4197530859375 0.81805555625 0.3839506171875 0.81805555625 0.3481481484375 0.7923611109375 0.3481481484375 0.7666666671875 0.3481481484375 0.7666666671875 0.3839506171875 0.7666666671875 0.4197530859375 0.7923611109375 0.4197530859375 0.81805555625 0.4197530859375
0 0.5638888890625 0.13333333281249998 0.5638888890625 0.1197530859375 0.5638888890625 0.1061728390625 0.55069444375 0.1061728390625 0.5375 0.1061728390625 0.5375 0.1197530859375 0.5375 0.13333333281249998 0.55069444375 0.13333333281249998 0.5638888890625 0.13333333281249998
0 0.6583333328125 0.1530864203125 0.6583333328125 0.132098765625 0.6583333328125 0.1111111109375 0.640972221875 0.1111111109375 0.6236111109375 0.1111111109375 0.6236111109375 0.132098765625 0.6236111109375 0.1530864203125 0.640972221875 0.1530864203125 0.6583333328125 0.1530864203125
3 0.6916666671875 0.8469135796874999 0.6916666671875 0.8012345671875 0.6916666671875 0.75555555625 0.6611111109375 0.75555555625 0.63055555625 0.75555555625 0.63055555625 0.8012345671875 0.63055555625 0.8469135796874999 0.6611111109375 0.8469135796874999 0.6916666671875 0.8469135796874999