0 0.9486111109375001 0.11358024687499998 0.9486111109375001 0.058024690625 0.9486111109375001 0.0024691359375 0.9083333328125001 0.0024691359375 0.8680555562500001 0.0024691359375 0.8680555562500001 0.058024690625 0.8680555562500001 0.11358024687499998 0.9083333328125001 0.11358024687499998 0.9486111109375001 0.11358024687499998
1 1 0.17283950625 0.9611111109375001 0.17283950625 0.922222221875 0.17283950625 0.922222221875 0.2246913578125 0.922222221875 0.276543209375 0.9611111109375001 0.276543209375 1 0.276543209375 1 0.2246913578125 1 0.17283950625
1 0.6486111109375 0.47654320937500005 0.6486111109375 0.41111111093749997 0.6486111109375 0.3456790125 0.6145833328125 0.3456790125 0.58055555625 0.3456790125 0.58055555625 0.41111111093749997 0.58055555625 0.47654320937500005 0.6145833328125 0.47654320937500005 0.6486111109375 0.47654320937500005
0 0.5944444437499999 0.2666666671875 0.5944444437499999 0.1753086421875 0.5944444437499999 0.08395061718749999 0.540277778125 0.08395061718749999 0.4861111109375 0.08395061718749999 0.4861111109375 0.1753086421875 0.4861111109375 0.2666666671875 0.540277778125 0.2666666671875 0.5944444437499999 0.2666666671875
0 0.3416666671875 0.6790123453125 0.3416666671875 0.5666666671875 0.3416666671875 0.45432098749999994 0.27430555624999997 0.45432098749999994 0.20694444375 0.45432098749999994 0.20694444375 0.5666666671875 0.20694444375 0.6790123453125 0.27430555624999997 0.6790123453125 0.3416666671875 0.6790123453125
0 0.425 1 0.425 0.941975309375 0.425 0.8839506171875 0.38680555625 0.8839506171875 0.34861111093749997 0.8839506171875 0.34861111093749997 0.941975309375 0.34861111093749997 1 0.38680555625 1 0.425 1
0 0.8680555562500001 0.6024691359375 0.8680555562500001 0.5740740734374999 0.8680555562500001 0.5456790125000001 0.8513888890624999 0.5456790125000001 0.834722221875 0.5456790125000001 0.834722221875 0.5740740734374999 0.834722221875 0.6024691359375 0.8513888890624999 0.6024691359375 0.8680555562500001 0.6024691359375
0 0.9416666671874999 0.7283950625 0.9416666671874999 0.6987654328125 0.9416666671874999 0.669135803125 0.9201388890625 0.669135803125 0.8986111109375001 0.669135803125 0.8986111109375001 0.6987654328125 0.8986111109375001 0.7283950625 0.9201388890625 0.7283950625 0.9416666671874999 0.7283950625
3 0.127777778125 0.9283950624999999 0.127777778125 0.8765432093750001 0.127777778125 0.8246913578124999 0.0895833328125 0.8246913578124999 0.0513888890625 0.8246913578124999 0.0513888890625 0.8765432093750001 0.0513888890625 0.9283950624999999 0.0895833328125 0.9283950624999999 0.127777778125 0.9283950624999999
3 0.20416666718749998 0.9111111109375001 0.20416666718749998 0.8740740734375001 0.20416666718749998 0.8370370375 0.175 0.8370370375 0.1458333328125 0.8370370375 0.1458333328125 0.8740740734375001 0.1458333328125 0.9111111109375001 0.175 0.9111111109375001 0.20416666718749998 0.9111111109375001
3 0.3013888890625 0.9382716046875 0.3013888890625 0.891358025 0.3013888890625 0.8444444437499999 0.2611111109375 0.8444444437499999 0.2208333328125 0.8444444437499999 0.2208333328125 0.891358025 0.2208333328125 0.9382716046875 0.2611111109375 0.9382716046875 0.3013888890625 0.9382716046875
3 0.6541666671875 1 0.6541666671875 0.9604938265625 0.6541666671875 0.9209876546875 0.6180555562500001 0.9209876546875 0.58194444375 0.9209876546875 0.58194444375 0.9604938265625 0.58194444375 1 0.6180555562500001 1 0.6541666671875 1
3 0.9125 0.3209876546875 0.9125 0.267901234375 0.9125 0.2148148140625 0.8798611109375001 0.2148148140625 0.847222221875 0.2148148140625 0.847222221875 0.267901234375 0.847222221875 0.3209876546875 0.8798611109375001 0.3209876546875 0.9125 0.3209876546875
3 0.61944444375 0.7283950625 0.61944444375 0.7012345671875 0.61944444375 0.6740740734374999 0.602777778125 0.6740740734374999 0.5861111109375 0.6740740734374999 0.5861111109375 0.7012345671875 0.5861111109375 0.7283950625 0.602777778125 0.7283950625 0.61944444375 0.7283950625
1 0.5611111109375 1 0.5611111109375 0.9580246906250001 0.5611111109375 0.9160493828125 0.5381944437499999 0.9160493828125 0.515277778125 0.9160493828125 0.515277778125 0.9580246906250001 0.515277778125 1 0.5381944437499999 1 0.5611111109375 1