1 0.86944444375 0.9061728390624999 0.86944444375 0.8543209875000001 0.86944444375 0.8024691359375 0.83125 0.8024691359375 0.79305555625 0.8024691359375 0.79305555625 0.8543209875000001 0.79305555625 0.9061728390624999 0.83125 0.9061728390624999 0.86944444375 0.9061728390624999
1 0.734722221875 0.977777778125 0.734722221875 0.8716049375000001 0.734722221875 0.7654320984375 0.6986111109375 0.7654320984375 0.6625 0.7654320984375 0.6625 0.8716049375000001 0.6625 0.977777778125 0.6986111109375 0.977777778125 0.734722221875 0.977777778125
3 0.4263888890625 1 0.4263888890625 0.9691358031249999 0.4263888890625 0.9382716046875 0.4 0.9382716046875 0.3736111109375 0.9382716046875 0.3736111109375 0.9691358031249999 0.3736111109375 1 0.4 1 0.4263888890625 1
0 0.3375 0.195061728125 0.3375 0.1716049375 0.3375 0.1481481484375 0.31944444375000003 0.1481481484375 0.3013888890625 0.1481481484375 0.3013888890625 0.1716049375 0.3013888890625 0.195061728125 0.31944444375000003 0.195061728125 0.3375 0.195061728125
0 0.27638888906250003 0.2518518515625 0.27638888906250003 0.22716049374999997 0.27638888906250003 0.20246913593750002 0.2645833328125 0.20246913593750002 0.252777778125 0.20246913593750002 0.252777778125 0.22716049374999997 0.252777778125 0.2518518515625 0.2645833328125 0.2518518515625 0.27638888906250003 0.2518518515625
0 0.20833333281250002 0.2370370375 0.20833333281250002 0.2061728390625 0.20833333281250002 0.1753086421875 0.1875 0.1753086421875 0.1666666671875 0.1753086421875 0.1666666671875 0.2061728390625 0.1666666671875 0.2370370375 0.1875 0.2370370375 0.20833333281250002 0.2370370375
0 0.15 0.296296296875 0.15 0.24814814843750002 0.15 0.2 0.115972221875 0.2 0.08194444375 0.2 0.08194444375 0.24814814843750002 0.08194444375 0.296296296875 0.115972221875 0.296296296875 0.15 0.296296296875
0 0.6625 0.2938271609375 0.6625 0.23209876562499998 0.6625 0.1703703703125 0.627777778125 0.1703703703125 0.5930555562500001 0.1703703703125 0.5930555562500001 0.23209876562499998 0.5930555562500001 0.2938271609375 0.627777778125 0.2938271609375 0.6625 0.2938271609375
0 0.9666666671874999 0.8345679015625 0.9666666671874999 0.7629629625 0.9666666671874999 0.691358025 0.915277778125 0.691358025 0.8638888890624999 0.691358025 0.8638888890624999 0.7629629625 0.8638888890624999 0.8345679015625 0.915277778125 0.8345679015625 0.9666666671874999 0.8345679015625
0 0.9680555562500001 0.6296296296875 0.9680555562500001 0.5456790125000001 0.9680555562500001 0.4617283953125 0.903472221875 0.4617283953125 0.8388888890624999 0.4617283953125 0.8388888890624999 0.5456790125000001 0.8388888890624999 0.6296296296875 0.903472221875 0.6296296296875 0.9680555562500001 0.6296296296875
0 0.6111111109375 1 0.6111111109375 0.940740740625 0.6111111109375 0.88148148125 0.575 0.88148148125 0.5388888890625 0.88148148125 0.5388888890625 0.940740740625 0.5388888890625 1 0.575 1 0.6111111109375 1
0 0.2541666671875 1 0.2541666671875 0.92716049375 0.2541666671875 0.8543209875000001 0.22152777812500002 0.8543209875000001 0.1888888890625 0.8543209875000001 0.1888888890625 0.92716049375 0.1888888890625 1 0.22152777812500002 1 0.2541666671875 1
3 0.7736111109375 0.5950617281249999 0.7736111109375 0.5481481484375 0.7736111109375 0.5012345671875 0.7423611109375 0.5012345671875 0.7111111109375 0.5012345671875 0.7111111109375 0.5481481484375 0.7111111109375 0.5950617281249999 0.7423611109375 0.5950617281249999 0.7736111109375 0.5950617281249999
3 0.19444444375 0.6839506171874999 0.19444444375 0.64444444375 0.19444444375 0.604938271875 0.1611111109375 0.604938271875 0.127777778125 0.604938271875 0.127777778125 0.64444444375 0.127777778125 0.6839506171874999 0.1611111109375 0.6839506171874999 0.19444444375 0.6839506171874999