0 0.6833333328125 0.0716049375 0.6833333328125 0.0456790125 0.6833333328125 0.0197530859375 0.6701388890625 0.0197530859375 0.6569444437499999 0.0197530859375 0.6569444437499999 0.0456790125 0.6569444437499999 0.0716049375 0.6701388890625 0.0716049375 0.6833333328125 0.0716049375
3 0.2888888890625 0.1629629625 0.2888888890625 0.12592592656249998 0.2888888890625 0.0888888890625 0.26805555625 0.0888888890625 0.24722222187499998 0.0888888890625 0.24722222187499998 0.12592592656249998 0.24722222187499998 0.1629629625 0.26805555625 0.1629629625 0.2888888890625 0.1629629625
0 0.3611111109375 0.051851851562499995 0.3611111109375 0.030864196875 0.3611111109375 0.00987654375 0.3458333328125 0.00987654375 0.33055555625 0.00987654375 0.33055555625 0.030864196875 0.33055555625 0.051851851562499995 0.3458333328125 0.051851851562499995 0.3611111109375 0.051851851562499995
0 0.46805555625000006 0.3111111109375 0.46805555625000006 0.28395061718750003 0.46805555625000006 0.25679012343749996 0.45416666718750004 0.25679012343749996 0.440277778125 0.25679012343749996 0.440277778125 0.28395061718750003 0.440277778125 0.3111111109375 0.45416666718750004 0.3111111109375 0.46805555625000006 0.3111111109375
0 0.515277778125 0.06913580312499999 0.515277778125 0.04444444375 0.515277778125 0.0197530859375 0.5006944437499999 0.0197530859375 0.4861111109375 0.0197530859375 0.4861111109375 0.04444444375 0.4861111109375 0.06913580312499999 0.5006944437499999 0.06913580312499999 0.515277778125 0.06913580312499999
0 0.5763888890625 0.0740740734375 0.5763888890625 0.051851851562499995 0.5763888890625 0.0296296296875 0.559722221875 0.0296296296875 0.54305555625 0.0296296296875 0.54305555625 0.051851851562499995 0.54305555625 0.0740740734375 0.559722221875 0.0740740734375 0.5763888890625 0.0740740734375
0 0.8083333328125001 0.303703703125 0.8083333328125001 0.267901234375 0.8083333328125001 0.23209876562499998 0.7854166671875 0.23209876562499998 0.7625 0.23209876562499998 0.7625 0.267901234375 0.7625 0.303703703125 0.7854166671875 0.303703703125 0.8083333328125001 0.303703703125
0 0.8333333328125001 0.45679012343750003 0.8333333328125001 0.4209876546875 0.8333333328125001 0.3851851859375 0.8125 0.3851851859375 0.7916666671875 0.3851851859375 0.7916666671875 0.4209876546875 0.7916666671875 0.45679012343750003 0.8125 0.45679012343750003 0.8333333328125001 0.45679012343750003
0 0.784722221875 0.38765432031249997 0.784722221875 0.35308642031250004 0.784722221875 0.31851851875000003 0.765277778125 0.31851851875000003 0.7458333328125 0.31851851875000003 0.7458333328125 0.35308642031250004 0.7458333328125 0.38765432031249997 0.765277778125 0.38765432031249997 0.784722221875 0.38765432031249997
0 0.597222221875 0.6246913578125 0.597222221875 0.5888888890625 0.597222221875 0.5530864203125 0.5763888890625 0.5530864203125 0.5555555562500001 0.5530864203125 0.5555555562500001 0.5888888890625 0.5555555562500001 0.6246913578125 0.5763888890625 0.6246913578125 0.597222221875 0.6246913578125
0 0.6861111109375 0.669135803125 0.6861111109375 0.632098765625 0.6861111109375 0.5950617281249999 0.6666666671875 0.5950617281249999 0.647222221875 0.5950617281249999 0.647222221875 0.632098765625 0.647222221875 0.669135803125 0.6666666671875 0.669135803125 0.6861111109375 0.669135803125
0 0.890277778125 0.8518518515625001 0.890277778125 0.803703703125 0.890277778125 0.75555555625 0.852777778125 0.75555555625 0.815277778125 0.75555555625 0.815277778125 0.803703703125 0.815277778125 0.8518518515625001 0.852777778125 0.8518518515625001 0.890277778125 0.8518518515625001
0 0.3708333328125 0.841975309375 0.3708333328125 0.777777778125 0.3708333328125 0.713580246875 0.340972221875 0.713580246875 0.3111111109375 0.713580246875 0.3111111109375 0.777777778125 0.3111111109375 0.841975309375 0.340972221875 0.841975309375 0.3708333328125 0.841975309375
0 0.38194444375000003 0.577777778125 0.38194444375000003 0.5481481484375 0.38194444375000003 0.51851851875 0.3604166671875 0.51851851875 0.33888888906250003 0.51851851875 0.33888888906250003 0.5481481484375 0.33888888906250003 0.577777778125 0.3604166671875 0.577777778125 0.38194444375000003 0.577777778125
0 0.302777778125 0.5925925921874999 0.302777778125 0.5567901234375 0.302777778125 0.5209876546875 0.27638888906250003 0.5209876546875 0.25 0.5209876546875 0.25 0.5567901234375 0.25 0.5925925921874999 0.27638888906250003 0.5925925921874999 0.302777778125 0.5925925921874999
0 0.175 0.323456790625 0.175 0.2987654328125 0.175 0.2740740734375 0.1611111109375 0.2740740734375 0.147222221875 0.2740740734375 0.147222221875 0.2987654328125 0.147222221875 0.323456790625 0.1611111109375 0.323456790625 0.175 0.323456790625
0 0.13333333281249998 0.2197530859375 0.13333333281249998 0.1851851859375 0.13333333281249998 0.150617284375 0.11319444375000001 0.150617284375 0.09305555625 0.150617284375 0.09305555625 0.1851851859375 0.09305555625 0.2197530859375 0.11319444375000001 0.2197530859375 0.13333333281249998 0.2197530859375