1 0.5125 0.19012345625 0.5125 0.1654320984375 0.5125 0.140740740625 0.4791666671875 0.140740740625 0.4458333328125 0.140740740625 0.4458333328125 0.1654320984375 0.4458333328125 0.19012345625 0.4791666671875 0.19012345625 0.5125 0.19012345625
1 0.8625 0.5654320984375001 0.8625 0.5074074078125 0.8625 0.449382715625 0.8208333328125 0.449382715625 0.7791666671875 0.449382715625 0.7791666671875 0.5074074078125 0.7791666671875 0.5654320984375001 0.8208333328125 0.5654320984375001 0.8625 0.5654320984375001
1 0.9638888890624999 0.8691358031249999 0.9638888890624999 0.796296296875 0.9638888890624999 0.723456790625 0.9020833328125001 0.723456790625 0.840277778125 0.723456790625 0.840277778125 0.796296296875 0.840277778125 0.8691358031249999 0.9020833328125001 0.8691358031249999 0.9638888890624999 0.8691358031249999
1 0.40833333281249995 0.9308641968750001 0.40833333281249995 0.8679012343749999 0.40833333281249995 0.804938271875 0.3673611109375 0.804938271875 0.3263888890625 0.804938271875 0.3263888890625 0.8679012343749999 0.3263888890625 0.9308641968750001 0.3673611109375 0.9308641968750001 0.40833333281249995 0.9308641968750001
3 0.7569444437499999 0.9283950624999999 0.7569444437499999 0.8530864203125 0.7569444437499999 0.777777778125 0.709722221875 0.777777778125 0.6625 0.777777778125 0.6625 0.8530864203125 0.6625 0.9283950624999999 0.709722221875 0.9283950624999999 0.7569444437499999 0.9283950624999999
3 0.28472222187499996 0.9629629625 0.28472222187499996 0.9209876546875 0.28472222187499996 0.8790123453125 0.25347222187499996 0.8790123453125 0.222222221875 0.8790123453125 0.222222221875 0.9209876546875 0.222222221875 0.9629629625 0.25347222187499996 0.9629629625 0.28472222187499996 0.9629629625
3 0.6791666671875001 0.45432098749999994 0.6791666671875001 0.39382716093750003 0.6791666671875001 0.3333333328125 0.640277778125 0.3333333328125 0.6013888890625 0.3333333328125 0.6013888890625 0.39382716093750003 0.6013888890625 0.45432098749999994 0.640277778125 0.45432098749999994 0.6791666671875001 0.45432098749999994
3 0.3736111109375 0.6790123453125 0.3736111109375 0.6246913578125 0.3736111109375 0.5703703703125 0.3423611109375 0.5703703703125 0.3111111109375 0.5703703703125 0.3111111109375 0.6246913578125 0.3111111109375 0.6790123453125 0.3423611109375 0.6790123453125 0.3736111109375 0.6790123453125
0 0.5486111109375 0.7530864203125 0.5486111109375 0.6876543203125001 0.5486111109375 0.622222221875 0.515277778125 0.622222221875 0.48194444374999995 0.622222221875 0.48194444374999995 0.6876543203125001 0.48194444374999995 0.7530864203125 0.515277778125 0.7530864203125 0.5486111109375 0.7530864203125
0 0.10833333281249999 0.7185185187500001 0.10833333281249999 0.676543209375 0.10833333281249999 0.6345679015625 0.078472221875 0.6345679015625 0.0486111109375 0.6345679015625 0.0486111109375 0.676543209375 0.0486111109375 0.7185185187500001 0.078472221875 0.7185185187500001 0.10833333281249999 0.7185185187500001
0 0.34305555625 0.303703703125 0.34305555625 0.28271605 0.34305555625 0.2617283953125 0.325 0.2617283953125 0.30694444375 0.2617283953125 0.30694444375 0.28271605 0.30694444375 0.303703703125 0.325 0.303703703125 0.34305555625 0.303703703125