3 0.11805555625 0.8839506171875 0.11805555625 0.8370370375 0.11805555625 0.79012345625 0.090277778125 0.79012345625 0.0625 0.79012345625 0.0625 0.8370370375 0.0625 0.8839506171875 0.090277778125 0.8839506171875 0.11805555625 0.8839506171875
3 0.6833333328125 0.8345679015625 0.6833333328125 0.7814814812499999 0.6833333328125 0.7283950625 0.6520833328125 0.7283950625 0.6208333328125 0.7283950625 0.6208333328125 0.7814814812499999 0.6208333328125 0.8345679015625 0.6520833328125 0.8345679015625 0.6833333328125 0.8345679015625
3 0.872222221875 0.641975309375 0.872222221875 0.6012345671875 0.872222221875 0.5604938265625 0.8458333328125001 0.5604938265625 0.8194444437499999 0.5604938265625 0.8194444437499999 0.6012345671875 0.8194444437499999 0.641975309375 0.8458333328125001 0.641975309375 0.872222221875 0.641975309375
3 0.8458333328125001 0.4617283953125 0.8458333328125001 0.4395061734375 0.8458333328125001 0.41728395 0.8263888890625 0.41728395 0.80694444375 0.41728395 0.80694444375 0.4395061734375 0.80694444375 0.4617283953125 0.8263888890625 0.4617283953125 0.8458333328125001 0.4617283953125
3 0.715277778125 0.523456790625 0.715277778125 0.49506172812499993 0.715277778125 0.46666666718750005 0.6958333328124999 0.46666666718750005 0.6763888890625 0.46666666718750005 0.6763888890625 0.49506172812499993 0.6763888890625 0.523456790625 0.6958333328124999 0.523456790625 0.715277778125 0.523456790625
3 0.5541666671875001 0.659259259375 0.5541666671875001 0.632098765625 0.5541666671875001 0.604938271875 0.5381944437499999 0.604938271875 0.522222221875 0.604938271875 0.522222221875 0.632098765625 0.522222221875 0.659259259375 0.5381944437499999 0.659259259375 0.5541666671875001 0.659259259375
3 0.39444444375 0.659259259375 0.39444444375 0.63580246875 0.39444444375 0.6123456796875 0.37847222187499996 0.6123456796875 0.3625 0.6123456796875 0.3625 0.63580246875 0.3625 0.659259259375 0.37847222187499996 0.659259259375 0.39444444375 0.659259259375
0 0.7805555562500001 0.3753086421875 0.7805555562500001 0.3481481484375 0.7805555562500001 0.3209876546875 0.7638888890625 0.3209876546875 0.747222221875 0.3209876546875 0.747222221875 0.3481481484375 0.747222221875 0.3753086421875 0.7638888890625 0.3753086421875 0.7805555562500001 0.3753086421875
0 0.6541666671875 0.659259259375 0.6541666671875 0.6382716046875 0.6541666671875 0.61728395 0.640972221875 0.61728395 0.627777778125 0.61728395 0.627777778125 0.6382716046875 0.627777778125 0.659259259375 0.640972221875 0.659259259375 0.6541666671875 0.659259259375
0 0.4388888890625 0.8567901234375 0.4388888890625 0.8283950625 0.4388888890625 0.8 0.428472221875 0.8 0.41805555625 0.8 0.41805555625 0.8283950625 0.41805555625 0.8567901234375 0.428472221875 0.8567901234375 0.4388888890625 0.8567901234375
0 0.4138888890625 0.9703703703125001 0.4138888890625 0.932098765625 0.4138888890625 0.8938271609375 0.39305555625 0.8938271609375 0.372222221875 0.8938271609375 0.372222221875 0.932098765625 0.372222221875 0.9703703703125001 0.39305555625 0.9703703703125001 0.4138888890625 0.9703703703125001
0 0.055555556250000006 0.696296296875 0.055555556250000006 0.6629629625 0.055555556250000006 0.6296296296875 0.0354166671875 0.6296296296875 0.015277778124999999 0.6296296296875 0.015277778124999999 0.6629629625 0.015277778124999999 0.696296296875 0.0354166671875 0.696296296875 0.055555556250000006 0.696296296875