0 0.565277778125 0.1654320984375 0.565277778125 0.1382716046875 0.565277778125 0.1111111109375 0.54930555625 0.1111111109375 0.5333333328125 0.1111111109375 0.5333333328125 0.1382716046875 0.5333333328125 0.1654320984375 0.54930555625 0.1654320984375 0.565277778125 0.1654320984375
0 0.309722221875 0.3703703703125 0.309722221875 0.3481481484375 0.309722221875 0.32592592656249997 0.2958333328125 0.32592592656249997 0.28194444375 0.32592592656249997 0.28194444375 0.3481481484375 0.28194444375 0.3703703703125 0.2958333328125 0.3703703703125 0.309722221875 0.3703703703125
0 0.165277778125 0.95555555625 0.165277778125 0.90987654375 0.165277778125 0.86419753125 0.1291666671875 0.86419753125 0.09305555625 0.86419753125 0.09305555625 0.90987654375 0.09305555625 0.95555555625 0.1291666671875 0.95555555625 0.165277778125 0.95555555625
0 0.23055555625 0.8493827156249999 0.23055555625 0.8061728390624999 0.23055555625 0.7629629625 0.20694444375 0.7629629625 0.1833333328125 0.7629629625 0.1833333328125 0.8061728390624999 0.1833333328125 0.8493827156249999 0.20694444375 0.8493827156249999 0.23055555625 0.8493827156249999
0 0.4291666671875 0.740740740625 0.4291666671875 0.703703703125 0.4291666671875 0.6666666671875 0.40694444374999994 0.6666666671875 0.384722221875 0.6666666671875 0.384722221875 0.703703703125 0.384722221875 0.740740740625 0.40694444374999994 0.740740740625 0.4291666671875 0.740740740625
0 0.45555555625000005 0.5925925921874999 0.45555555625000005 0.5629629625 0.45555555625000005 0.5333333328125 0.43541666718750005 0.5333333328125 0.415277778125 0.5333333328125 0.415277778125 0.5629629625 0.415277778125 0.5925925921874999 0.43541666718750005 0.5925925921874999 0.45555555625000005 0.5925925921874999
0 0.30555555624999997 0.5629629625 0.30555555624999997 0.53580246875 0.30555555624999997 0.508641975 0.2875 0.508641975 0.26944444375 0.508641975 0.26944444375 0.53580246875 0.26944444375 0.5629629625 0.2875 0.5629629625 0.30555555624999997 0.5629629625
0 0.43055555625 0.35555555625 0.43055555625 0.3283950625 0.43055555625 0.30123456718749997 0.4125 0.30123456718749997 0.39444444375 0.30123456718749997 0.39444444375 0.3283950625 0.39444444375 0.35555555625 0.4125 0.35555555625 0.43055555625 0.35555555625
0 0.6986111109375 0.6370370375000001 0.6986111109375 0.5938271609375 0.6986111109375 0.550617284375 0.6826388890625 0.550617284375 0.6666666671875 0.550617284375 0.6666666671875 0.5938271609375 0.6666666671875 0.6370370375000001 0.6826388890625 0.6370370375000001 0.6986111109375 0.6370370375000001
0 0.7263888890625 0.604938271875 0.7263888890625 0.577777778125 0.7263888890625 0.550617284375 0.7125 0.550617284375 0.6986111109375 0.550617284375 0.6986111109375 0.577777778125 0.6986111109375 0.604938271875 0.7125 0.604938271875 0.7263888890625 0.604938271875
0 0.134722221875 0.5456790125000001 0.134722221875 0.523456790625 0.134722221875 0.5012345671875 0.1125 0.5012345671875 0.090277778125 0.5012345671875 0.090277778125 0.523456790625 0.090277778125 0.5456790125000001 0.1125 0.5456790125000001 0.134722221875 0.5456790125000001
0 0.24583333281250003 0.632098765625 0.24583333281250003 0.6123456796875 0.24583333281250003 0.5925925921874999 0.23194444375 0.5925925921874999 0.21805555625 0.5925925921874999 0.21805555625 0.6123456796875 0.21805555625 0.632098765625 0.23194444375 0.632098765625 0.24583333281250003 0.632098765625
0 0.38333333281250004 0.303703703125 0.38333333281250004 0.28271605 0.38333333281250004 0.2617283953125 0.37152777812500004 0.2617283953125 0.35972222187499997 0.2617283953125 0.35972222187499997 0.28271605 0.35972222187499997 0.303703703125 0.37152777812500004 0.303703703125 0.38333333281250004 0.303703703125
3 0.0986111109375 0.6617283953124999 0.0986111109375 0.64444444375 0.0986111109375 0.62716049375 0.0826388890625 0.62716049375 0.0666666671875 0.62716049375 0.0666666671875 0.64444444375 0.0666666671875 0.6617283953124999 0.0826388890625 0.6617283953124999 0.0986111109375 0.6617283953124999
3 0.1666666671875 0.7012345671875 0.1666666671875 0.6716049374999999 0.1666666671875 0.641975309375 0.1451388890625 0.641975309375 0.12361111093749999 0.641975309375 0.12361111093749999 0.6716049374999999 0.12361111093749999 0.7012345671875 0.1451388890625 0.7012345671875 0.1666666671875 0.7012345671875