3 0.6236111109375 0.5629629625 0.6236111109375 0.5395061734375 0.6236111109375 0.5160493828125 0.609722221875 0.5160493828125 0.5958333328125 0.5160493828125 0.5958333328125 0.5395061734375 0.5958333328125 0.5629629625 0.609722221875 0.5629629625 0.6236111109375 0.5629629625
3 0.0916666671875 0.859259259375 0.0916666671875 0.8308641968750001 0.0916666671875 0.8024691359375 0.06944444375 0.8024691359375 0.047222221875 0.8024691359375 0.047222221875 0.8308641968750001 0.047222221875 0.859259259375 0.06944444375 0.859259259375 0.0916666671875 0.859259259375
3 0.2 0.8617283953125 0.2 0.8395061734375 0.2 0.81728395 0.1770833328125 0.81728395 0.1541666671875 0.81728395 0.1541666671875 0.8395061734375 0.1541666671875 0.8617283953125 0.1770833328125 0.8617283953125 0.2 0.8617283953125
3 0.315277778125 0.6469135796875001 0.315277778125 0.6123456796875 0.315277778125 0.577777778125 0.29444444375 0.577777778125 0.2736111109375 0.577777778125 0.2736111109375 0.6123456796875 0.2736111109375 0.6469135796875001 0.29444444375 0.6469135796875001 0.315277778125 0.6469135796875001
3 0.3111111109375 0.804938271875 0.3111111109375 0.77283950625 0.3111111109375 0.740740740625 0.2888888890625 0.740740740625 0.2666666671875 0.740740740625 0.2666666671875 0.77283950625 0.2666666671875 0.804938271875 0.2888888890625 0.804938271875 0.3111111109375 0.804938271875
3 0.64444444375 0.950617284375 0.64444444375 0.9172839500000001 0.64444444375 0.8839506171875 0.6298611109375 0.8839506171875 0.6152777781250001 0.8839506171875 0.6152777781250001 0.9172839500000001 0.6152777781250001 0.950617284375 0.6298611109375 0.950617284375 0.64444444375 0.950617284375
3 0.7208333328125 0.708641975 0.7208333328125 0.667901234375 0.7208333328125 0.62716049375 0.6951388890625 0.62716049375 0.66944444375 0.62716049375 0.66944444375 0.667901234375 0.66944444375 0.708641975 0.6951388890625 0.708641975 0.7208333328125 0.708641975
3 0.8708333328125001 0.432098765625 0.8708333328125001 0.41358024687499995 0.8708333328125001 0.395061728125 0.8548611109375001 0.395061728125 0.8388888890624999 0.395061728125 0.8388888890624999 0.41358024687499995 0.8388888890624999 0.432098765625 0.8548611109375001 0.432098765625 0.8708333328125001 0.432098765625
3 0.8791666671874999 0.5654320984375001 0.8791666671874999 0.532098765625 0.8791666671874999 0.4987654328125 0.8548611109375001 0.4987654328125 0.83055555625 0.4987654328125 0.83055555625 0.532098765625 0.83055555625 0.5654320984375001 0.8548611109375001 0.5654320984375001 0.8791666671874999 0.5654320984375001
3 0.7611111109375 0.46913580312500003 0.7611111109375 0.4456790125 0.7611111109375 0.42222222187499997 0.7423611109375 0.42222222187499997 0.7236111109375 0.42222222187499997 0.7236111109375 0.4456790125 0.7236111109375 0.46913580312500003 0.7423611109375 0.46913580312500003 0.7611111109375 0.46913580312500003
0 0.7180555562500001 0.5851851859375 0.7180555562500001 0.5617283953125 0.7180555562500001 0.5382716046875 0.70069444375 0.5382716046875 0.6833333328125 0.5382716046875 0.6833333328125 0.5617283953125 0.6833333328125 0.5851851859375 0.70069444375 0.5851851859375 0.7180555562500001 0.5851851859375
0 0.83194444375 0.367901234375 0.83194444375 0.3432098765625 0.83194444375 0.31851851875000003 0.8138888890624999 0.31851851875000003 0.7958333328125 0.31851851875000003 0.7958333328125 0.3432098765625 0.7958333328125 0.367901234375 0.8138888890624999 0.367901234375 0.83194444375 0.367901234375
0 0.60555555625 0.967901234375 0.60555555625 0.9358024687500001 0.60555555625 0.9037037031249999 0.5923611109375 0.9037037031249999 0.5791666671875 0.9037037031249999 0.5791666671875 0.9358024687500001 0.5791666671875 0.967901234375 0.5923611109375 0.967901234375 0.60555555625 0.967901234375
0 0.575 0.8839506171875 0.575 0.859259259375 0.575 0.8345679015625 0.5604166671875 0.8345679015625 0.5458333328125 0.8345679015625 0.5458333328125 0.859259259375 0.5458333328125 0.8839506171875 0.5604166671875 0.8839506171875 0.575 0.8839506171875
0 0.434722221875 0.8098765437500001 0.434722221875 0.7876543203125 0.434722221875 0.7654320984375 0.42430555625000005 0.7654320984375 0.4138888890625 0.7654320984375 0.4138888890625 0.7876543203125 0.4138888890625 0.8098765437500001 0.42430555625000005 0.8098765437500001 0.434722221875 0.8098765437500001
0 0.5097222218749999 0.7456790125 0.5097222218749999 0.71728395 0.5097222218749999 0.6888888890625 0.4916666671875 0.6888888890625 0.47361111093749997 0.6888888890625 0.47361111093749997 0.71728395 0.47361111093749997 0.7456790125 0.4916666671875 0.7456790125 0.5097222218749999 0.7456790125
0 0.26527777812500003 0.8197530859375 0.26527777812500003 0.8 0.26527777812500003 0.7802469140625 0.25 0.7802469140625 0.23472222187499997 0.7802469140625 0.23472222187499997 0.8 0.23472222187499997 0.8197530859375 0.25 0.8197530859375 0.26527777812500003 0.8197530859375
0 0.25694444375000003 0.669135803125 0.25694444375000003 0.63580246875 0.25694444375000003 0.6024691359375 0.23958333281250002 0.6024691359375 0.222222221875 0.6024691359375 0.222222221875 0.63580246875 0.222222221875 0.669135803125 0.23958333281250002 0.669135803125 0.25694444375000003 0.669135803125
0 0.26805555625 0.5111111109375 0.26805555625 0.486419753125 0.26805555625 0.4617283953125 0.2541666671875 0.4617283953125 0.240277778125 0.4617283953125 0.240277778125 0.486419753125 0.240277778125 0.5111111109375 0.2541666671875 0.5111111109375 0.26805555625 0.5111111109375
0 0.23611111093749998 0.42716049375000004 0.23611111093749998 0.40493827187500003 0.23611111093749998 0.38271605000000003 0.2201388890625 0.38271605000000003 0.20416666718749998 0.38271605000000003 0.20416666718749998 0.40493827187500003 0.20416666718749998 0.42716049375000004 0.2201388890625 0.42716049375000004 0.23611111093749998 0.42716049375000004