1 0.3361111109375 0.9530864203125 0.3361111109375 0.9209876546875 0.3361111109375 0.8888888890625 0.2875 0.8888888890625 0.2388888890625 0.8888888890625 0.2388888890625 0.9209876546875 0.2388888890625 0.9530864203125 0.2875 0.9530864203125 0.3361111109375 0.9530864203125
3 0.1916666671875 0.44444444375 0.1916666671875 0.4148148140625 0.1916666671875 0.3851851859375 0.1708333328125 0.3851851859375 0.15 0.3851851859375 0.15 0.4148148140625 0.15 0.44444444375 0.1708333328125 0.44444444375 0.1916666671875 0.44444444375
1 0.5555555562500001 0.6716049374999999 0.5555555562500001 0.6333333328124999 0.5555555562500001 0.5950617281249999 0.51944444375 0.5950617281249999 0.48333333281249996 0.5950617281249999 0.48333333281249996 0.6333333328124999 0.48333333281249996 0.6716049374999999 0.51944444375 0.6716049374999999 0.5555555562500001 0.6716049374999999
3 0.75555555625 0.486419753125 0.75555555625 0.44444444375 0.75555555625 0.4024691359375 0.7291666671875 0.4024691359375 0.702777778125 0.4024691359375 0.702777778125 0.44444444375 0.702777778125 0.486419753125 0.7291666671875 0.486419753125 0.75555555625 0.486419753125
3 0.9055555562500001 0.8345679015625 0.9055555562500001 0.7740740734375 0.9055555562500001 0.713580246875 0.8729166671874999 0.713580246875 0.840277778125 0.713580246875 0.840277778125 0.7740740734375 0.840277778125 0.8345679015625 0.8729166671874999 0.8345679015625 0.9055555562500001 0.8345679015625
3 0.7597222218749999 0.8765432093750001 0.7597222218749999 0.8024691359375 0.7597222218749999 0.7283950625 0.71319444375 0.7283950625 0.6666666671875 0.7283950625 0.6666666671875 0.8024691359375 0.6666666671875 0.8765432093750001 0.71319444375 0.8765432093750001 0.7597222218749999 0.8765432093750001
3 0.6763888890625 0.977777778125 0.6763888890625 0.9037037031249999 0.6763888890625 0.8296296296874999 0.6354166671875 0.8296296296874999 0.5944444437499999 0.8296296296874999 0.5944444437499999 0.9037037031249999 0.5944444437499999 0.977777778125 0.6354166671875 0.977777778125 0.6763888890625 0.977777778125
3 0.5041666671875 0.98271605 0.5041666671875 0.9086419749999999 0.5041666671875 0.8345679015625 0.471527778125 0.8345679015625 0.4388888890625 0.8345679015625 0.4388888890625 0.9086419749999999 0.4388888890625 0.98271605 0.471527778125 0.98271605 0.5041666671875 0.98271605
0 0.975 0.740740740625 0.975 0.7012345671875 0.975 0.6617283953124999 0.95069444375 0.6617283953124999 0.9263888890624999 0.6617283953124999 0.9263888890624999 0.7012345671875 0.9263888890624999 0.740740740625 0.95069444375 0.740740740625 0.975 0.740740740625
0 0.38055555625 0.38271605000000003 0.38055555625 0.349382715625 0.38055555625 0.3160493828125 0.3625 0.3160493828125 0.34444444375 0.3160493828125 0.34444444375 0.349382715625 0.34444444375 0.38271605000000003 0.3625 0.38271605000000003 0.38055555625 0.38271605000000003
0 0.21805555625 0.296296296875 0.21805555625 0.2629629625 0.21805555625 0.2296296296875 0.196527778125 0.2296296296875 0.175 0.2296296296875 0.175 0.2629629625 0.175 0.296296296875 0.196527778125 0.296296296875 0.21805555625 0.296296296875