2 0.565277778125 0.3481481484375 0.565277778125 0.32592592656249997 0.565277778125 0.303703703125 0.5520833328125 0.303703703125 0.5388888890625 0.303703703125 0.5388888890625 0.32592592656249997 0.5388888890625 0.3481481484375 0.5520833328125 0.3481481484375 0.565277778125 0.3481481484375
0 0.9333333328125001 0.32592592656249997 0.9333333328125001 0.29135802499999996 0.9333333328125001 0.25679012343749996 0.9013888890624999 0.25679012343749996 0.86944444375 0.25679012343749996 0.86944444375 0.29135802499999996 0.86944444375 0.32592592656249997 0.9013888890624999 0.32592592656249997 0.9333333328125001 0.32592592656249997
0 0.86944444375 0.5481481484375 0.86944444375 0.48518518593750004 0.86944444375 0.42222222187499997 0.8354166671875 0.42222222187499997 0.8013888890624999 0.42222222187499997 0.8013888890624999 0.48518518593750004 0.8013888890624999 0.5481481484375 0.8354166671875 0.5481481484375 0.86944444375 0.5481481484375
0 0.9375 0.95555555625 0.9375 0.8888888890625 0.9375 0.8222222218749999 0.8951388890624999 0.8222222218749999 0.852777778125 0.8222222218749999 0.852777778125 0.8888888890625 0.852777778125 0.95555555625 0.8951388890624999 0.95555555625 0.9375 0.95555555625
3 0.377777778125 0.7851851859375001 0.377777778125 0.68148148125 0.377777778125 0.577777778125 0.31736111093749997 0.577777778125 0.25694444375000003 0.577777778125 0.25694444375000003 0.68148148125 0.25694444375000003 0.7851851859375001 0.31736111093749997 0.7851851859375001 0.377777778125 0.7851851859375001
3 0.7861111109375 0.8617283953125 0.7861111109375 0.7839506171874999 0.7861111109375 0.7061728390625001 0.75 0.7061728390625001 0.7138888890625 0.7061728390625001 0.7138888890625 0.7839506171874999 0.7138888890625 0.8617283953125 0.75 0.8617283953125 0.7861111109375 0.8617283953125
3 0.534722221875 0.4296296296875 0.534722221875 0.37283950625 0.534722221875 0.3160493828125 0.502777778125 0.3160493828125 0.47083333281249995 0.3160493828125 0.47083333281249995 0.37283950625 0.47083333281249995 0.4296296296875 0.502777778125 0.4296296296875 0.534722221875 0.4296296296875
0 0.447222221875 0.29135802499999996 0.447222221875 0.249382715625 0.447222221875 0.20740740781250003 0.425 0.20740740781250003 0.40277777812500004 0.20740740781250003 0.40277777812500004 0.249382715625 0.40277777812500004 0.29135802499999996 0.425 0.29135802499999996 0.447222221875 0.29135802499999996
1 0.70555555625 0.35555555625 0.70555555625 0.2851851859375 0.70555555625 0.2148148140625 0.67430555625 0.2148148140625 0.64305555625 0.2148148140625 0.64305555625 0.2851851859375 0.64305555625 0.35555555625 0.67430555625 0.35555555625 0.70555555625 0.35555555625
1 0.6416666671875 0.38271605000000003 0.6416666671875 0.30740740781250003 0.6416666671875 0.23209876562499998 0.6229166671875 0.23209876562499998 0.6041666671875 0.23209876562499998 0.6041666671875 0.30740740781250003 0.6041666671875 0.38271605000000003 0.6229166671875 0.38271605000000003 0.6416666671875 0.38271605000000003
1 0.652777778125 0.5629629625 0.652777778125 0.491358025 0.652777778125 0.4197530859375 0.634027778125 0.4197530859375 0.6152777781250001 0.4197530859375 0.6152777781250001 0.491358025 0.6152777781250001 0.5629629625 0.634027778125 0.5629629625 0.652777778125 0.5629629625