0 0.49583333281249997 0.15555555625 0.49583333281249997 0.1345679015625 0.49583333281249997 0.11358024687499998 0.48125 0.11358024687499998 0.46666666718750005 0.11358024687499998 0.46666666718750005 0.1345679015625 0.46666666718750005 0.15555555625 0.48125 0.15555555625 0.49583333281249997 0.15555555625
3 0.8236111109375001 0.9703703703125001 0.8236111109375001 0.9333333328125001 0.8236111109375001 0.896296296875 0.8041666671875 0.896296296875 0.784722221875 0.896296296875 0.784722221875 0.9333333328125001 0.784722221875 0.9703703703125001 0.8041666671875 0.9703703703125001 0.8236111109375001 0.9703703703125001
1 0.722222221875 0.5283950625 0.722222221875 0.440740740625 0.722222221875 0.35308642031250004 0.67569444375 0.35308642031250004 0.6291666671875 0.35308642031250004 0.6291666671875 0.440740740625 0.6291666671875 0.5283950625 0.67569444375 0.5283950625 0.722222221875 0.5283950625
3 0.497222221875 1 0.497222221875 0.9716049375000001 0.497222221875 0.9432098765625 0.471527778125 0.9432098765625 0.4458333328125 0.9432098765625 0.4458333328125 0.9716049375000001 0.4458333328125 1 0.471527778125 1 0.497222221875 1
3 0.24583333281250003 0.9851851859374999 0.24583333281250003 0.9444444437499999 0.24583333281250003 0.9037037031249999 0.222222221875 0.9037037031249999 0.1986111109375 0.9037037031249999 0.1986111109375 0.9444444437499999 0.1986111109375 0.9851851859374999 0.222222221875 0.9851851859374999 0.24583333281250003 0.9851851859374999
3 0.2 0.9382716046875 0.2 0.8975308640625 0.2 0.8567901234375 0.1708333328125 0.8567901234375 0.1416666671875 0.8567901234375 0.1416666671875 0.8975308640625 0.1416666671875 0.9382716046875 0.1708333328125 0.9382716046875 0.2 0.9382716046875
3 0.38333333281250004 0.8543209875000001 0.38333333281250004 0.8222222218749999 0.38333333281250004 0.79012345625 0.36180555625 0.79012345625 0.34027777812500004 0.79012345625 0.34027777812500004 0.8222222218749999 0.34027777812500004 0.8543209875000001 0.36180555625 0.8543209875000001 0.38333333281250004 0.8543209875000001
3 0.58055555625 0.6197530859375 0.58055555625 0.5740740734374999 0.58055555625 0.5283950625 0.5548611109375 0.5283950625 0.5291666671875 0.5283950625 0.5291666671875 0.5740740734374999 0.5291666671875 0.6197530859375 0.5548611109375 0.6197530859375 0.58055555625 0.6197530859375
3 0.46388888906250003 0.3851851859375 0.46388888906250003 0.33209876562499996 0.46388888906250003 0.2790123453125 0.43263888906250003 0.2790123453125 0.40138888906250003 0.2790123453125 0.40138888906250003 0.33209876562499996 0.40138888906250003 0.3851851859375 0.43263888906250003 0.3851851859375 0.46388888906250003 0.3851851859375
3 0.09444444375 0.713580246875 0.09444444375 0.6629629625 0.09444444375 0.6123456796875 0.060416667187499995 0.6123456796875 0.026388889062499997 0.6123456796875 0.026388889062499997 0.6629629625 0.026388889062499997 0.713580246875 0.060416667187499995 0.713580246875 0.09444444375 0.713580246875
0 0.625 0.967901234375 0.625 0.9123456796875 0.625 0.8567901234375 0.5951388890625 0.8567901234375 0.565277778125 0.8567901234375 0.565277778125 0.9123456796875 0.565277778125 0.967901234375 0.5951388890625 0.967901234375 0.625 0.967901234375
0 0.365277778125 0.77283950625 0.365277778125 0.7370370375 0.365277778125 0.7012345671875 0.33888888906250003 0.7012345671875 0.3125 0.7012345671875 0.3125 0.7370370375 0.3125 0.77283950625 0.33888888906250003 0.77283950625 0.365277778125 0.77283950625
0 0.8736111109375001 0.967901234375 0.8736111109375001 0.923456790625 0.8736111109375001 0.8790123453125 0.8479166671874999 0.8790123453125 0.8222222218749999 0.8790123453125 0.8222222218749999 0.923456790625 0.8222222218749999 0.967901234375 0.8479166671874999 0.967901234375 0.8736111109375001 0.967901234375
0 0.627777778125 0.195061728125 0.627777778125 0.169135803125 0.627777778125 0.1432098765625 0.61319444375 0.1432098765625 0.5986111109375 0.1432098765625 0.5986111109375 0.169135803125 0.5986111109375 0.195061728125 0.61319444375 0.195061728125 0.627777778125 0.195061728125
0 0.675 0.6716049374999999 0.675 0.622222221875 0.675 0.57283950625 0.65069444375 0.57283950625 0.6263888890625 0.57283950625 0.6263888890625 0.622222221875 0.6263888890625 0.6716049374999999 0.65069444375 0.6716049374999999 0.675 0.6716049374999999
0 0.5513888890625 0.4197530859375 0.5513888890625 0.37283950625 0.5513888890625 0.32592592656249997 0.5236111109375 0.32592592656249997 0.49583333281249997 0.32592592656249997 0.49583333281249997 0.37283950625 0.49583333281249997 0.4197530859375 0.5236111109375 0.4197530859375 0.5513888890625 0.4197530859375
0 0.2638888890625 0.36296296250000004 0.2638888890625 0.323456790625 0.2638888890625 0.28395061718750003 0.23680555625 0.28395061718750003 0.20972222187499998 0.28395061718750003 0.20972222187499998 0.323456790625 0.20972222187499998 0.36296296250000004 0.23680555625 0.36296296250000004 0.2638888890625 0.36296296250000004