1 0.46527777812500004 0.313580246875 0.46527777812500004 0.2716049375 0.46527777812500004 0.2296296296875 0.44097222187499996 0.2296296296875 0.4166666671875 0.2296296296875 0.4166666671875 0.2716049375 0.4166666671875 0.313580246875 0.44097222187499996 0.313580246875 0.46527777812500004 0.313580246875
3 0.2708333328125 0.9654320984375 0.2708333328125 0.940740740625 0.2708333328125 0.9160493828125 0.25694444375000003 0.9160493828125 0.24305555625 0.9160493828125 0.24305555625 0.940740740625 0.24305555625 0.9654320984375 0.25694444375000003 0.9654320984375 0.2708333328125 0.9654320984375
0 0.322222221875 0.60987654375 0.322222221875 0.5827160499999999 0.322222221875 0.5555555562500001 0.2958333328125 0.5555555562500001 0.26944444375 0.5555555562500001 0.26944444375 0.5827160499999999 0.26944444375 0.60987654375 0.2958333328125 0.60987654375 0.322222221875 0.60987654375
0 0.384722221875 0.73580246875 0.384722221875 0.6938271609375 0.384722221875 0.6518518515625 0.3645833328125 0.6518518515625 0.34444444375 0.6518518515625 0.34444444375 0.6938271609375 0.34444444375 0.73580246875 0.3645833328125 0.73580246875 0.384722221875 0.73580246875
0 0.45277777812500003 0.6567901234375 0.45277777812500003 0.6123456796875 0.45277777812500003 0.5679012343750001 0.43055555625 0.5679012343750001 0.40833333281249995 0.5679012343750001 0.40833333281249995 0.6123456796875 0.40833333281249995 0.6567901234375 0.43055555625 0.6567901234375 0.45277777812500003 0.6567901234375
0 0.427777778125 0.1432098765625 0.427777778125 0.1197530859375 0.427777778125 0.09629629687499999 0.41319444375 0.09629629687499999 0.3986111109375 0.09629629687499999 0.3986111109375 0.1197530859375 0.3986111109375 0.1432098765625 0.41319444375 0.1432098765625 0.427777778125 0.1432098765625
0 0.7708333328125 0.2370370375 0.7708333328125 0.19382716093750002 0.7708333328125 0.150617284375 0.7493055562500001 0.150617284375 0.727777778125 0.150617284375 0.727777778125 0.19382716093750002 0.727777778125 0.2370370375 0.7493055562500001 0.2370370375 0.7708333328125 0.2370370375
0 0.6944444437499999 0.9111111109375001 0.6944444437499999 0.8604938265625 0.6944444437499999 0.8098765437500001 0.6708333328125 0.8098765437500001 0.647222221875 0.8098765437500001 0.647222221875 0.8604938265625 0.647222221875 0.9111111109375001 0.6708333328125 0.9111111109375001 0.6944444437499999 0.9111111109375001
0 0.075 0.9333333328125001 0.075 0.8802469140625 0.075 0.8271604937499999 0.0416666671875 0.8271604937499999 0.0083333328125 0.8271604937499999 0.0083333328125 0.8802469140625 0.0083333328125 0.9333333328125001 0.0416666671875 0.9333333328125001 0.075 0.9333333328125001
0 0.1166666671875 0.5851851859375 0.1166666671875 0.5518518515624999 0.1166666671875 0.51851851875 0.090277778125 0.51851851875 0.0638888890625 0.51851851875 0.0638888890625 0.5518518515624999 0.0638888890625 0.5851851859375 0.090277778125 0.5851851859375 0.1166666671875 0.5851851859375
0 0.1611111109375 0.49382716093749995 0.1611111109375 0.46419753124999996 0.1611111109375 0.43456790156249997 0.1361111109375 0.43456790156249997 0.1111111109375 0.43456790156249997 0.1111111109375 0.46419753124999996 0.1111111109375 0.49382716093749995 0.1361111109375 0.49382716093749995 0.1611111109375 0.49382716093749995