0 0.3 0.47407407343749997 0.3 0.45679012343750003 0.3 0.4395061734375 0.28125 0.4395061734375 0.2625 0.4395061734375 0.2625 0.45679012343750003 0.2625 0.47407407343749997 0.28125 0.47407407343749997 0.3 0.47407407343749997
0 0.322222221875 0.5012345671875 0.322222221875 0.4753086421875 0.322222221875 0.449382715625 0.309722221875 0.449382715625 0.29722222187499997 0.449382715625 0.29722222187499997 0.4753086421875 0.29722222187499997 0.5012345671875 0.309722221875 0.5012345671875 0.322222221875 0.5012345671875
0 0.5833333328125 0.1876543203125 0.5833333328125 0.1666666671875 0.5833333328125 0.14567901249999998 0.571527778125 0.14567901249999998 0.559722221875 0.14567901249999998 0.559722221875 0.1666666671875 0.559722221875 0.1876543203125 0.571527778125 0.1876543203125 0.5833333328125 0.1876543203125
3 0.175 0.9654320984375 0.175 0.9333333328125001 0.175 0.9012345671875 0.14861111093749999 0.9012345671875 0.12222222187500001 0.9012345671875 0.12222222187500001 0.9333333328125001 0.12222222187500001 0.9654320984375 0.14861111093749999 0.9654320984375 0.175 0.9654320984375
3 0.3513888890625 0.6 0.3513888890625 0.57283950625 0.3513888890625 0.5456790125000001 0.3270833328125 0.5456790125000001 0.302777778125 0.5456790125000001 0.302777778125 0.57283950625 0.302777778125 0.6 0.3270833328125 0.6 0.3513888890625 0.6
0 0.322222221875 0.896296296875 0.322222221875 0.8543209875000001 0.322222221875 0.8123456796875 0.29722222187499997 0.8123456796875 0.272222221875 0.8123456796875 0.272222221875 0.8543209875000001 0.272222221875 0.896296296875 0.29722222187499997 0.896296296875 0.322222221875 0.896296296875
0 0.9958333328125001 0.669135803125 0.9958333328125001 0.62716049375 0.9958333328125001 0.5851851859375 0.9694444437499999 0.5851851859375 0.94305555625 0.5851851859375 0.94305555625 0.62716049375 0.94305555625 0.669135803125 0.9694444437499999 0.669135803125 0.9958333328125001 0.669135803125
0 0.6569444437499999 0.5654320984375001 0.6569444437499999 0.523456790625 0.6569444437499999 0.48148148125 0.6319444437499999 0.48148148125 0.60694444375 0.48148148125 0.60694444375 0.523456790625 0.60694444375 0.5654320984375001 0.6319444437499999 0.5654320984375001 0.6569444437499999 0.5654320984375001
0 0.83194444375 0.2469135796875 0.83194444375 0.2012345671875 0.83194444375 0.15555555625 0.8076388890624999 0.15555555625 0.7833333328125 0.15555555625 0.7833333328125 0.2012345671875 0.7833333328125 0.2469135796875 0.8076388890624999 0.2469135796875 0.83194444375 0.2469135796875
0 0.8111111109375001 0.39012345625 0.8111111109375001 0.3518518515625 0.8111111109375001 0.313580246875 0.7861111109375 0.313580246875 0.7611111109375 0.313580246875 0.7611111109375 0.3518518515625 0.7611111109375 0.39012345625 0.7861111109375 0.39012345625 0.8111111109375001 0.39012345625
0 0.5236111109375 0.7456790125 0.5236111109375 0.6987654328125 0.5236111109375 0.6518518515625 0.4986111109375 0.6518518515625 0.47361111093749997 0.6518518515625 0.47361111093749997 0.6987654328125 0.47361111093749997 0.7456790125 0.4986111109375 0.7456790125 0.5236111109375 0.7456790125
0 0.12361111093749999 0.9358024687500001 0.12361111093749999 0.8839506171875 0.12361111093749999 0.8320987656250001 0.08541666718749999 0.8320987656250001 0.047222221875 0.8320987656250001 0.047222221875 0.8839506171875 0.047222221875 0.9358024687500001 0.08541666718749999 0.9358024687500001 0.12361111093749999 0.9358024687500001