3 0.7875 0.3925925921875 0.7875 0.37654320937499997 0.7875 0.3604938265625 0.7611111109375 0.3604938265625 0.734722221875 0.3604938265625 0.734722221875 0.37654320937499997 0.734722221875 0.3925925921875 0.7611111109375 0.3925925921875 0.7875 0.3925925921875
3 0.8444444437499999 0.6345679015625 0.8444444437499999 0.604938271875 0.8444444437499999 0.5753086421875 0.82569444375 0.5753086421875 0.80694444375 0.5753086421875 0.80694444375 0.604938271875 0.80694444375 0.6345679015625 0.82569444375 0.6345679015625 0.8444444437499999 0.6345679015625
3 0.6513888890625 0.3456790125 0.6513888890625 0.3197530859375 0.6513888890625 0.2938271609375 0.6333333328124999 0.2938271609375 0.6152777781250001 0.2938271609375 0.6152777781250001 0.3197530859375 0.6152777781250001 0.3456790125 0.6333333328124999 0.3456790125 0.6513888890625 0.3456790125
0 0.7458333328125 1 0.7458333328125 0.9604938265625 0.7458333328125 0.9209876546875 0.715277778125 0.9209876546875 0.684722221875 0.9209876546875 0.684722221875 0.9604938265625 0.684722221875 1 0.715277778125 1 0.7458333328125 1
0 0.7263888890625 0.8790123453125 0.7263888890625 0.8308641968750001 0.7263888890625 0.78271605 0.70694444375 0.78271605 0.6875 0.78271605 0.6875 0.8308641968750001 0.6875 0.8790123453125 0.70694444375 0.8790123453125 0.7263888890625 0.8790123453125
0 0.6708333328125 0.8395061734375 0.6708333328125 0.8024691359375 0.6708333328125 0.7654320984375 0.65 0.7654320984375 0.6291666671875 0.7654320984375 0.6291666671875 0.8024691359375 0.6291666671875 0.8395061734375 0.65 0.8395061734375 0.6708333328125 0.8395061734375
0 0.109722221875 0.8320987656250001 0.109722221875 0.791358025 0.109722221875 0.750617284375 0.08333333281250001 0.750617284375 0.05694444375 0.750617284375 0.05694444375 0.791358025 0.05694444375 0.8320987656250001 0.08333333281250001 0.8320987656250001 0.109722221875 0.8320987656250001
0 0.177777778125 0.723456790625 0.177777778125 0.6876543203125001 0.177777778125 0.6518518515625 0.15555555625 0.6518518515625 0.13333333281249998 0.6518518515625 0.13333333281249998 0.6876543203125001 0.13333333281249998 0.723456790625 0.15555555625 0.723456790625 0.177777778125 0.723456790625
0 0.397222221875 0.8740740734375001 0.397222221875 0.8358024687500001 0.397222221875 0.7975308640625001 0.375 0.7975308640625001 0.352777778125 0.7975308640625001 0.352777778125 0.8358024687500001 0.352777778125 0.8740740734375001 0.375 0.8740740734375001 0.397222221875 0.8740740734375001
0 0.43333333281249997 0.35555555625 0.43333333281249997 0.3160493828125 0.43333333281249997 0.276543209375 0.41805555625 0.276543209375 0.40277777812500004 0.276543209375 0.40277777812500004 0.3160493828125 0.40277777812500004 0.35555555625 0.41805555625 0.35555555625 0.43333333281249997 0.35555555625
0 0.3708333328125 0.10123456718749999 0.3708333328125 0.0790123453125 0.3708333328125 0.05679012343749999 0.35972222187499997 0.05679012343749999 0.34861111093749997 0.05679012343749999 0.34861111093749997 0.0790123453125 0.34861111093749997 0.10123456718749999 0.35972222187499997 0.10123456718749999 0.3708333328125 0.10123456718749999
0 0.3361111109375 0.08148148125 0.3361111109375 0.048148148437499996 0.3361111109375 0.0148148140625 0.31736111093749997 0.0148148140625 0.2986111109375 0.0148148140625 0.2986111109375 0.048148148437499996 0.2986111109375 0.08148148125 0.31736111093749997 0.08148148125 0.3361111109375 0.08148148125
0 0.140277778125 0.2666666671875 0.140277778125 0.2370370375 0.140277778125 0.20740740781250003 0.1208333328125 0.20740740781250003 0.10138888906250001 0.20740740781250003 0.10138888906250001 0.2370370375 0.10138888906250001 0.2666666671875 0.1208333328125 0.2666666671875 0.140277778125 0.2666666671875