1 0.7791666671875 0.4074074078125 0.7791666671875 0.3345679015625 0.7791666671875 0.2617283953125 0.7375 0.2617283953125 0.6958333328124999 0.2617283953125 0.6958333328124999 0.3345679015625 0.6958333328124999 0.4074074078125 0.7375 0.4074074078125 0.7791666671875 0.4074074078125
3 0.23055555625 0.5703703703125 0.23055555625 0.54444444375 0.23055555625 0.51851851875 0.20416666718749998 0.51851851875 0.177777778125 0.51851851875 0.177777778125 0.54444444375 0.177777778125 0.5703703703125 0.20416666718749998 0.5703703703125 0.23055555625 0.5703703703125
3 0.64305555625 0.48148148125 0.64305555625 0.4432098765625 0.64305555625 0.40493827187500003 0.6208333328125 0.40493827187500003 0.5986111109375 0.40493827187500003 0.5986111109375 0.4432098765625 0.5986111109375 0.48148148125 0.6208333328125 0.48148148125 0.64305555625 0.48148148125
3 0.54305555625 0.2888888890625 0.54305555625 0.2469135796875 0.54305555625 0.204938271875 0.515972221875 0.204938271875 0.4888888890625 0.204938271875 0.4888888890625 0.2469135796875 0.4888888890625 0.2888888890625 0.515972221875 0.2888888890625 0.54305555625 0.2888888890625
3 0.5666666671875 0.9530864203125 0.5666666671875 0.9246913578125 0.5666666671875 0.896296296875 0.54444444375 0.896296296875 0.522222221875 0.896296296875 0.522222221875 0.9246913578125 0.522222221875 0.9530864203125 0.54444444375 0.9530864203125 0.5666666671875 0.9530864203125
3 0.5763888890625 0.8790123453125 0.5763888890625 0.8333333328125001 0.5763888890625 0.7876543203125 0.5527777781250001 0.7876543203125 0.5291666671875 0.7876543203125 0.5291666671875 0.8333333328125001 0.5291666671875 0.8790123453125 0.5527777781250001 0.8790123453125 0.5763888890625 0.8790123453125
3 0.45416666718750004 0.9432098765625 0.45416666718750004 0.9061728390624999 0.45416666718750004 0.8691358031249999 0.42569444375 0.8691358031249999 0.397222221875 0.8691358031249999 0.397222221875 0.9061728390624999 0.397222221875 0.9432098765625 0.42569444375 0.9432098765625 0.45416666718750004 0.9432098765625
0 0.8444444437499999 0.758024690625 0.8444444437499999 0.7197530859375 0.8444444437499999 0.68148148125 0.82430555625 0.68148148125 0.8041666671875 0.68148148125 0.8041666671875 0.7197530859375 0.8041666671875 0.758024690625 0.82430555625 0.758024690625 0.8444444437499999 0.758024690625
0 0.9208333328125 0.8024691359375 0.9208333328125 0.7703703703125 0.9208333328125 0.7382716046875 0.8979166671875 0.7382716046875 0.875 0.7382716046875 0.875 0.7703703703125 0.875 0.8024691359375 0.8979166671875 0.8024691359375 0.9208333328125 0.8024691359375
0 0.6916666671875 0.8 0.6916666671875 0.7567901234375001 0.6916666671875 0.713580246875 0.6659722218749999 0.713580246875 0.640277778125 0.713580246875 0.640277778125 0.7567901234375001 0.640277778125 0.8 0.6659722218749999 0.8 0.6916666671875 0.8
0 0.8125 0.9382716046875 0.8125 0.8901234562499999 0.8125 0.841975309375 0.7875 0.841975309375 0.7625 0.841975309375 0.7625 0.8901234562499999 0.7625 0.9382716046875 0.7875 0.9382716046875 0.8125 0.9382716046875
0 0.45694444375 0.632098765625 0.45694444375 0.5987654328125 0.45694444375 0.5654320984375001 0.43263888906250003 0.5654320984375001 0.40833333281249995 0.5654320984375001 0.40833333281249995 0.5987654328125 0.40833333281249995 0.632098765625 0.43263888906250003 0.632098765625 0.45694444375 0.632098765625
0 0.7375 0.5259259265625 0.7375 0.4876543203125 0.7375 0.449382715625 0.715277778125 0.449382715625 0.69305555625 0.449382715625 0.69305555625 0.4876543203125 0.69305555625 0.5259259265625 0.715277778125 0.5259259265625 0.7375 0.5259259265625
0 0.6986111109375 0.11358024687499998 0.6986111109375 0.08395061718749999 0.6986111109375 0.054320987499999994 0.6826388890625 0.054320987499999994 0.6666666671875 0.054320987499999994 0.6666666671875 0.08395061718749999 0.6666666671875 0.11358024687499998 0.6826388890625 0.11358024687499998 0.6986111109375 0.11358024687499998
0 0.6180555562500001 0.3209876546875 0.6180555562500001 0.276543209375 0.6180555562500001 0.23209876562499998 0.5951388890625 0.23209876562499998 0.5722222218749999 0.23209876562499998 0.5722222218749999 0.276543209375 0.5722222218749999 0.3209876546875 0.5951388890625 0.3209876546875 0.6180555562500001 0.3209876546875
0 0.36944444375 0.286419753125 0.36944444375 0.25061728437499997 0.36944444375 0.2148148140625 0.34444444375 0.2148148140625 0.31944444375000003 0.2148148140625 0.31944444375000003 0.25061728437499997 0.31944444375000003 0.286419753125 0.34444444375 0.286419753125 0.36944444375 0.286419753125