1 0.12222222187500001 0.550617284375 0.12222222187500001 0.47283950625 0.12222222187500001 0.395061728125 0.08680555625 0.395061728125 0.0513888890625 0.395061728125 0.0513888890625 0.47283950625 0.0513888890625 0.550617284375 0.08680555625 0.550617284375 0.12222222187500001 0.550617284375
2 0.7 0.3753086421875 0.7 0.33703703749999997 0.7 0.2987654328125 0.6861111109375 0.2987654328125 0.672222221875 0.2987654328125 0.672222221875 0.33703703749999997 0.672222221875 0.3753086421875 0.6861111109375 0.3753086421875 0.7 0.3753086421875
3 0.7416666671875001 0.7456790125 0.7416666671875001 0.6839506171874999 0.7416666671875001 0.622222221875 0.7104166671875001 0.622222221875 0.6791666671875001 0.622222221875 0.6791666671875001 0.6839506171874999 0.6791666671875001 0.7456790125 0.7104166671875001 0.7456790125 0.7416666671875001 0.7456790125
1 0.7458333328125 0.95555555625 0.7458333328125 0.8679012343749999 0.7458333328125 0.7802469140625 0.690972221875 0.7802469140625 0.6361111109375 0.7802469140625 0.6361111109375 0.8679012343749999 0.6361111109375 0.95555555625 0.690972221875 0.95555555625 0.7458333328125 0.95555555625
1 0.6611111109375 1 0.6611111109375 0.904938271875 0.6611111109375 0.8098765437500001 0.6041666671875 0.8098765437500001 0.547222221875 0.8098765437500001 0.547222221875 0.904938271875 0.547222221875 1 0.6041666671875 1 0.6611111109375 1
3 0.497222221875 1 0.497222221875 0.9345679015625 0.497222221875 0.8691358031249999 0.45069444374999995 0.8691358031249999 0.40416666718750005 0.8691358031249999 0.40416666718750005 0.9345679015625 0.40416666718750005 1 0.45069444374999995 1 0.497222221875 1
3 0.5708333328124999 0.09629629687499999 0.5708333328124999 0.050617284375 0.5708333328124999 0.004938271875 0.5354166671875 0.004938271875 0.5 0.004938271875 0.5 0.050617284375 0.5 0.09629629687499999 0.5354166671875 0.09629629687499999 0.5708333328124999 0.09629629687499999
3 0.34722222187499996 0.12345679062499999 0.34722222187499996 0.0629629625 0.34722222187499996 0.0024691359375 0.30625 0.0024691359375 0.26527777812500003 0.0024691359375 0.26527777812500003 0.0629629625 0.26527777812500003 0.12345679062499999 0.30625 0.12345679062499999 0.34722222187499996 0.12345679062499999
0 0.73194444375 0.37283950625 0.73194444375 0.330864196875 0.73194444375 0.2888888890625 0.7166666671875 0.2888888890625 0.7013888890625 0.2888888890625 0.7013888890625 0.330864196875 0.7013888890625 0.37283950625 0.7166666671875 0.37283950625 0.73194444375 0.37283950625
0 0.6416666671875 0.45185185156249996 0.6416666671875 0.4148148140625 0.6416666671875 0.377777778125 0.6152777781250001 0.377777778125 0.5888888890625 0.377777778125 0.5888888890625 0.4148148140625 0.5888888890625 0.45185185156249996 0.6152777781250001 0.45185185156249996 0.6416666671875 0.45185185156249996
0 0.5388888890625 0.4395061734375 0.5388888890625 0.3888888890625 0.5388888890625 0.3382716046875 0.5048611109375 0.3382716046875 0.47083333281249995 0.3382716046875 0.47083333281249995 0.3888888890625 0.47083333281249995 0.4395061734375 0.5048611109375 0.4395061734375 0.5388888890625 0.4395061734375
0 0.4361111109375 0.25679012343749996 0.4361111109375 0.20246913593750002 0.4361111109375 0.1481481484375 0.40277777812500004 0.1481481484375 0.36944444375 0.1481481484375 0.36944444375 0.20246913593750002 0.36944444375 0.25679012343749996 0.40277777812500004 0.25679012343749996 0.4361111109375 0.25679012343749996
0 0.3111111109375 0.4024691359375 0.3111111109375 0.3395061734375 0.3111111109375 0.276543209375 0.27430555624999997 0.276543209375 0.2375 0.276543209375 0.2375 0.3395061734375 0.2375 0.4024691359375 0.27430555624999997 0.4024691359375 0.3111111109375 0.4024691359375