3 0.20972222187499998 0.3604938265625 0.20972222187499998 0.304938271875 0.20972222187499998 0.249382715625 0.17430555625 0.249382715625 0.13888888906250002 0.249382715625 0.13888888906250002 0.304938271875 0.13888888906250002 0.3604938265625 0.17430555625 0.3604938265625 0.20972222187499998 0.3604938265625
3 0.1763888890625 0.3209876546875 0.1763888890625 0.27283950625000003 0.1763888890625 0.2246913578125 0.1395833328125 0.2246913578125 0.102777778125 0.2246913578125 0.102777778125 0.27283950625000003 0.102777778125 0.3209876546875 0.1395833328125 0.3209876546875 0.1763888890625 0.3209876546875
3 0.077777778125 0.18024691406249999 0.077777778125 0.12222222187500001 0.077777778125 0.06419753125 0.0416666671875 0.06419753125 0.00555555625 0.06419753125 0.00555555625 0.12222222187500001 0.00555555625 0.18024691406249999 0.0416666671875 0.18024691406249999 0.077777778125 0.18024691406249999
3 0.94305555625 0.5481481484375 0.94305555625 0.522222221875 0.94305555625 0.49629629687500004 0.9263888890624999 0.49629629687500004 0.909722221875 0.49629629687500004 0.909722221875 0.522222221875 0.909722221875 0.5481481484375 0.9263888890624999 0.5481481484375 0.94305555625 0.5481481484375
3 0.8138888890624999 0.8123456796875 0.8138888890624999 0.767901234375 0.8138888890624999 0.723456790625 0.7833333328125 0.723456790625 0.752777778125 0.723456790625 0.752777778125 0.767901234375 0.752777778125 0.8123456796875 0.7833333328125 0.8123456796875 0.8138888890624999 0.8123456796875
3 0.602777778125 0.5283950625 0.602777778125 0.4987654328125 0.602777778125 0.46913580312500003 0.56875 0.46913580312500003 0.534722221875 0.46913580312500003 0.534722221875 0.4987654328125 0.534722221875 0.5283950625 0.56875 0.5283950625 0.602777778125 0.5283950625
3 0.6138888890625 0.62716049375 0.6138888890625 0.6 0.6138888890625 0.57283950625 0.5944444437499999 0.57283950625 0.575 0.57283950625 0.575 0.6 0.575 0.62716049375 0.5944444437499999 0.62716049375 0.6138888890625 0.62716049375
3 0.51944444375 0.6938271609375 0.51944444375 0.649382715625 0.51944444375 0.604938271875 0.49305555625 0.604938271875 0.46666666718750005 0.604938271875 0.46666666718750005 0.649382715625 0.46666666718750005 0.6938271609375 0.49305555625 0.6938271609375 0.51944444375 0.6938271609375
0 0.45277777812500003 1 0.45277777812500003 0.9493827156249999 0.45277777812500003 0.8987654328125 0.4145833328125 0.8987654328125 0.3763888890625 0.8987654328125 0.3763888890625 0.9493827156249999 0.3763888890625 1 0.4145833328125 1 0.45277777812500003 1
0 0.5694444437499999 0.6246913578125 0.5694444437499999 0.5851851859375 0.5694444437499999 0.5456790125000001 0.5416666671875 0.5456790125000001 0.5138888890625 0.5456790125000001 0.5138888890625 0.5851851859375 0.5138888890625 0.6246913578125 0.5416666671875 0.6246913578125 0.5694444437499999 0.6246913578125
0 0.85694444375 0.41234567968749997 0.85694444375 0.37654320937499997 0.85694444375 0.340740740625 0.83194444375 0.340740740625 0.80694444375 0.340740740625 0.80694444375 0.37654320937499997 0.80694444375 0.41234567968749997 0.83194444375 0.41234567968749997 0.85694444375 0.41234567968749997
0 0.6138888890625 0.3283950625 0.6138888890625 0.2888888890625 0.6138888890625 0.249382715625 0.5923611109375 0.249382715625 0.5708333328124999 0.249382715625 0.5708333328124999 0.2888888890625 0.5708333328124999 0.3283950625 0.5923611109375 0.3283950625 0.6138888890625 0.3283950625
0 0.14861111093749999 0.08148148125 0.14861111093749999 0.049382715625000004 0.14861111093749999 0.01728395 0.115277778125 0.01728395 0.08194444375 0.01728395 0.08194444375 0.049382715625000004 0.08194444375 0.08148148125 0.115277778125 0.08148148125 0.14861111093749999 0.08148148125