3 0.7875 0.9432098765625 0.7875 0.9172839500000001 0.7875 0.891358025 0.76805555625 0.891358025 0.7486111109375 0.891358025 0.7486111109375 0.9172839500000001 0.7486111109375 0.9432098765625 0.76805555625 0.9432098765625 0.7875 0.9432098765625
3 0.7263888890625 0.9209876546875 0.7263888890625 0.8728395062500001 0.7263888890625 0.8246913578124999 0.702777778125 0.8246913578124999 0.6791666671875001 0.8246913578124999 0.6791666671875001 0.8728395062500001 0.6791666671875001 0.9209876546875 0.702777778125 0.9209876546875 0.7263888890625 0.9209876546875
0 0.2625 0.35802469062500003 0.2625 0.3197530859375 0.2625 0.28148148125 0.24305555625 0.28148148125 0.2236111109375 0.28148148125 0.2236111109375 0.3197530859375 0.2236111109375 0.35802469062500003 0.24305555625 0.35802469062500003 0.2625 0.35802469062500003
0 0.44166666718750003 0.1111111109375 0.44166666718750003 0.077777778125 0.44166666718750003 0.04444444375 0.42430555625000005 0.04444444375 0.40694444374999994 0.04444444375 0.40694444374999994 0.077777778125 0.40694444374999994 0.1111111109375 0.42430555625000005 0.1111111109375 0.44166666718750003 0.1111111109375
0 0.4236111109375 0.17283950625 0.4236111109375 0.14691357968750002 0.4236111109375 0.12098765468749999 0.4125 0.12098765468749999 0.40138888906250003 0.12098765468749999 0.40138888906250003 0.14691357968750002 0.40138888906250003 0.17283950625 0.4125 0.17283950625 0.4236111109375 0.17283950625
0 0.48333333281249996 0.21728394999999998 0.48333333281249996 0.19135802500000001 0.48333333281249996 0.1654320984375 0.4673611109375 0.1654320984375 0.4513888890625 0.1654320984375 0.4513888890625 0.19135802500000001 0.4513888890625 0.21728394999999998 0.4673611109375 0.21728394999999998 0.48333333281249996 0.21728394999999998
0 0.602777778125 0.1481481484375 0.602777778125 0.12098765468749999 0.602777778125 0.0938271609375 0.5840277781250001 0.0938271609375 0.565277778125 0.0938271609375 0.565277778125 0.12098765468749999 0.565277778125 0.1481481484375 0.5840277781250001 0.1481481484375 0.602777778125 0.1481481484375
0 0.7861111109375 0.286419753125 0.7861111109375 0.258024690625 0.7861111109375 0.2296296296875 0.772222221875 0.2296296296875 0.7583333328124999 0.2296296296875 0.7583333328124999 0.258024690625 0.7583333328124999 0.286419753125 0.772222221875 0.286419753125 0.7861111109375 0.286419753125
0 0.6 0.540740740625 0.6 0.5049382718750001 0.6 0.46913580312500003 0.5840277781250001 0.46913580312500003 0.56805555625 0.46913580312500003 0.56805555625 0.5049382718750001 0.56805555625 0.540740740625 0.5840277781250001 0.540740740625 0.6 0.540740740625
0 0.9041666671874999 0.3703703703125 0.9041666671874999 0.3345679015625 0.9041666671874999 0.2987654328125 0.88125 0.2987654328125 0.8583333328125 0.2987654328125 0.8583333328125 0.3345679015625 0.8583333328125 0.3703703703125 0.88125 0.3703703703125 0.9041666671874999 0.3703703703125
0 0.6083333328125 0.9456790125 0.6083333328125 0.9024691359375 0.6083333328125 0.859259259375 0.58819444375 0.859259259375 0.56805555625 0.859259259375 0.56805555625 0.9024691359375 0.56805555625 0.9456790125 0.58819444375 0.9456790125 0.6083333328125 0.9456790125
0 0.3708333328125 0.686419753125 0.3708333328125 0.6567901234375 0.3708333328125 0.62716049375 0.352777778125 0.62716049375 0.334722221875 0.62716049375 0.334722221875 0.6567901234375 0.334722221875 0.686419753125 0.352777778125 0.686419753125 0.3708333328125 0.686419753125