3 0.7402777781250001 0.9456790125 0.7402777781250001 0.8530864203125 0.7402777781250001 0.7604938265625 0.70555555625 0.7604938265625 0.6708333328125 0.7604938265625 0.6708333328125 0.8530864203125 0.6708333328125 0.9456790125 0.70555555625 0.9456790125 0.7402777781250001 0.9456790125
3 0.3916666671875 0.9160493828125 0.3916666671875 0.7530864203125 0.3916666671875 0.59012345625 0.334027778125 0.59012345625 0.27638888906250003 0.59012345625 0.27638888906250003 0.7530864203125 0.27638888906250003 0.9160493828125 0.334027778125 0.9160493828125 0.3916666671875 0.9160493828125
3 0.2888888890625 0.98271605 0.2888888890625 0.8938271609375 0.2888888890625 0.804938271875 0.2611111109375 0.804938271875 0.23333333281250002 0.804938271875 0.23333333281250002 0.8938271609375 0.23333333281250002 0.98271605 0.2611111109375 0.98271605 0.2888888890625 0.98271605
3 0.5875 0.859259259375 0.5875 0.7617283953125 0.5875 0.6641975312499999 0.5354166671875 0.6641975312499999 0.48333333281249996 0.6641975312499999 0.48333333281249996 0.7617283953125 0.48333333281249996 0.859259259375 0.5354166671875 0.859259259375 0.5875 0.859259259375
3 0.42222222187499997 0.9580246906250001 0.42222222187499997 0.8493827156249999 0.42222222187499997 0.740740740625 0.36805555624999997 0.740740740625 0.3138888890625 0.740740740625 0.3138888890625 0.8493827156249999 0.3138888890625 0.9580246906250001 0.36805555624999997 0.9580246906250001 0.42222222187499997 0.9580246906250001
3 0.497222221875 1 0.497222221875 0.896296296875 0.497222221875 0.7925925921875 0.434722221875 0.7925925921875 0.372222221875 0.7925925921875 0.372222221875 0.896296296875 0.372222221875 1 0.434722221875 1 0.497222221875 1
3 0.79444444375 0.7753086421875001 0.79444444375 0.691358025 0.79444444375 0.6074074078125 0.7388888890625 0.6074074078125 0.6833333328125 0.6074074078125 0.6833333328125 0.691358025 0.6833333328125 0.7753086421875001 0.7388888890625 0.7753086421875001 0.79444444375 0.7753086421875001
0 0.5583333328125 0.2246913578125 0.5583333328125 0.18024691406249999 0.5583333328125 0.13580246875 0.534722221875 0.13580246875 0.5111111109375 0.13580246875 0.5111111109375 0.18024691406249999 0.5111111109375 0.2246913578125 0.534722221875 0.2246913578125 0.5583333328125 0.2246913578125
0 0.28611111093749997 0.8197530859375 0.28611111093749997 0.7123456796875 0.28611111093749997 0.604938271875 0.22291666718749997 0.604938271875 0.15972222187500001 0.604938271875 0.15972222187500001 0.7123456796875 0.15972222187500001 0.8197530859375 0.22291666718749997 0.8197530859375 0.28611111093749997 0.8197530859375
0 0.1291666671875 0.3802469140625 0.1291666671875 0.296296296875 0.1291666671875 0.2123456796875 0.077777778125 0.2123456796875 0.026388889062499997 0.2123456796875 0.026388889062499997 0.296296296875 0.026388889062499997 0.3802469140625 0.077777778125 0.3802469140625 0.1291666671875 0.3802469140625
0 0.2736111109375 0.11851851875 0.2736111109375 0.06419753125 0.2736111109375 0.00987654375 0.21875 0.00987654375 0.16388888906250001 0.00987654375 0.16388888906250001 0.06419753125 0.16388888906250001 0.11851851875 0.21875 0.11851851875 0.2736111109375 0.11851851875