0 0.35972222187499997 0.26419753125 0.35972222187499997 0.23456790156250001 0.35972222187499997 0.204938271875 0.34375 0.204938271875 0.32777777812500003 0.204938271875 0.32777777812500003 0.23456790156250001 0.32777777812500003 0.26419753125 0.34375 0.26419753125 0.35972222187499997 0.26419753125
0 0.302777778125 0.3975308640625 0.302777778125 0.3617283953125 0.302777778125 0.32592592656249997 0.28125 0.32592592656249997 0.259722221875 0.32592592656249997 0.259722221875 0.3617283953125 0.259722221875 0.3975308640625 0.28125 0.3975308640625 0.302777778125 0.3975308640625
0 0.3513888890625 0.491358025 0.3513888890625 0.458024690625 0.3513888890625 0.42469135781249995 0.33125 0.42469135781249995 0.3111111109375 0.42469135781249995 0.3111111109375 0.458024690625 0.3111111109375 0.491358025 0.33125 0.491358025 0.3513888890625 0.491358025
0 0.4861111109375 0.75555555625 0.4861111109375 0.7074074078125 0.4861111109375 0.659259259375 0.46458333281249997 0.659259259375 0.44305555625000004 0.659259259375 0.44305555625000004 0.7074074078125 0.44305555625000004 0.75555555625 0.46458333281249997 0.75555555625 0.4861111109375 0.75555555625
0 0.54305555625 0.713580246875 0.54305555625 0.6753086421875001 0.54305555625 0.6370370375000001 0.5229166671875001 0.6370370375000001 0.502777778125 0.6370370375000001 0.502777778125 0.6753086421875001 0.502777778125 0.713580246875 0.5229166671875001 0.713580246875 0.54305555625 0.713580246875
0 0.9305555562500001 0.6469135796875001 0.9305555562500001 0.5962962968750001 0.9305555562500001 0.5456790125000001 0.8986111109375001 0.5456790125000001 0.8666666671875 0.5456790125000001 0.8666666671875 0.5962962968750001 0.8666666671875 0.6469135796875001 0.8986111109375001 0.6469135796875001 0.9305555562500001 0.6469135796875001
0 0.9861111109375 0.886419753125 0.9861111109375 0.8308641968750001 0.9861111109375 0.7753086421875001 0.953472221875 0.7753086421875001 0.9208333328125 0.7753086421875001 0.9208333328125 0.8308641968750001 0.9208333328125 0.886419753125 0.953472221875 0.886419753125 0.9861111109375 0.886419753125
0 0.602777778125 0.2 0.602777778125 0.176543209375 0.602777778125 0.1530864203125 0.5888888890625 0.1530864203125 0.575 0.1530864203125 0.575 0.176543209375 0.575 0.2 0.5888888890625 0.2 0.602777778125 0.2
0 0.21944444375 0.8839506171875 0.21944444375 0.8308641968750001 0.21944444375 0.777777778125 0.1888888890625 0.777777778125 0.1583333328125 0.777777778125 0.1583333328125 0.8308641968750001 0.1583333328125 0.8839506171875 0.1888888890625 0.8839506171875 0.21944444375 0.8839506171875
1 0.6333333328124999 0.7259259265625 0.6333333328124999 0.6987654328125 0.6333333328124999 0.6716049374999999 0.6006944437499999 0.6716049374999999 0.56805555625 0.6716049374999999 0.56805555625 0.6987654328125 0.56805555625 0.7259259265625 0.6006944437499999 0.7259259265625 0.6333333328124999 0.7259259265625
1 0.7194444437499999 0.8074074078125 0.7194444437499999 0.7716049375 0.7194444437499999 0.73580246875 0.6826388890625 0.73580246875 0.6458333328125 0.73580246875 0.6458333328125 0.7716049375 0.6458333328125 0.8074074078125 0.6826388890625 0.8074074078125 0.7194444437499999 0.8074074078125
1 0.747222221875 0.540740740625 0.747222221875 0.5061728390625 0.747222221875 0.4716049375 0.7201388890625 0.4716049375 0.69305555625 0.4716049375 0.69305555625 0.5061728390625 0.69305555625 0.540740740625 0.7201388890625 0.540740740625 0.747222221875 0.540740740625