0 0.1041666671875 0.8024691359375 0.1041666671875 0.7567901234375001 0.1041666671875 0.7111111109375 0.07986111093750001 0.7111111109375 0.055555556250000006 0.7111111109375 0.055555556250000006 0.7567901234375001 0.055555556250000006 0.8024691359375 0.07986111093750001 0.8024691359375 0.1041666671875 0.8024691359375
0 0.22916666718749998 0.6518518515625 0.22916666718749998 0.6123456796875 0.22916666718749998 0.57283950625 0.2125 0.57283950625 0.19583333281249998 0.57283950625 0.19583333281249998 0.6123456796875 0.19583333281249998 0.6518518515625 0.2125 0.6518518515625 0.22916666718749998 0.6518518515625
0 0.16388888906250001 0.7456790125 0.16388888906250001 0.703703703125 0.16388888906250001 0.6617283953124999 0.14236111093749998 0.6617283953124999 0.1208333328125 0.6617283953124999 0.1208333328125 0.703703703125 0.1208333328125 0.7456790125 0.14236111093749998 0.7456790125 0.16388888906250001 0.7456790125
0 0.6513888890625 0.64444444375 0.6513888890625 0.5962962968750001 0.6513888890625 0.5481481484375 0.6256944437499999 0.5481481484375 0.6 0.5481481484375 0.6 0.5962962968750001 0.6 0.64444444375 0.6256944437499999 0.64444444375 0.6513888890625 0.64444444375
0 0.9458333328125 0.3753086421875 0.9458333328125 0.3283950625 0.9458333328125 0.28148148125 0.91180555625 0.28148148125 0.877777778125 0.28148148125 0.877777778125 0.3283950625 0.877777778125 0.3753086421875 0.91180555625 0.3753086421875 0.9458333328125 0.3753086421875
0 0.872222221875 0.2617283953125 0.872222221875 0.21851851875 0.872222221875 0.1753086421875 0.8541666671874999 0.1753086421875 0.8361111109375001 0.1753086421875 0.8361111109375001 0.21851851875 0.8361111109375001 0.2617283953125 0.8541666671874999 0.2617283953125 0.872222221875 0.2617283953125
0 0.322222221875 0.049382715625000004 0.322222221875 0.028395062500000002 0.322222221875 0.0074074078125 0.3083333328125 0.0074074078125 0.29444444375 0.0074074078125 0.29444444375 0.028395062500000002 0.29444444375 0.049382715625000004 0.3083333328125 0.049382715625000004 0.322222221875 0.049382715625000004
0 0.4388888890625 0.11358024687499998 0.4388888890625 0.0654320984375 0.4388888890625 0.01728395 0.40069444374999996 0.01728395 0.3625 0.01728395 0.3625 0.0654320984375 0.3625 0.11358024687499998 0.40069444374999996 0.11358024687499998 0.4388888890625 0.11358024687499998
0 0.6180555562500001 0.051851851562499995 0.6180555562500001 0.027160493749999997 0.6180555562500001 0.0024691359375 0.6 0.0024691359375 0.58194444375 0.0024691359375 0.58194444375 0.027160493749999997 0.58194444375 0.051851851562499995 0.6 0.051851851562499995 0.6180555562500001 0.051851851562499995
0 0.6861111109375 0.222222221875 0.6861111109375 0.17901234531250002 0.6861111109375 0.13580246875 0.659027778125 0.13580246875 0.6319444437499999 0.13580246875 0.6319444437499999 0.17901234531250002 0.6319444437499999 0.222222221875 0.659027778125 0.222222221875 0.6861111109375 0.222222221875
0 0.60555555625 0.313580246875 0.60555555625 0.269135803125 0.60555555625 0.2246913578125 0.5868055562500001 0.2246913578125 0.56805555625 0.2246913578125 0.56805555625 0.269135803125 0.56805555625 0.313580246875 0.5868055562500001 0.313580246875 0.60555555625 0.313580246875
0 0.5388888890625 0.2 0.5388888890625 0.1703703703125 0.5388888890625 0.140740740625 0.5173611109375 0.140740740625 0.49583333281249997 0.140740740625 0.49583333281249997 0.1703703703125 0.49583333281249997 0.2 0.5173611109375 0.2 0.5388888890625 0.2
0 0.44166666718750003 0.1876543203125 0.44166666718750003 0.1530864203125 0.44166666718750003 0.11851851875 0.42152777812500003 0.11851851875 0.40138888906250003 0.11851851875 0.40138888906250003 0.1530864203125 0.40138888906250003 0.1876543203125 0.42152777812500003 0.1876543203125 0.44166666718750003 0.1876543203125
0 0.3236111109375 0.4148148140625 0.3236111109375 0.3802469140625 0.3236111109375 0.3456790125 0.30625 0.3456790125 0.2888888890625 0.3456790125 0.2888888890625 0.3802469140625 0.2888888890625 0.4148148140625 0.30625 0.4148148140625 0.3236111109375 0.4148148140625
0 0.32777777812500003 0.622222221875 0.32777777812500003 0.5925925921874999 0.32777777812500003 0.5629629625 0.30555555624999997 0.5629629625 0.2833333328125 0.5629629625 0.2833333328125 0.5925925921874999 0.2833333328125 0.622222221875 0.30555555624999997 0.622222221875 0.32777777812500003 0.622222221875