0 0.3958333328125 0.0987654328125 0.3958333328125 0.061728395312499997 0.3958333328125 0.024691357812500002 0.3791666671875 0.024691357812500002 0.3625 0.024691357812500002 0.3625 0.061728395312499997 0.3625 0.0987654328125 0.3791666671875 0.0987654328125 0.3958333328125 0.0987654328125
0 0.2125 0.4716049375 0.2125 0.432098765625 0.2125 0.3925925921875 0.18055555625 0.3925925921875 0.14861111093749999 0.3925925921875 0.14861111093749999 0.432098765625 0.14861111093749999 0.4716049375 0.18055555625 0.4716049375 0.2125 0.4716049375
0 0.45694444375 0.5827160499999999 0.45694444375 0.5333333328125 0.45694444375 0.4839506171875 0.434722221875 0.4839506171875 0.4125 0.4839506171875 0.4125 0.5333333328125 0.4125 0.5827160499999999 0.434722221875 0.5827160499999999 0.45694444375 0.5827160499999999
0 0.50555555625 0.5481481484375 0.50555555625 0.5111111109375 0.50555555625 0.47407407343749997 0.478472221875 0.47407407343749997 0.4513888890625 0.47407407343749997 0.4513888890625 0.5111111109375 0.4513888890625 0.5481481484375 0.478472221875 0.5481481484375 0.50555555625 0.5481481484375
0 0.49305555625 0.804938271875 0.49305555625 0.7567901234375001 0.49305555625 0.708641975 0.4701388890625 0.708641975 0.447222221875 0.708641975 0.447222221875 0.7567901234375001 0.447222221875 0.804938271875 0.4701388890625 0.804938271875 0.49305555625 0.804938271875
0 0.5638888890625 0.9925925921875001 0.5638888890625 0.92716049375 0.5638888890625 0.8617283953125 0.5263888890625 0.8617283953125 0.4888888890625 0.8617283953125 0.4888888890625 0.92716049375 0.4888888890625 0.9925925921875001 0.5263888890625 0.9925925921875001 0.5638888890625 0.9925925921875001
0 0.48333333281249996 1 0.48333333281249996 0.967901234375 0.48333333281249996 0.9358024687500001 0.44930555625 0.9358024687500001 0.415277778125 0.9358024687500001 0.415277778125 0.967901234375 0.415277778125 1 0.44930555625 1 0.48333333281249996 1
3 0.4 0.47654320937500005 0.4 0.45185185156249996 0.4 0.42716049375000004 0.37986111093749997 0.42716049375000004 0.35972222187499997 0.42716049375000004 0.35972222187499997 0.45185185156249996 0.35972222187499997 0.47654320937500005 0.37986111093749997 0.47654320937500005 0.4 0.47654320937500005
3 0.5291666671875 0.632098765625 0.5291666671875 0.6 0.5291666671875 0.5679012343750001 0.497222221875 0.5679012343750001 0.46527777812500004 0.5679012343750001 0.46527777812500004 0.6 0.46527777812500004 0.632098765625 0.497222221875 0.632098765625 0.5291666671875 0.632098765625
3 0.5791666671875 0.795061728125 0.5791666671875 0.7333333328125 0.5791666671875 0.6716049374999999 0.540277778125 0.6716049374999999 0.5013888890625 0.6716049374999999 0.5013888890625 0.7333333328125 0.5013888890625 0.795061728125 0.540277778125 0.795061728125 0.5791666671875 0.795061728125
1 0.7430555562500001 0.7975308640625001 0.7430555562500001 0.75555555625 0.7430555562500001 0.713580246875 0.6875 0.713580246875 0.6319444437499999 0.713580246875 0.6319444437499999 0.75555555625 0.6319444437499999 0.7975308640625001 0.6875 0.7975308640625001 0.7430555562500001 0.7975308640625001
0 0.3611111109375 0.313580246875 0.3611111109375 0.27777777812500004 0.3611111109375 0.24197530937499998 0.33819444375 0.24197530937499998 0.315277778125 0.24197530937499998 0.315277778125 0.27777777812500004 0.315277778125 0.313580246875 0.33819444375 0.313580246875 0.3611111109375 0.313580246875