0 0.38194444375000003 0.4617283953125 0.38194444375000003 0.4 0.38194444375000003 0.3382716046875 0.346527778125 0.3382716046875 0.3111111109375 0.3382716046875 0.3111111109375 0.4 0.3111111109375 0.4617283953125 0.346527778125 0.4617283953125 0.38194444375000003 0.4617283953125
0 0.4375 0.7456790125 0.4375 0.686419753125 0.4375 0.62716049375 0.40625 0.62716049375 0.375 0.62716049375 0.375 0.686419753125 0.375 0.7456790125 0.40625 0.7456790125 0.4375 0.7456790125
0 0.652777778125 0.730864196875 0.652777778125 0.67283950625 0.652777778125 0.6148148140624999 0.6201388890625 0.6148148140624999 0.5875 0.6148148140624999 0.5875 0.67283950625 0.5875 0.730864196875 0.6201388890625 0.730864196875 0.652777778125 0.730864196875
0 1 0.350617284375 0.9770833328125 0.350617284375 0.9541666671875 0.350617284375 0.9541666671875 0.3987654328125 0.9541666671875 0.4469135796875 0.9770833328125 0.4469135796875 1 0.4469135796875 1 0.3987654328125 1 0.350617284375
3 0.6152777781250001 0.2938271609375 0.6152777781250001 0.259259259375 0.6152777781250001 0.2246913578125 0.590972221875 0.2246913578125 0.5666666671875 0.2246913578125 0.5666666671875 0.259259259375 0.5666666671875 0.2938271609375 0.590972221875 0.2938271609375 0.6152777781250001 0.2938271609375
3 0.815277778125 1 0.815277778125 0.9604938265625 0.815277778125 0.9209876546875 0.784027778125 0.9209876546875 0.752777778125 0.9209876546875 0.752777778125 0.9604938265625 0.752777778125 1 0.784027778125 1 0.815277778125 1
3 0.8847222218749999 1 0.8847222218749999 0.9518518515625001 0.8847222218749999 0.9037037031249999 0.8611111109375 0.9037037031249999 0.8375 0.9037037031249999 0.8375 0.9518518515625001 0.8375 1 0.8611111109375 1 0.8847222218749999 1
1 0.15555555625 0.350617284375 0.15555555625 0.313580246875 0.15555555625 0.276543209375 0.0923611109375 0.276543209375 0.029166667187500002 0.276543209375 0.029166667187500002 0.313580246875 0.029166667187500002 0.350617284375 0.0923611109375 0.350617284375 0.15555555625 0.350617284375
1 0.7388888890625 0.713580246875 0.7388888890625 0.6432098765625 0.7388888890625 0.57283950625 0.7145833328125 0.57283950625 0.690277778125 0.57283950625 0.690277778125 0.6432098765625 0.690277778125 0.713580246875 0.7145833328125 0.713580246875 0.7388888890625 0.713580246875
1 0.5944444437499999 0.558024690625 0.5944444437499999 0.4839506171875 0.5944444437499999 0.40987654375 0.57569444375 0.40987654375 0.55694444375 0.40987654375 0.55694444375 0.4839506171875 0.55694444375 0.558024690625 0.57569444375 0.558024690625 0.5944444437499999 0.558024690625
3 0.8111111109375001 0.2296296296875 0.8111111109375001 0.1975308640625 0.8111111109375001 0.1654320984375 0.7881944437499999 0.1654320984375 0.765277778125 0.1654320984375 0.765277778125 0.1975308640625 0.765277778125 0.2296296296875 0.7881944437499999 0.2296296296875 0.8111111109375001 0.2296296296875