3 0.63055555625 0.804938271875 0.63055555625 0.7753086421875001 0.63055555625 0.7456790125 0.6076388890625 0.7456790125 0.584722221875 0.7456790125 0.584722221875 0.7753086421875001 0.584722221875 0.804938271875 0.6076388890625 0.804938271875 0.63055555625 0.804938271875
3 0.46527777812500004 0.7876543203125 0.46527777812500004 0.7629629625 0.46527777812500004 0.7382716046875 0.44444444375 0.7382716046875 0.4236111109375 0.7382716046875 0.4236111109375 0.7629629625 0.4236111109375 0.7876543203125 0.44444444375 0.7876543203125 0.46527777812500004 0.7876543203125
3 0.1833333328125 0.38271605000000003 0.1833333328125 0.3518518515625 0.1833333328125 0.3209876546875 0.16180555624999998 0.3209876546875 0.140277778125 0.3209876546875 0.140277778125 0.3518518515625 0.140277778125 0.38271605000000003 0.16180555624999998 0.38271605000000003 0.1833333328125 0.38271605000000003
3 0.147222221875 0.296296296875 0.147222221875 0.2703703703125 0.147222221875 0.24444444375000002 0.1270833328125 0.24444444375000002 0.10694444375 0.24444444375000002 0.10694444375 0.2703703703125 0.10694444375 0.296296296875 0.1270833328125 0.296296296875 0.147222221875 0.296296296875
0 0.60555555625 0.550617284375 0.60555555625 0.522222221875 0.60555555625 0.49382716093749995 0.59375 0.49382716093749995 0.58194444375 0.49382716093749995 0.58194444375 0.522222221875 0.58194444375 0.550617284375 0.59375 0.550617284375 0.60555555625 0.550617284375
0 0.6125 0.42469135781249995 0.6125 0.3987654328125 0.6125 0.37283950625 0.5944444437499999 0.37283950625 0.5763888890625 0.37283950625 0.5763888890625 0.3987654328125 0.5763888890625 0.42469135781249995 0.5944444437499999 0.42469135781249995 0.6125 0.42469135781249995
0 0.515277778125 0.4395061734375 0.515277778125 0.4197530859375 0.515277778125 0.4 0.5006944437499999 0.4 0.4861111109375 0.4 0.4861111109375 0.4197530859375 0.4861111109375 0.4395061734375 0.5006944437499999 0.4395061734375 0.515277778125 0.4395061734375
0 0.4875 0.4839506171875 0.4875 0.4604938265625 0.4875 0.4370370375 0.47083333281249995 0.4370370375 0.45416666718750004 0.4370370375 0.45416666718750004 0.4604938265625 0.45416666718750004 0.4839506171875 0.47083333281249995 0.4839506171875 0.4875 0.4839506171875
0 0.4263888890625 0.46666666718750005 0.4263888890625 0.43456790156249997 0.4263888890625 0.4024691359375 0.41111111093749997 0.4024691359375 0.3958333328125 0.4024691359375 0.3958333328125 0.43456790156249997 0.3958333328125 0.46666666718750005 0.41111111093749997 0.46666666718750005 0.4263888890625 0.46666666718750005
0 0.85 0.9358024687500001 0.85 0.8679012343749999 0.85 0.8 0.809027778125 0.8 0.76805555625 0.8 0.76805555625 0.8679012343749999 0.76805555625 0.9358024687500001 0.809027778125 0.9358024687500001 0.85 0.9358024687500001
0 0.652777778125 0.9333333328125001 0.652777778125 0.8975308640625 0.652777778125 0.8617283953125 0.628472221875 0.8617283953125 0.6041666671875 0.8617283953125 0.6041666671875 0.8975308640625 0.6041666671875 0.9333333328125001 0.628472221875 0.9333333328125001 0.652777778125 0.9333333328125001
0 0.4138888890625 0.9876543203124999 0.4138888890625 0.9444444437499999 0.4138888890625 0.9012345671875 0.3875 0.9012345671875 0.3611111109375 0.9012345671875 0.3611111109375 0.9444444437499999 0.3611111109375 0.9876543203124999 0.3875 0.9876543203124999 0.4138888890625 0.9876543203124999
0 0.43333333281249997 0.8691358031249999 0.43333333281249997 0.841975309375 0.43333333281249997 0.8148148140625 0.41319444375 0.8148148140625 0.39305555625 0.8148148140625 0.39305555625 0.841975309375 0.39305555625 0.8691358031249999 0.41319444375 0.8691358031249999 0.43333333281249997 0.8691358031249999
0 0.3638888890625 0.713580246875 0.3638888890625 0.6740740734374999 0.3638888890625 0.6345679015625 0.340972221875 0.6345679015625 0.31805555625 0.6345679015625 0.31805555625 0.6740740734374999 0.31805555625 0.713580246875 0.340972221875 0.713580246875 0.3638888890625 0.713580246875
0 0.26944444375 0.4987654328125 0.26944444375 0.4703703703125 0.26944444375 0.44197530937499996 0.246527778125 0.44197530937499996 0.2236111109375 0.44197530937499996 0.2236111109375 0.4703703703125 0.2236111109375 0.4987654328125 0.246527778125 0.4987654328125 0.26944444375 0.4987654328125