1 1 0.4716049375 0.91944444375 0.4716049375 0.8388888890624999 0.4716049375 0.8388888890624999 0.5617283953125 0.8388888890624999 0.6518518515625 0.91944444375 0.6518518515625 1 0.6518518515625 1 0.5617283953125 1 0.4716049375
3 0.377777778125 0.6888888890625 0.377777778125 0.6345679015625 0.377777778125 0.5802469140625 0.34375 0.5802469140625 0.309722221875 0.5802469140625 0.309722221875 0.6345679015625 0.309722221875 0.6888888890625 0.34375 0.6888888890625 0.377777778125 0.6888888890625
1 0.25833333281250004 0.75555555625 0.25833333281250004 0.622222221875 0.25833333281250004 0.4888888890625 0.1354166671875 0.4888888890625 0.0125 0.4888888890625 0.0125 0.622222221875 0.0125 0.75555555625 0.1354166671875 0.75555555625 0.25833333281250004 0.75555555625
3 0.8611111109375 0.940740740625 0.8611111109375 0.8296296296874999 0.8611111109375 0.7185185187500001 0.803472221875 0.7185185187500001 0.7458333328125 0.7185185187500001 0.7458333328125 0.8296296296874999 0.7458333328125 0.940740740625 0.803472221875 0.940740740625 0.8611111109375 0.940740740625
3 0.647222221875 0.64444444375 0.647222221875 0.5259259265625 0.647222221875 0.4074074078125 0.571527778125 0.4074074078125 0.49583333281249997 0.4074074078125 0.49583333281249997 0.5259259265625 0.49583333281249997 0.64444444375 0.571527778125 0.64444444375 0.647222221875 0.64444444375
0 0.5638888890625 1 0.5638888890625 0.8975308640625 0.5638888890625 0.795061728125 0.5138888890625 0.795061728125 0.46388888906250003 0.795061728125 0.46388888906250003 0.8975308640625 0.46388888906250003 1 0.5138888890625 1 0.5638888890625 1
0 1 0.2938271609375 0.9729166671874999 0.2938271609375 0.9458333328125 0.2938271609375 0.9458333328125 0.391358025 0.9458333328125 0.4888888890625 0.9729166671874999 0.4888888890625 1 0.4888888890625 1 0.391358025 1 0.2938271609375
0 0.7513888890625 0.8320987656250001 0.7513888890625 0.7395061734375 0.7513888890625 0.6469135796875001 0.6986111109375 0.6469135796875001 0.6458333328125 0.6469135796875001 0.6458333328125 0.7395061734375 0.6458333328125 0.8320987656250001 0.6986111109375 0.8320987656250001 0.7513888890625 0.8320987656250001
0 0.847222221875 0.6148148140624999 0.847222221875 0.522222221875 0.847222221875 0.4296296296875 0.7854166671875 0.4296296296875 0.7236111109375 0.4296296296875 0.7236111109375 0.522222221875 0.7236111109375 0.6148148140624999 0.7854166671875 0.6148148140624999 0.847222221875 0.6148148140624999
0 0.8791666671874999 0.3604938265625 0.8791666671874999 0.25679012343749996 0.8791666671874999 0.1530864203125 0.8173611109375001 0.1530864203125 0.75555555625 0.1530864203125 0.75555555625 0.25679012343749996 0.75555555625 0.3604938265625 0.8173611109375001 0.3604938265625 0.8791666671874999 0.3604938265625
0 0.48194444374999995 0.2987654328125 0.48194444374999995 0.1987654328125 0.48194444374999995 0.0987654328125 0.42430555625000005 0.0987654328125 0.36666666718749996 0.0987654328125 0.36666666718749996 0.1987654328125 0.36666666718749996 0.2987654328125 0.42430555625000005 0.2987654328125 0.48194444374999995 0.2987654328125
0 0.3013888890625 0.4 0.3013888890625 0.33580246874999997 0.3013888890625 0.2716049375 0.25486111093749997 0.2716049375 0.20833333281250002 0.2716049375 0.20833333281250002 0.33580246874999997 0.20833333281250002 0.4 0.25486111093749997 0.4 0.3013888890625 0.4
0 0.1666666671875 0.59012345625 0.1666666671875 0.486419753125 0.1666666671875 0.38271605000000003 0.0951388890625 0.38271605000000003 0.0236111109375 0.38271605000000003 0.0236111109375 0.486419753125 0.0236111109375 0.59012345625 0.0951388890625 0.59012345625 0.1666666671875 0.59012345625