0 0.42083333281249996 0.3604938265625 0.42083333281249996 0.303703703125 0.42083333281249996 0.2469135796875 0.3888888890625 0.2469135796875 0.35694444375 0.2469135796875 0.35694444375 0.303703703125 0.35694444375 0.3604938265625 0.3888888890625 0.3604938265625 0.42083333281249996 0.3604938265625
1 0.815277778125 0.8469135796874999 0.815277778125 0.7617283953125 0.815277778125 0.676543209375 0.7416666671875001 0.676543209375 0.66805555625 0.676543209375 0.66805555625 0.7617283953125 0.66805555625 0.8469135796874999 0.7416666671875001 0.8469135796874999 0.815277778125 0.8469135796874999
1 0.6361111109375 0.73580246875 0.6361111109375 0.6259259265625 0.6361111109375 0.5160493828125 0.60555555625 0.5160493828125 0.575 0.5160493828125 0.575 0.6259259265625 0.575 0.73580246875 0.60555555625 0.73580246875 0.6361111109375 0.73580246875
3 0.875 0.091358025 0.875 0.0469135796875 0.875 0.0024691359375 0.81875 0.0024691359375 0.7625 0.0024691359375 0.7625 0.0469135796875 0.7625 0.091358025 0.81875 0.091358025 0.875 0.091358025
3 0.6083333328125 0.4296296296875 0.6083333328125 0.32716049375 0.6083333328125 0.2246913578125 0.5451388890625 0.2246913578125 0.48194444374999995 0.2246913578125 0.48194444374999995 0.32716049375 0.48194444374999995 0.4296296296875 0.5451388890625 0.4296296296875 0.6083333328125 0.4296296296875
0 0.9055555562500001 0.7530864203125 0.9055555562500001 0.6716049374999999 0.9055555562500001 0.59012345625 0.85555555625 0.59012345625 0.8055555562500001 0.59012345625 0.8055555562500001 0.6716049374999999 0.8055555562500001 0.7530864203125 0.85555555625 0.7530864203125 0.9055555562500001 0.7530864203125
0 0.7083333328125 0.49629629687500004 0.7083333328125 0.41728395 0.7083333328125 0.3382716046875 0.6611111109375 0.3382716046875 0.6138888890625 0.3382716046875 0.6138888890625 0.41728395 0.6138888890625 0.49629629687500004 0.6611111109375 0.49629629687500004 0.7083333328125 0.49629629687500004
0 1 0.2296296296875 0.9416666671874999 0.2296296296875 0.8833333328125 0.2296296296875 0.8833333328125 0.3382716046875 0.8833333328125 0.4469135796875 0.9416666671874999 0.4469135796875 1 0.4469135796875 1 0.3382716046875 1 0.2296296296875
0 0.7888888890625 0.1530864203125 0.7888888890625 0.0975308640625 0.7888888890625 0.041975309375 0.76319444375 0.041975309375 0.7375 0.041975309375 0.7375 0.0975308640625 0.7375 0.1530864203125 0.76319444375 0.1530864203125 0.7888888890625 0.1530864203125
0 0.7486111109375 0.303703703125 0.7486111109375 0.2395061734375 0.7486111109375 0.1753086421875 0.7118055562500001 0.1753086421875 0.675 0.1753086421875 0.675 0.2395061734375 0.675 0.303703703125 0.7118055562500001 0.303703703125 0.7486111109375 0.303703703125
0 0.68194444375 0.1753086421875 0.68194444375 0.095061728125 0.68194444375 0.0148148140625 0.6354166671875 0.0148148140625 0.5888888890625 0.0148148140625 0.5888888890625 0.095061728125 0.5888888890625 0.1753086421875 0.6354166671875 0.1753086421875 0.68194444375 0.1753086421875
0 0.44305555625000004 1 0.44305555625000004 0.932098765625 0.44305555625000004 0.86419753125 0.4 0.86419753125 0.35694444375 0.86419753125 0.35694444375 0.932098765625 0.35694444375 1 0.4 1 0.44305555625000004 1
0 0.46944444374999994 0.86419753125 0.46944444374999994 0.776543209375 0.46944444374999994 0.6888888890625 0.415277778125 0.6888888890625 0.3611111109375 0.6888888890625 0.3611111109375 0.776543209375 0.3611111109375 0.86419753125 0.415277778125 0.86419753125 0.46944444374999994 0.86419753125