1 0.575 0.713580246875 0.575 0.61851851875 0.575 0.523456790625 0.497222221875 0.523456790625 0.41944444374999995 0.523456790625 0.41944444374999995 0.61851851875 0.41944444374999995 0.713580246875 0.497222221875 0.713580246875 0.575 0.713580246875
3 0.8361111109375001 0.686419753125 0.8361111109375001 0.5950617281249999 0.8361111109375001 0.503703703125 0.765277778125 0.503703703125 0.6944444437499999 0.503703703125 0.6944444437499999 0.5950617281249999 0.6944444437499999 0.686419753125 0.765277778125 0.686419753125 0.8361111109375001 0.686419753125
3 0.8625 0.51851851875 0.8625 0.450617284375 0.8625 0.38271605000000003 0.8083333328125001 0.38271605000000003 0.7541666671875 0.38271605000000003 0.7541666671875 0.450617284375 0.7541666671875 0.51851851875 0.8083333328125001 0.51851851875 0.8625 0.51851851875
3 0.6625 0.8567901234375 0.6625 0.7740740734375 0.6625 0.691358025 0.615972221875 0.691358025 0.5694444437499999 0.691358025 0.5694444437499999 0.7740740734375 0.5694444437499999 0.8567901234375 0.615972221875 0.8567901234375 0.6625 0.8567901234375
3 0.48055555625 0.5925925921874999 0.48055555625 0.523456790625 0.48055555625 0.45432098749999994 0.43541666718750005 0.45432098749999994 0.39027777812500003 0.45432098749999994 0.39027777812500003 0.523456790625 0.39027777812500003 0.5925925921874999 0.43541666718750005 0.5925925921874999 0.48055555625 0.5925925921874999
0 0.9791666671874999 0.11358024687499998 0.9791666671874999 0.0604938265625 0.9791666671874999 0.0074074078125 0.9104166671874999 0.0074074078125 0.8416666671874999 0.0074074078125 0.8416666671874999 0.0604938265625 0.8416666671874999 0.11358024687499998 0.9104166671874999 0.11358024687499998 0.9791666671874999 0.11358024687499998
0 0.827777778125 0.350617284375 0.827777778125 0.2518518515625 0.827777778125 0.1530864203125 0.76944444375 0.1530864203125 0.7111111109375 0.1530864203125 0.7111111109375 0.2518518515625 0.7111111109375 0.350617284375 0.76944444375 0.350617284375 0.827777778125 0.350617284375
0 0.625 0.44197530937499996 0.625 0.3567901234375 0.625 0.2716049375 0.578472221875 0.2716049375 0.5319444437499999 0.2716049375 0.5319444437499999 0.3567901234375 0.5319444437499999 0.44197530937499996 0.578472221875 0.44197530937499996 0.625 0.44197530937499996
0 0.4875 0.9975308640625 0.4875 0.932098765625 0.4875 0.8666666671875 0.446527778125 0.8666666671875 0.40555555625000006 0.8666666671875 0.40555555625000006 0.932098765625 0.40555555625000006 0.9975308640625 0.446527778125 0.9975308640625 0.4875 0.9975308640625
0 0.40138888906250003 0.795061728125 0.40138888906250003 0.740740740625 0.40138888906250003 0.686419753125 0.3736111109375 0.686419753125 0.3458333328125 0.686419753125 0.3458333328125 0.740740740625 0.3458333328125 0.795061728125 0.3736111109375 0.795061728125 0.40138888906250003 0.795061728125
0 0.33888888906250003 0.9753086421875 0.33888888906250003 0.9259259265625 0.33888888906250003 0.8765432093750001 0.2958333328125 0.8765432093750001 0.252777778125 0.8765432093750001 0.252777778125 0.9259259265625 0.252777778125 0.9753086421875 0.2958333328125 0.9753086421875 0.33888888906250003 0.9753086421875
0 0.24722222187499998 0.9086419749999999 0.24722222187499998 0.840740740625 0.24722222187499998 0.77283950625 0.20347222187499997 0.77283950625 0.15972222187500001 0.77283950625 0.15972222187500001 0.840740740625 0.15972222187500001 0.9086419749999999 0.20347222187499997 0.9086419749999999 0.24722222187499998 0.9086419749999999
0 0.27638888906250003 0.6518518515625 0.27638888906250003 0.5975308640625 0.27638888906250003 0.5432098765625 0.240277778125 0.5432098765625 0.20416666718749998 0.5432098765625 0.20416666718749998 0.5975308640625 0.20416666718749998 0.6518518515625 0.240277778125 0.6518518515625 0.27638888906250003 0.6518518515625
0 0.39444444375 0.6296296296875 0.39444444375 0.5753086421875 0.39444444375 0.5209876546875 0.35972222187499997 0.5209876546875 0.325 0.5209876546875 0.325 0.5753086421875 0.325 0.6296296296875 0.35972222187499997 0.6296296296875 0.39444444375 0.6296296296875
0 0.4486111109375 0.4716049375 0.4486111109375 0.41604938281250003 0.4486111109375 0.3604938265625 0.41180555625000004 0.3604938265625 0.375 0.3604938265625 0.375 0.41604938281250003 0.375 0.4716049375 0.41180555625000004 0.4716049375 0.4486111109375 0.4716049375
0 0.325 0.42469135781249995 0.325 0.3604938265625 0.325 0.296296296875 0.2958333328125 0.296296296875 0.2666666671875 0.296296296875 0.2666666671875 0.3604938265625 0.2666666671875 0.42469135781249995 0.2958333328125 0.42469135781249995 0.325 0.42469135781249995
0 0.3861111109375 0.3432098765625 0.3861111109375 0.3024691359375 0.3861111109375 0.2617283953125 0.35902777812500003 0.2617283953125 0.33194444375 0.2617283953125 0.33194444375 0.3024691359375 0.33194444375 0.3432098765625 0.35902777812500003 0.3432098765625 0.3861111109375 0.3432098765625
0 0.4458333328125 0.2938271609375 0.4458333328125 0.23086419687499998 0.4458333328125 0.16790123437499999 0.40694444374999994 0.16790123437499999 0.36805555624999997 0.16790123437499999 0.36805555624999997 0.23086419687499998 0.36805555624999997 0.2938271609375 0.40694444374999994 0.2938271609375 0.4458333328125 0.2938271609375
0 0.534722221875 0.2666666671875 0.534722221875 0.20246913593750002 0.534722221875 0.1382716046875 0.490277778125 0.1382716046875 0.4458333328125 0.1382716046875 0.4458333328125 0.20246913593750002 0.4458333328125 0.2666666671875 0.490277778125 0.2666666671875 0.534722221875 0.2666666671875
0 0.4986111109375 0.10123456718749999 0.4986111109375 0.054320987499999994 0.4986111109375 0.0074074078125 0.4548611109375 0.0074074078125 0.41111111093749997 0.0074074078125 0.41111111093749997 0.054320987499999994 0.41111111093749997 0.10123456718749999 0.4548611109375 0.10123456718749999 0.4986111109375 0.10123456718749999