0 0.240277778125 0.53580246875 0.240277778125 0.44197530937499996 0.240277778125 0.3481481484375 0.17569444375 0.3481481484375 0.1111111109375 0.3481481484375 0.1111111109375 0.44197530937499996 0.1111111109375 0.53580246875 0.17569444375 0.53580246875 0.240277778125 0.53580246875
0 0.55694444375 0.49629629687500004 0.55694444375 0.4148148140625 0.55694444375 0.3333333328125 0.5125 0.3333333328125 0.46805555625000006 0.3333333328125 0.46805555625000006 0.4148148140625 0.46805555625000006 0.49629629687500004 0.5125 0.49629629687500004 0.55694444375 0.49629629687500004
0 0.7194444437499999 0.5555555562500001 0.7194444437499999 0.4876543203125 0.7194444437499999 0.4197530859375 0.6763888890625 0.4197530859375 0.6333333328124999 0.4197530859375 0.6333333328124999 0.4876543203125 0.6333333328124999 0.5555555562500001 0.6763888890625 0.5555555562500001 0.7194444437499999 0.5555555562500001
0 0.5611111109375 0.7185185187500001 0.5611111109375 0.6333333328124999 0.5611111109375 0.5481481484375 0.5104166671875 0.5481481484375 0.459722221875 0.5481481484375 0.459722221875 0.6333333328124999 0.459722221875 0.7185185187500001 0.5104166671875 0.7185185187500001 0.5611111109375 0.7185185187500001
0 0.5097222218749999 0.9308641968750001 0.5097222218749999 0.8432098765625 0.5097222218749999 0.75555555625 0.45694444375 0.75555555625 0.40416666718750005 0.75555555625 0.40416666718750005 0.8432098765625 0.40416666718750005 0.9308641968750001 0.45694444375 0.9308641968750001 0.5097222218749999 0.9308641968750001
0 0.98194444375 0.9703703703125001 0.98194444375 0.896296296875 0.98194444375 0.8222222218749999 0.9277777781250001 0.8222222218749999 0.8736111109375001 0.8222222218749999 0.8736111109375001 0.896296296875 0.8736111109375001 0.9703703703125001 0.9277777781250001 0.9703703703125001 0.98194444375 0.9703703703125001
0 0.7402777781250001 0.31851851875000003 0.7402777781250001 0.2469135796875 0.7402777781250001 0.1753086421875 0.696527778125 0.1753086421875 0.652777778125 0.1753086421875 0.652777778125 0.2469135796875 0.652777778125 0.31851851875000003 0.696527778125 0.31851851875000003 0.7402777781250001 0.31851851875000003
0 0.5486111109375 0.0888888890625 0.5486111109375 0.0456790125 0.5486111109375 0.0024691359375 0.5138888890625 0.0024691359375 0.4791666671875 0.0024691359375 0.4791666671875 0.0456790125 0.4791666671875 0.0888888890625 0.5138888890625 0.0888888890625 0.5486111109375 0.0888888890625
0 0.8111111109375001 0.21728394999999998 0.8111111109375001 0.1703703703125 0.8111111109375001 0.12345679062499999 0.7729166671875001 0.12345679062499999 0.734722221875 0.12345679062499999 0.734722221875 0.1703703703125 0.734722221875 0.21728394999999998 0.7729166671875001 0.21728394999999998 0.8111111109375001 0.21728394999999998
0 0.8541666671874999 0.33580246874999997 0.8541666671874999 0.2753086421875 0.8541666671874999 0.2148148140625 0.8236111109375001 0.2148148140625 0.79305555625 0.2148148140625 0.79305555625 0.2753086421875 0.79305555625 0.33580246874999997 0.8236111109375001 0.33580246874999997 0.8541666671874999 0.33580246874999997
0 0.9083333328125001 0.31851851875000003 0.9083333328125001 0.25679012343749996 0.9083333328125001 0.195061728125 0.88125 0.195061728125 0.8541666671874999 0.195061728125 0.8541666671874999 0.25679012343749996 0.8541666671874999 0.31851851875000003 0.88125 0.31851851875000003 0.9083333328125001 0.31851851875000003
0 0.8444444437499999 0.1654320984375 0.8444444437499999 0.12592592656249998 0.8444444437499999 0.086419753125 0.81875 0.086419753125 0.79305555625 0.086419753125 0.79305555625 0.12592592656249998 0.79305555625 0.1654320984375 0.81875 0.1654320984375 0.8444444437499999 0.1654320984375
3 0.3958333328125 0.8197530859375 0.3958333328125 0.703703703125 0.3958333328125 0.5876543203125 0.3236111109375 0.5876543203125 0.2513888890625 0.5876543203125 0.2513888890625 0.703703703125 0.2513888890625 0.8197530859375 0.3236111109375 0.8197530859375 0.3958333328125 0.8197530859375
3 0.6208333328125 1 0.6208333328125 0.9024691359375 0.6208333328125 0.804938271875 0.5638888890625 0.804938271875 0.5069444437499999 0.804938271875 0.5069444437499999 0.9024691359375 0.5069444437499999 1 0.5638888890625 1 0.6208333328125 1
3 0.6166666671875001 0.45679012343750003 0.6166666671875001 0.4024691359375 0.6166666671875001 0.3481481484375 0.5868055562500001 0.3481481484375 0.55694444375 0.3481481484375 0.55694444375 0.4024691359375 0.55694444375 0.45679012343750003 0.5868055562500001 0.45679012343750003 0.6166666671875001 0.45679012343750003
3 0.352777778125 0.1753086421875 0.352777778125 0.12592592656249998 0.352777778125 0.076543209375 0.30902777812500004 0.076543209375 0.26527777812500003 0.076543209375 0.26527777812500003 0.12592592656249998 0.26527777812500003 0.1753086421875 0.30902777812500004 0.1753086421875 0.352777778125 0.1753086421875
1 0.7263888890625 0.696296296875 0.7263888890625 0.6345679015625 0.7263888890625 0.57283950625 0.6388888890625 0.57283950625 0.5513888890625 0.57283950625 0.5513888890625 0.6345679015625 0.5513888890625 0.696296296875 0.6388888890625 0.696296296875 0.7263888890625 0.696296296875
3 0.8888888890625 0.8246913578124999 0.8888888890625 0.7790123453125 0.8888888890625 0.7333333328125 0.8534722218749999 0.7333333328125 0.81805555625 0.7333333328125 0.81805555625 0.7790123453125 0.81805555625 0.8246913578124999 0.8534722218749999 0.8246913578124999 0.8888888890625 0.8246913578124999