3 0.2 0.2617283953125 0.2 0.2 0.2 0.1382716046875 0.1611111109375 0.1382716046875 0.12222222187500001 0.1382716046875 0.12222222187500001 0.2 0.12222222187500001 0.2617283953125 0.1611111109375 0.2617283953125 0.2 0.2617283953125
3 0.225 0.91851851875 0.225 0.7851851859375001 0.225 0.6518518515625 0.153472221875 0.6518518515625 0.08194444375 0.6518518515625 0.08194444375 0.7851851859375001 0.08194444375 0.91851851875 0.153472221875 0.91851851875 0.225 0.91851851875
0 0.38194444375000003 0.0716049375 0.38194444375000003 0.037037037499999995 0.38194444375000003 0.0024691359375 0.35625 0.0024691359375 0.33055555625 0.0024691359375 0.33055555625 0.037037037499999995 0.33055555625 0.0716049375 0.35625 0.0716049375 0.38194444375000003 0.0716049375
0 0.2708333328125 0.7382716046875 0.2708333328125 0.6876543203125001 0.2708333328125 0.6370370375000001 0.23680555625 0.6370370375000001 0.20277777812500003 0.6370370375000001 0.20277777812500003 0.6876543203125001 0.20277777812500003 0.7382716046875 0.23680555625 0.7382716046875 0.2708333328125 0.7382716046875
0 0.28472222187499996 0.5629629625 0.28472222187499996 0.50987654375 0.28472222187499996 0.45679012343750003 0.24305555625 0.45679012343750003 0.20138888906250002 0.45679012343750003 0.20138888906250002 0.50987654375 0.20138888906250002 0.5629629625 0.24305555625 0.5629629625 0.28472222187499996 0.5629629625
0 0.31944444375000003 0.459259259375 0.31944444375000003 0.4024691359375 0.31944444375000003 0.3456790125 0.284027778125 0.3456790125 0.2486111109375 0.3456790125 0.2486111109375 0.4024691359375 0.2486111109375 0.459259259375 0.284027778125 0.459259259375 0.31944444375000003 0.459259259375
0 0.5388888890625 0.523456790625 0.5388888890625 0.47654320937500005 0.5388888890625 0.4296296296875 0.5041666671875 0.4296296296875 0.46944444374999994 0.4296296296875 0.46944444374999994 0.47654320937500005 0.46944444374999994 0.523456790625 0.5041666671875 0.523456790625 0.5388888890625 0.523456790625
0 0.3791666671875 0.5827160499999999 0.3791666671875 0.5259259265625 0.3791666671875 0.46913580312500003 0.3451388890625 0.46913580312500003 0.3111111109375 0.46913580312500003 0.3111111109375 0.5259259265625 0.3111111109375 0.5827160499999999 0.3451388890625 0.5827160499999999 0.3791666671875 0.5827160499999999
0 0.47222222187499996 0.38271605000000003 0.47222222187499996 0.31851851875000003 0.47222222187499996 0.2543209875 0.43819444374999994 0.2543209875 0.40416666718750005 0.2543209875 0.40416666718750005 0.31851851875000003 0.40416666718750005 0.38271605000000003 0.43819444374999994 0.38271605000000003 0.47222222187499996 0.38271605000000003
0 0.55694444375 0.19012345625 0.55694444375 0.132098765625 0.55694444375 0.0740740734375 0.5270833328125 0.0740740734375 0.497222221875 0.0740740734375 0.497222221875 0.132098765625 0.497222221875 0.19012345625 0.5270833328125 0.19012345625 0.55694444375 0.19012345625
0 0.38333333281250004 0.37283950625 0.38333333281250004 0.3246913578125 0.38333333281250004 0.276543209375 0.3611111109375 0.276543209375 0.33888888906250003 0.276543209375 0.33888888906250003 0.3246913578125 0.33888888906250003 0.37283950625 0.3611111109375 0.37283950625 0.38333333281250004 0.37283950625
0 0.334722221875 0.3209876546875 0.334722221875 0.2530864203125 0.334722221875 0.1851851859375 0.2951388890625 0.1851851859375 0.25555555625 0.1851851859375 0.25555555625 0.2530864203125 0.25555555625 0.3209876546875 0.2951388890625 0.3209876546875 0.334722221875 0.3209876546875
0 0.24444444375000002 0.3703703703125 0.24444444375000002 0.31851851875000003 0.24444444375000002 0.2666666671875 0.2138888890625 0.2666666671875 0.1833333328125 0.2666666671875 0.1833333328125 0.31851851875000003 0.1833333328125 0.3703703703125 0.2138888890625 0.3703703703125 0.24444444375000002 0.3703703703125