0 0.077777778125 1 0.077777778125 0.9012345671875 0.077777778125 0.8024691359375 0.040972221875 0.8024691359375 0.0041666671875 0.8024691359375 0.0041666671875 0.9012345671875 0.0041666671875 1 0.040972221875 1 0.077777778125 1
0 1 0.46666666718750005 0.9604166671875 0.46666666718750005 0.9208333328125 0.46666666718750005 0.9208333328125 0.54444444375 0.9208333328125 0.622222221875 0.9604166671875 0.622222221875 1 0.622222221875 1 0.54444444375 1 0.46666666718750005
0 0.5416666671875 0.20740740781250003 0.5416666671875 0.150617284375 0.5416666671875 0.0938271609375 0.50555555625 0.0938271609375 0.46944444374999994 0.0938271609375 0.46944444374999994 0.150617284375 0.46944444374999994 0.20740740781250003 0.50555555625 0.20740740781250003 0.5416666671875 0.20740740781250003
0 0.4375 0.18024691406249999 0.4375 0.1123456796875 0.4375 0.04444444375 0.39791666718749996 0.04444444375 0.3583333328125 0.04444444375 0.3583333328125 0.1123456796875 0.3583333328125 0.18024691406249999 0.39791666718749996 0.18024691406249999 0.4375 0.18024691406249999
1 0.5708333328124999 0.7481481484375 0.5708333328124999 0.68271605 0.5708333328124999 0.61728395 0.4916666671875 0.61728395 0.4125 0.61728395 0.4125 0.68271605 0.4125 0.7481481484375 0.4916666671875 0.7481481484375 0.5708333328124999 0.7481481484375
3 0.69305555625 0.8395061734375 0.69305555625 0.7395061734375 0.69305555625 0.6395061734375 0.6326388890625 0.6395061734375 0.5722222218749999 0.6395061734375 0.5722222218749999 0.7395061734375 0.5722222218749999 0.8395061734375 0.6326388890625 0.8395061734375 0.69305555625 0.8395061734375
3 0.28472222187499996 0.550617284375 0.28472222187499996 0.49259259218749996 0.28472222187499996 0.43456790156249997 0.24375 0.43456790156249997 0.20277777812500003 0.43456790156249997 0.20277777812500003 0.49259259218749996 0.20277777812500003 0.550617284375 0.24375 0.550617284375 0.28472222187499996 0.550617284375
3 0.2513888890625 0.7382716046875 0.2513888890625 0.6617283953124999 0.2513888890625 0.5851851859375 0.1923611109375 0.5851851859375 0.13333333281249998 0.5851851859375 0.13333333281249998 0.6617283953124999 0.13333333281249998 0.7382716046875 0.1923611109375 0.7382716046875 0.2513888890625 0.7382716046875
0 0.40138888906250003 0.8123456796875 0.40138888906250003 0.730864196875 0.40138888906250003 0.649382715625 0.35208333281250004 0.649382715625 0.302777778125 0.649382715625 0.302777778125 0.730864196875 0.302777778125 0.8123456796875 0.35208333281250004 0.8123456796875 0.40138888906250003 0.8123456796875
0 0.7791666671875 0.7111111109375 0.7791666671875 0.63580246875 0.7791666671875 0.5604938265625 0.73819444375 0.5604938265625 0.6972222218749999 0.5604938265625 0.6972222218749999 0.63580246875 0.6972222218749999 0.7111111109375 0.73819444375 0.7111111109375 0.7791666671875 0.7111111109375
0 0.6972222218749999 0.5259259265625 0.6972222218749999 0.45679012343750003 0.6972222218749999 0.38765432031249997 0.65625 0.38765432031249997 0.6152777781250001 0.38765432031249997 0.6152777781250001 0.45679012343750003 0.6152777781250001 0.5259259265625 0.65625 0.5259259265625 0.6972222218749999 0.5259259265625
0 0.522222221875 0.3283950625 0.522222221875 0.269135803125 0.522222221875 0.20987654375 0.4895833328125 0.20987654375 0.45694444375 0.20987654375 0.45694444375 0.269135803125 0.45694444375 0.3283950625 0.4895833328125 0.3283950625 0.522222221875 0.3283950625
0 0.34027777812500004 0.3604938265625 0.34027777812500004 0.303703703125 0.34027777812500004 0.2469135796875 0.30416666718749996 0.2469135796875 0.26805555625 0.2469135796875 0.26805555625 0.303703703125 0.26805555625 0.3604938265625 0.30416666718749996 0.3604938265625 0.34027777812500004 0.3604938265625
1 0.46388888906250003 0.5209876546875 0.46388888906250003 0.43456790156249997 0.46388888906250003 0.3481481484375 0.43263888906250003 0.3481481484375 0.40138888906250003 0.3481481484375 0.40138888906250003 0.43456790156249997 0.40138888906250003 0.5209876546875 0.43263888906250003 0.5209876546875 0.46388888906250003 0.5209876546875