0 0.0638888890625 0.5876543203125 0.0638888890625 0.5197530859375 0.0638888890625 0.45185185156249996 0.032638889062499996 0.45185185156249996 0.0013888890625 0.45185185156249996 0.0013888890625 0.5197530859375 0.0013888890625 0.5876543203125 0.032638889062499996 0.5876543203125 0.0638888890625 0.5876543203125
3 1 0.5703703703125 0.9541666671875 0.5703703703125 0.9083333328125001 0.5703703703125 0.9083333328125001 0.6395061734375 0.9083333328125001 0.708641975 0.9541666671875 0.708641975 1 0.708641975 1 0.6395061734375 1 0.5703703703125
1 0.6888888890625 0.7061728390625001 0.6888888890625 0.6123456796875 0.6888888890625 0.51851851875 0.6201388890625 0.51851851875 0.5513888890625 0.51851851875 0.5513888890625 0.6123456796875 0.5513888890625 0.7061728390625001 0.6201388890625 0.7061728390625001 0.6888888890625 0.7061728390625001
3 0.9986111109375001 0.39012345625 0.9986111109375001 0.303703703125 0.9986111109375001 0.21728394999999998 0.9416666671874999 0.21728394999999998 0.8847222218749999 0.21728394999999998 0.8847222218749999 0.303703703125 0.8847222218749999 0.39012345625 0.9416666671874999 0.39012345625 0.9986111109375001 0.39012345625
3 0.925 0.26419753125 0.925 0.2 0.925 0.13580246875 0.877777778125 0.13580246875 0.83055555625 0.13580246875 0.83055555625 0.2 0.83055555625 0.26419753125 0.877777778125 0.26419753125 0.925 0.26419753125
3 0.8 0.8296296296874999 0.8 0.75555555625 0.8 0.68148148125 0.7506944437499999 0.68148148125 0.7013888890625 0.68148148125 0.7013888890625 0.75555555625 0.7013888890625 0.8296296296874999 0.7506944437499999 0.8296296296874999 0.8 0.8296296296874999
3 0.6763888890625 1 0.6763888890625 0.9061728390624999 0.6763888890625 0.8123456796875 0.61180555625 0.8123456796875 0.547222221875 0.8123456796875 0.547222221875 0.9061728390624999 0.547222221875 1 0.61180555625 1 0.6763888890625 1
3 0.5138888890625 0.5432098765625 0.5138888890625 0.4395061734375 0.5138888890625 0.33580246874999997 0.46388888906250003 0.33580246874999997 0.4138888890625 0.33580246874999997 0.4138888890625 0.4395061734375 0.4138888890625 0.5432098765625 0.46388888906250003 0.5432098765625 0.5138888890625 0.5432098765625
3 0.7569444437499999 0.38765432031249997 0.7569444437499999 0.32592592656249997 0.7569444437499999 0.26419753125 0.709722221875 0.26419753125 0.6625 0.26419753125 0.6625 0.32592592656249997 0.6625 0.38765432031249997 0.709722221875 0.38765432031249997 0.7569444437499999 0.38765432031249997
3 0.725 0.28395061718750003 0.725 0.20370370312500002 0.725 0.12345679062499999 0.672222221875 0.12345679062499999 0.61944444375 0.12345679062499999 0.61944444375 0.20370370312500002 0.61944444375 0.28395061718750003 0.672222221875 0.28395061718750003 0.725 0.28395061718750003
0 1 0.3382716046875 0.9604166671875 0.3382716046875 0.9208333328125 0.3382716046875 0.9208333328125 0.450617284375 0.9208333328125 0.5629629625 0.9604166671875 0.5629629625 1 0.5629629625 1 0.450617284375 1 0.3382716046875
0 0.490277778125 0.9111111109375001 0.490277778125 0.8222222218749999 0.490277778125 0.7333333328125 0.4451388890625 0.7333333328125 0.4 0.7333333328125 0.4 0.8222222218749999 0.4 0.9111111109375001 0.4451388890625 0.9111111109375001 0.490277778125 0.9111111109375001
0 0.3791666671875 0.4716049375 0.3791666671875 0.4012345671875 0.3791666671875 0.330864196875 0.346527778125 0.330864196875 0.3138888890625 0.330864196875 0.3138888890625 0.4012345671875 0.3138888890625 0.4716049375 0.346527778125 0.4716049375 0.3791666671875 0.4716049375
0 0.31805555625 0.6123456796875 0.31805555625 0.54444444375 0.31805555625 0.47654320937500005 0.2701388890625 0.47654320937500005 0.222222221875 0.47654320937500005 0.222222221875 0.54444444375 0.222222221875 0.6123456796875 0.2701388890625 0.6123456796875 0.31805555625 0.6123456796875
0 0.275 0.42716049375000004 0.275 0.3617283953125 0.275 0.296296296875 0.23333333281250002 0.296296296875 0.1916666671875 0.296296296875 0.1916666671875 0.3617283953125 0.1916666671875 0.42716049375000004 0.23333333281250002 0.42716049375000004 0.275 0.42716049375000004
0 0.1708333328125 0.3975308640625 0.1708333328125 0.341975309375 0.1708333328125 0.286419753125 0.13194444375 0.286419753125 0.09305555625 0.286419753125 0.09305555625 0.341975309375 0.09305555625 0.3975308640625 0.13194444375 0.3975308640625 0.1708333328125 0.3975308640625
0 0.575 0.4370370375 0.575 0.3839506171875 0.575 0.330864196875 0.546527778125 0.330864196875 0.51805555625 0.330864196875 0.51805555625 0.3839506171875 0.51805555625 0.4370370375 0.546527778125 0.4370370375 0.575 0.4370370375
0 0.4263888890625 0.28148148125 0.4263888890625 0.19135802500000001 0.4263888890625 0.10123456718749999 0.38055555625 0.10123456718749999 0.334722221875 0.10123456718749999 0.334722221875 0.19135802500000001 0.334722221875 0.28148148125 0.38055555625 0.28148148125 0.4263888890625 0.28148148125
0 0.3138888890625 0.2740740734375 0.3138888890625 0.1987654328125 0.3138888890625 0.12345679062499999 0.26875 0.12345679062499999 0.2236111109375 0.12345679062499999 0.2236111109375 0.1987654328125 0.2236111109375 0.2740740734375 0.26875 0.2740740734375 0.3138888890625 0.2740740734375
0 0.1541666671875 0.24197530937499998 0.1541666671875 0.176543209375 0.1541666671875 0.1111111109375 0.1041666671875 0.1111111109375 0.054166667187499996 0.1111111109375 0.054166667187499996 0.176543209375 0.054166667187499996 0.24197530937499998 0.1041666671875 0.24197530937499998 0.1541666671875 0.24197530937499998