3 0.13055555624999998 0.8765432093750001 0.13055555624999998 0.8271604937499999 0.13055555624999998 0.777777778125 0.0958333328125 0.777777778125 0.061111110937500004 0.777777778125 0.061111110937500004 0.8271604937499999 0.061111110937500004 0.8765432093750001 0.0958333328125 0.8765432093750001 0.13055555624999998 0.8765432093750001
3 0.51944444375 1 0.51944444375 0.9024691359375 0.51944444375 0.804938271875 0.4701388890625 0.804938271875 0.42083333281249996 0.804938271875 0.42083333281249996 0.9024691359375 0.42083333281249996 1 0.4701388890625 1 0.51944444375 1
2 0.534722221875 0.150617284375 0.534722221875 0.1296296296875 0.534722221875 0.10864197499999999 0.5215277781250001 0.10864197499999999 0.5083333328124999 0.10864197499999999 0.5083333328124999 0.1296296296875 0.5083333328124999 0.150617284375 0.5215277781250001 0.150617284375 0.534722221875 0.150617284375
2 0.809722221875 0.3481481484375 0.809722221875 0.2925925921875 0.809722221875 0.2370370375 0.7881944437499999 0.2370370375 0.7666666671875 0.2370370375 0.7666666671875 0.2925925921875 0.7666666671875 0.3481481484375 0.7881944437499999 0.3481481484375 0.809722221875 0.3481481484375
3 0.6513888890625 0.88148148125 0.6513888890625 0.7753086421875001 0.6513888890625 0.669135803125 0.58819444375 0.669135803125 0.525 0.669135803125 0.525 0.7753086421875001 0.525 0.88148148125 0.58819444375 0.88148148125 0.6513888890625 0.88148148125
3 0.7833333328125 0.7753086421875001 0.7833333328125 0.6740740734374999 0.7833333328125 0.57283950625 0.7284722218749999 0.57283950625 0.6736111109375 0.57283950625 0.6736111109375 0.6740740734374999 0.6736111109375 0.7753086421875001 0.7284722218749999 0.7753086421875001 0.7833333328125 0.7753086421875001
3 0.5458333328125 0.508641975 0.5458333328125 0.432098765625 0.5458333328125 0.35555555625 0.5041666671875 0.35555555625 0.4625 0.35555555625 0.4625 0.432098765625 0.4625 0.508641975 0.5041666671875 0.508641975 0.5458333328125 0.508641975
0 0.4388888890625 1 0.4388888890625 0.9654320984375 0.4388888890625 0.9308641968750001 0.397222221875 0.9308641968750001 0.35555555625 0.9308641968750001 0.35555555625 0.9654320984375 0.35555555625 1 0.397222221875 1 0.4388888890625 1
0 0.040277778125000004 0.8938271609375 0.040277778125000004 0.8160493828125001 0.040277778125000004 0.7382716046875 0.0208333328125 0.7382716046875 0.0013888890625 0.7382716046875 0.0013888890625 0.8160493828125001 0.0013888890625 0.8938271609375 0.0208333328125 0.8938271609375 0.040277778125000004 0.8938271609375
0 0.29444444375 0.9086419749999999 0.29444444375 0.8370370375 0.29444444375 0.7654320984375 0.24722222187499998 0.7654320984375 0.2 0.7654320984375 0.2 0.8370370375 0.2 0.9086419749999999 0.24722222187499998 0.9086419749999999 0.29444444375 0.9086419749999999
0 0.46527777812500004 0.8493827156249999 0.46527777812500004 0.7888888890625 0.46527777812500004 0.7283950625 0.4291666671875 0.7283950625 0.39305555625 0.7283950625 0.39305555625 0.7888888890625 0.39305555625 0.8493827156249999 0.4291666671875 0.8493827156249999 0.46527777812500004 0.8493827156249999
0 0.3986111109375 0.7629629625 0.3986111109375 0.6938271609375 0.3986111109375 0.6246913578125 0.35069444375000003 0.6246913578125 0.302777778125 0.6246913578125 0.302777778125 0.6938271609375 0.302777778125 0.7629629625 0.35069444375000003 0.7629629625 0.3986111109375 0.7629629625
0 0.3625 0.632098765625 0.3625 0.559259259375 0.3625 0.486419753125 0.3166666671875 0.486419753125 0.2708333328125 0.486419753125 0.2708333328125 0.559259259375 0.2708333328125 0.632098765625 0.3166666671875 0.632098765625 0.3625 0.632098765625