0 0.8875 0.10370370312499999 0.8875 0.054320987499999994 0.8875 0.004938271875 0.8361111109375001 0.004938271875 0.784722221875 0.004938271875 0.784722221875 0.054320987499999994 0.784722221875 0.10370370312499999 0.8361111109375001 0.10370370312499999 0.8875 0.10370370312499999
0 0.8333333328125001 0.20246913593750002 0.8333333328125001 0.150617284375 0.8333333328125001 0.0987654328125 0.7986111109375 0.0987654328125 0.7638888890625 0.0987654328125 0.7638888890625 0.150617284375 0.7638888890625 0.20246913593750002 0.7986111109375 0.20246913593750002 0.8333333328125001 0.20246913593750002
0 0.9763888890624999 0.23456790156250001 0.9763888890624999 0.1543209875 0.9763888890624999 0.0740740734375 0.9104166671874999 0.0740740734375 0.8444444437499999 0.0740740734375 0.8444444437499999 0.1543209875 0.8444444437499999 0.23456790156250001 0.9104166671874999 0.23456790156250001 0.9763888890624999 0.23456790156250001
0 1 0.286419753125 0.953472221875 0.286419753125 0.9069444437499999 0.286419753125 0.9069444437499999 0.3654320984375 0.9069444437499999 0.44444444375 0.953472221875 0.44444444375 1 0.44444444375 1 0.3654320984375 1 0.286419753125
0 0.815277778125 0.47901234531250003 0.815277778125 0.3740740734375 0.815277778125 0.269135803125 0.747222221875 0.269135803125 0.6791666671875001 0.269135803125 0.6791666671875001 0.3740740734375 0.6791666671875001 0.47901234531250003 0.747222221875 0.47901234531250003 0.815277778125 0.47901234531250003
0 0.7263888890625 0.5851851859375 0.7263888890625 0.49629629687500004 0.7263888890625 0.4074074078125 0.6708333328125 0.4074074078125 0.6152777781250001 0.4074074078125 0.6152777781250001 0.49629629687500004 0.6152777781250001 0.5851851859375 0.6708333328125 0.5851851859375 0.7263888890625 0.5851851859375
0 0.7166666671875 1 0.7166666671875 0.9 0.7166666671875 0.8 0.6583333328125 0.8 0.6 0.8 0.6 0.9 0.6 1 0.6583333328125 1 0.7166666671875 1
0 0.9861111109375 1 0.9861111109375 0.932098765625 0.9861111109375 0.86419753125 0.9166666671874999 0.86419753125 0.847222221875 0.86419753125 0.847222221875 0.932098765625 0.847222221875 1 0.9166666671874999 1 0.9861111109375 1
0 0.45416666718750004 0.35555555625 0.45416666718750004 0.2925925921875 0.45416666718750004 0.2296296296875 0.415277778125 0.2296296296875 0.3763888890625 0.2296296296875 0.3763888890625 0.2925925921875 0.3763888890625 0.35555555625 0.415277778125 0.35555555625 0.45416666718750004 0.35555555625
0 0.4916666671875 0.8345679015625 0.4916666671875 0.7716049375 0.4916666671875 0.708641975 0.45625 0.708641975 0.42083333281249996 0.708641975 0.42083333281249996 0.7716049375 0.42083333281249996 0.8345679015625 0.45625 0.8345679015625 0.4916666671875 0.8345679015625
1 0.6152777781250001 0.81728395 0.6152777781250001 0.7148148140624999 0.6152777781250001 0.6123456796875 0.55625 0.6123456796875 0.497222221875 0.6123456796875 0.497222221875 0.7148148140624999 0.497222221875 0.81728395 0.55625 0.81728395 0.6152777781250001 0.81728395
0 0.1916666671875 0.8518518515625001 0.1916666671875 0.786419753125 0.1916666671875 0.7209876546875 0.1541666671875 0.7209876546875 0.1166666671875 0.7209876546875 0.1166666671875 0.786419753125 0.1166666671875 0.8518518515625001 0.1541666671875 0.8518518515625001 0.1916666671875 0.8518518515625001
0 0.26805555625 0.9012345671875 0.26805555625 0.8493827156249999 0.26805555625 0.7975308640625001 0.23958333281250002 0.7975308640625001 0.21111111093749999 0.7975308640625001 0.21111111093749999 0.8493827156249999 0.21111111093749999 0.9012345671875 0.23958333281250002 0.9012345671875 0.26805555625 0.9012345671875