3 0.897222221875 0.10370370312499999 0.897222221875 0.054320987499999994 0.897222221875 0.004938271875 0.84930555625 0.004938271875 0.8013888890624999 0.004938271875 0.8013888890624999 0.054320987499999994 0.8013888890624999 0.10370370312499999 0.84930555625 0.10370370312499999 0.897222221875 0.10370370312499999
1 0.6458333328125 0.276543209375 0.6458333328125 0.158024690625 0.6458333328125 0.0395061734375 0.58055555625 0.0395061734375 0.515277778125 0.0395061734375 0.515277778125 0.158024690625 0.515277778125 0.276543209375 0.58055555625 0.276543209375 0.6458333328125 0.276543209375
1 0.6388888890625 0.5111111109375 0.6388888890625 0.4209876546875 0.6388888890625 0.330864196875 0.5944444437499999 0.330864196875 0.55 0.330864196875 0.55 0.4209876546875 0.55 0.5111111109375 0.5944444437499999 0.5111111109375 0.6388888890625 0.5111111109375
1 0.60555555625 0.8938271609375 0.60555555625 0.777777778125 0.60555555625 0.6617283953124999 0.5618055562500001 0.6617283953124999 0.51805555625 0.6617283953124999 0.51805555625 0.777777778125 0.51805555625 0.8938271609375 0.5618055562500001 0.8938271609375 0.60555555625 0.8938271609375
1 0.5111111109375 0.75555555625 0.5111111109375 0.6888888890625 0.5111111109375 0.622222221875 0.45555555625000005 0.622222221875 0.4 0.622222221875 0.4 0.6888888890625 0.4 0.75555555625 0.45555555625000005 0.75555555625 0.5111111109375 0.75555555625
1 0.459722221875 0.5876543203125 0.459722221875 0.5481481484375 0.459722221875 0.508641975 0.40625 0.508641975 0.352777778125 0.508641975 0.352777778125 0.5481481484375 0.352777778125 0.5876543203125 0.40625 0.5876543203125 0.459722221875 0.5876543203125
1 0.2888888890625 0.4074074078125 0.2888888890625 0.3604938265625 0.2888888890625 0.313580246875 0.23194444375 0.313580246875 0.175 0.313580246875 0.175 0.3604938265625 0.175 0.4074074078125 0.23194444375 0.4074074078125 0.2888888890625 0.4074074078125
0 0.8236111109375001 1 0.8236111109375001 0.940740740625 0.8236111109375001 0.88148148125 0.7791666671875 0.88148148125 0.734722221875 0.88148148125 0.734722221875 0.940740740625 0.734722221875 1 0.7791666671875 1 0.8236111109375001 1
0 0.725 0.9333333328125001 0.725 0.840740740625 0.725 0.7481481484375 0.6861111109375 0.7481481484375 0.647222221875 0.7481481484375 0.647222221875 0.840740740625 0.647222221875 0.9333333328125001 0.6861111109375 0.9333333328125001 0.725 0.9333333328125001
0 0.44166666718750003 0.9333333328125001 0.44166666718750003 0.86419753125 0.44166666718750003 0.795061728125 0.40208333281249997 0.795061728125 0.3625 0.795061728125 0.3625 0.86419753125 0.3625 0.9333333328125001 0.40208333281249997 0.9333333328125001 0.44166666718750003 0.9333333328125001
0 0.32777777812500003 0.7753086421875001 0.32777777812500003 0.7012345671875 0.32777777812500003 0.62716049375 0.28055555625 0.62716049375 0.23333333281250002 0.62716049375 0.23333333281250002 0.7012345671875 0.23333333281250002 0.7753086421875001 0.28055555625 0.7753086421875001 0.32777777812500003 0.7753086421875001
0 0.32777777812500003 0.3456790125 0.32777777812500003 0.2753086421875 0.32777777812500003 0.204938271875 0.2833333328125 0.204938271875 0.2388888890625 0.204938271875 0.2388888890625 0.2753086421875 0.2388888890625 0.3456790125 0.2833333328125 0.3456790125 0.32777777812500003 0.3456790125
0 0.34305555625 0.18271605 0.34305555625 0.12716049375 0.34305555625 0.0716049375 0.3125 0.0716049375 0.28194444375 0.0716049375 0.28194444375 0.12716049375 0.28194444375 0.18271605 0.3125 0.18271605 0.34305555625 0.18271605