3 0.5833333328125 0.62716049375 0.5833333328125 0.5604938265625 0.5833333328125 0.49382716093749995 0.5395833328124999 0.49382716093749995 0.49583333281249997 0.49382716093749995 0.49583333281249997 0.5604938265625 0.49583333281249997 0.62716049375 0.5395833328124999 0.62716049375 0.5833333328125 0.62716049375
0 0.9111111109375001 0.5876543203125 0.9111111109375001 0.50987654375 0.9111111109375001 0.432098765625 0.859027778125 0.432098765625 0.80694444375 0.432098765625 0.80694444375 0.50987654375 0.80694444375 0.5876543203125 0.859027778125 0.5876543203125 0.9111111109375001 0.5876543203125
0 0.8111111109375001 0.5950617281249999 0.8111111109375001 0.51728395 0.8111111109375001 0.4395061734375 0.7701388890625 0.4395061734375 0.7291666671875 0.4395061734375 0.7291666671875 0.51728395 0.7291666671875 0.5950617281249999 0.7701388890625 0.5950617281249999 0.8111111109375001 0.5950617281249999
0 0.8430555562500001 0.4296296296875 0.8430555562500001 0.367901234375 0.8430555562500001 0.3061728390625 0.809722221875 0.3061728390625 0.7763888890625 0.3061728390625 0.7763888890625 0.367901234375 0.7763888890625 0.4296296296875 0.809722221875 0.4296296296875 0.8430555562500001 0.4296296296875
0 0.76805555625 0.38765432031249997 0.76805555625 0.3382716046875 0.76805555625 0.2888888890625 0.734722221875 0.2888888890625 0.7013888890625 0.2888888890625 0.7013888890625 0.3382716046875 0.7013888890625 0.38765432031249997 0.734722221875 0.38765432031249997 0.76805555625 0.38765432031249997
0 0.6944444437499999 0.4469135796875 0.6944444437499999 0.38765432031249997 0.6944444437499999 0.3283950625 0.65625 0.3283950625 0.6180555562500001 0.3283950625 0.6180555562500001 0.38765432031249997 0.6180555562500001 0.4469135796875 0.65625 0.4469135796875 0.6944444437499999 0.4469135796875
0 0.65 0.558024690625 0.65 0.477777778125 0.65 0.3975308640625 0.60555555625 0.3975308640625 0.5611111109375 0.3975308640625 0.5611111109375 0.477777778125 0.5611111109375 0.558024690625 0.60555555625 0.558024690625 0.65 0.558024690625
0 0.6458333328125 0.8246913578124999 0.6458333328125 0.750617284375 0.6458333328125 0.676543209375 0.6104166671875 0.676543209375 0.575 0.676543209375 0.575 0.750617284375 0.575 0.8246913578124999 0.6104166671875 0.8246913578124999 0.6458333328125 0.8246913578124999
0 0.5875 0.923456790625 0.5875 0.8518518515625001 0.5875 0.7802469140625 0.5395833328124999 0.7802469140625 0.4916666671875 0.7802469140625 0.4916666671875 0.8518518515625001 0.4916666671875 0.923456790625 0.5395833328124999 0.923456790625 0.5875 0.923456790625
0 0.23055555625 0.9037037031249999 0.23055555625 0.8370370375 0.23055555625 0.7703703703125 0.184722221875 0.7703703703125 0.13888888906250002 0.7703703703125 0.13888888906250002 0.8370370375 0.13888888906250002 0.9037037031249999 0.184722221875 0.9037037031249999 0.23055555625 0.9037037031249999
0 0.43333333281249997 1 0.43333333281249997 0.9395061734375 0.43333333281249997 0.8790123453125 0.3888888890625 0.8790123453125 0.34444444375 0.8790123453125 0.34444444375 0.9395061734375 0.34444444375 1 0.3888888890625 1 0.43333333281249997 1
0 0.4388888890625 0.8395061734375 0.4388888890625 0.77283950625 0.4388888890625 0.7061728390625001 0.39444444375 0.7061728390625001 0.35 0.7061728390625001 0.35 0.77283950625 0.35 0.8395061734375 0.39444444375 0.8395061734375 0.4388888890625 0.8395061734375
0 0.525 0.6987654328125 0.525 0.6382716046875 0.525 0.577777778125 0.48125 0.577777778125 0.4375 0.577777778125 0.4375 0.6382716046875 0.4375 0.6987654328125 0.48125 0.6987654328125 0.525 0.6987654328125
0 0.5291666671875 0.491358025 0.5291666671875 0.4296296296875 0.5291666671875 0.367901234375 0.4916666671875 0.367901234375 0.45416666718750004 0.367901234375 0.45416666718750004 0.4296296296875 0.45416666718750004 0.491358025 0.4916666671875 0.491358025 0.5291666671875 0.491358025
0 0.6833333328125 0.3160493828125 0.6833333328125 0.259259259375 0.6833333328125 0.20246913593750002 0.6555555562500001 0.20246913593750002 0.627777778125 0.20246913593750002 0.627777778125 0.259259259375 0.627777778125 0.3160493828125 0.6555555562500001 0.3160493828125 0.6833333328125 0.3160493828125
0 0.5722222218749999 0.35308642031250004 0.5722222218749999 0.3024691359375 0.5722222218749999 0.2518518515625 0.53680555625 0.2518518515625 0.5013888890625 0.2518518515625 0.5013888890625 0.3024691359375 0.5013888890625 0.35308642031250004 0.53680555625 0.35308642031250004 0.5722222218749999 0.35308642031250004
0 0.47083333281249995 0.313580246875 0.47083333281249995 0.25679012343749996 0.47083333281249995 0.2 0.4388888890625 0.2 0.40694444374999994 0.2 0.40694444374999994 0.25679012343749996 0.40694444374999994 0.313580246875 0.4388888890625 0.313580246875 0.47083333281249995 0.313580246875
0 0.93194444375 0.2469135796875 0.93194444375 0.196296296875 0.93194444375 0.14567901249999998 0.909027778125 0.14567901249999998 0.8861111109375001 0.14567901249999998 0.8861111109375001 0.196296296875 0.8861111109375001 0.2469135796875 0.909027778125 0.2469135796875 0.93194444375 0.2469135796875
0 0.7458333328125 0.1703703703125 0.7458333328125 0.13333333281249998 0.7458333328125 0.09629629687499999 0.7229166671875 0.09629629687499999 0.7 0.09629629687499999 0.7 0.13333333281249998 0.7 0.1703703703125 0.7229166671875 0.1703703703125 0.7458333328125 0.1703703703125
0 0.6388888890625 0.12098765468749999 0.6388888890625 0.0703703703125 0.6388888890625 0.0197530859375 0.61180555625 0.0197530859375 0.584722221875 0.0197530859375 0.584722221875 0.0703703703125 0.584722221875 0.12098765468749999 0.61180555625 0.12098765468749999 0.6388888890625 0.12098765468749999
0 0.4861111109375 0.15555555625 0.4861111109375 0.10370370312499999 0.4861111109375 0.051851851562499995 0.4604166671875 0.051851851562499995 0.434722221875 0.051851851562499995 0.434722221875 0.10370370312499999 0.434722221875 0.15555555625 0.4604166671875 0.15555555625 0.4861111109375 0.15555555625
0 0.3986111109375 0.204938271875 0.3986111109375 0.1530864203125 0.3986111109375 0.10123456718749999 0.3638888890625 0.10123456718749999 0.3291666671875 0.10123456718749999 0.3291666671875 0.1530864203125 0.3291666671875 0.204938271875 0.3638888890625 0.204938271875 0.3986111109375 0.204938271875