0 0.1208333328125 0.3703703703125 0.1208333328125 0.30123456718749997 0.1208333328125 0.23209876562499998 0.0673611109375 0.23209876562499998 0.013888889062500001 0.23209876562499998 0.013888889062500001 0.30123456718749997 0.013888889062500001 0.3703703703125 0.0673611109375 0.3703703703125 0.1208333328125 0.3703703703125
0 0.2416666671875 0.18271605 0.2416666671875 0.13333333281249998 0.2416666671875 0.08395061718749999 0.20972222187499998 0.08395061718749999 0.177777778125 0.08395061718749999 0.177777778125 0.13333333281249998 0.177777778125 0.18271605 0.20972222187499998 0.18271605 0.2416666671875 0.18271605
0 0.33194444375 0.10123456718749999 0.33194444375 0.05679012343749999 0.33194444375 0.0123456796875 0.3048611109375 0.0123456796875 0.27777777812500004 0.0123456796875 0.27777777812500004 0.05679012343749999 0.27777777812500004 0.10123456718749999 0.3048611109375 0.10123456718749999 0.33194444375 0.10123456718749999
0 0.22638888906250001 0.091358025 0.22638888906250001 0.0469135796875 0.22638888906250001 0.0024691359375 0.20069444375 0.0024691359375 0.175 0.0024691359375 0.175 0.0469135796875 0.175 0.091358025 0.20069444375 0.091358025 0.22638888906250001 0.091358025
0 0.3875 0.158024690625 0.3875 0.104938271875 0.3875 0.051851851562499995 0.35972222187499997 0.051851851562499995 0.33194444375 0.051851851562499995 0.33194444375 0.104938271875 0.33194444375 0.158024690625 0.35972222187499997 0.158024690625 0.3875 0.158024690625
0 0.30694444375 0.323456790625 0.30694444375 0.2703703703125 0.30694444375 0.21728394999999998 0.2770833328125 0.21728394999999998 0.24722222187499998 0.21728394999999998 0.24722222187499998 0.2703703703125 0.24722222187499998 0.323456790625 0.2770833328125 0.323456790625 0.30694444375 0.323456790625
0 0.39305555625 0.2518518515625 0.39305555625 0.20740740781250003 0.39305555625 0.1629629625 0.3604166671875 0.1629629625 0.32777777812500003 0.1629629625 0.32777777812500003 0.20740740781250003 0.32777777812500003 0.2518518515625 0.3604166671875 0.2518518515625 0.39305555625 0.2518518515625
0 0.4375 0.40493827187500003 0.4375 0.3382716046875 0.4375 0.2716049375 0.3916666671875 0.2716049375 0.3458333328125 0.2716049375 0.3458333328125 0.3382716046875 0.3458333328125 0.40493827187500003 0.3916666671875 0.40493827187500003 0.4375 0.40493827187500003
0 0.2833333328125 0.486419753125 0.2833333328125 0.4074074078125 0.2833333328125 0.3283950625 0.23055555625 0.3283950625 0.177777778125 0.3283950625 0.177777778125 0.4074074078125 0.177777778125 0.486419753125 0.23055555625 0.486419753125 0.2833333328125 0.486419753125
0 0.05694444375 0.7382716046875 0.05694444375 0.650617284375 0.05694444375 0.5629629625 0.0298611109375 0.5629629625 0.002777778125 0.5629629625 0.002777778125 0.650617284375 0.002777778125 0.7382716046875 0.0298611109375 0.7382716046875 0.05694444375 0.7382716046875
0 0.1291666671875 0.7185185187500001 0.1291666671875 0.6629629625 0.1291666671875 0.6074074078125 0.10069444375 0.6074074078125 0.072222221875 0.6074074078125 0.072222221875 0.6629629625 0.072222221875 0.7185185187500001 0.10069444375 0.7185185187500001 0.1291666671875 0.7185185187500001
3 0.2166666671875 0.3209876546875 0.2166666671875 0.27777777812500004 0.2166666671875 0.23456790156250001 0.1895833328125 0.23456790156250001 0.1625 0.23456790156250001 0.1625 0.27777777812500004 0.1625 0.3209876546875 0.1895833328125 0.3209876546875 0.2166666671875 0.3209876546875
3 0.47361111093749997 0.12098765468749999 0.47361111093749997 0.076543209375 0.47361111093749997 0.032098765625 0.43541666718750005 0.032098765625 0.397222221875 0.032098765625 0.397222221875 0.076543209375 0.397222221875 0.12098765468749999 0.43541666718750005 0.12098765468749999 0.47361111093749997 0.12098765468749999
3 0.525 0.308641975 0.525 0.23580246875 0.525 0.1629629625 0.475 0.1629629625 0.425 0.1629629625 0.425 0.23580246875 0.425 0.308641975 0.475 0.308641975 0.525 0.308641975
3 0.584722221875 0.249382715625 0.584722221875 0.195061728125 0.584722221875 0.140740740625 0.5548611109375 0.140740740625 0.525 0.140740740625 0.525 0.195061728125 0.525 0.249382715625 0.5548611109375 0.249382715625 0.584722221875 0.249382715625
3 0.5916666671875 0.3802469140625 0.5916666671875 0.3160493828125 0.5916666671875 0.2518518515625 0.547222221875 0.2518518515625 0.502777778125 0.2518518515625 0.502777778125 0.3160493828125 0.502777778125 0.3802469140625 0.547222221875 0.3802469140625 0.5916666671875 0.3802469140625
3 0.7402777781250001 0.5209876546875 0.7402777781250001 0.45185185156249996 0.7402777781250001 0.38271605000000003 0.6881944437499999 0.38271605000000003 0.6361111109375 0.38271605000000003 0.6361111109375 0.45185185156249996 0.6361111109375 0.5209876546875 0.6881944437499999 0.5209876546875 0.7402777781250001 0.5209876546875
3 0.81805555625 0.8370370375 0.81805555625 0.76419753125 0.81805555625 0.691358025 0.7569444437499999 0.691358025 0.6958333328124999 0.691358025 0.6958333328124999 0.76419753125 0.6958333328124999 0.8370370375 0.7569444437499999 0.8370370375 0.81805555625 0.8370370375
3 0.952777778125 0.313580246875 0.952777778125 0.240740740625 0.952777778125 0.16790123437499999 0.8854166671874999 0.16790123437499999 0.81805555625 0.16790123437499999 0.81805555625 0.240740740625 0.81805555625 0.313580246875 0.8854166671874999 0.313580246875 0.952777778125 0.313580246875
3 0.9513888890625 0.5160493828125 0.9513888890625 0.45308642031249996 0.9513888890625 0.39012345625 0.890972221875 0.39012345625 0.83055555625 0.39012345625 0.83055555625 0.45308642031249996 0.83055555625 0.5160493828125 0.890972221875 0.5160493828125 0.9513888890625 0.5160493828125
2 0.5125 0.43456790156249997 0.5125 0.4197530859375 0.5125 0.40493827187500003 0.5006944437499999 0.40493827187500003 0.4888888890625 0.40493827187500003 0.4888888890625 0.4197530859375 0.4888888890625 0.43456790156249997 0.5006944437499999 0.43456790156249997 0.5125 0.43456790156249997
2 0.672222221875 0.3753086421875 0.672222221875 0.3617283953125 0.672222221875 0.3481481484375 0.66180555625 0.3481481484375 0.6513888890625 0.3481481484375 0.6513888890625 0.3617283953125 0.6513888890625 0.3753086421875 0.66180555625 0.3753086421875 0.672222221875 0.3753086421875
2 1 0.5135802468749999 0.940972221875 0.5135802468749999 0.8819444437499999 0.5135802468749999 0.8819444437499999 0.603703703125 0.8819444437499999 0.6938271609375 0.940972221875 0.6938271609375 1 0.6938271609375 1 0.603703703125 1 0.5135802468749999
3 0.26805555625 0.6345679015625 0.26805555625 0.5802469140625 0.26805555625 0.5259259265625 0.23819444375 0.5259259265625 0.20833333281250002 0.5259259265625 0.20833333281250002 0.5802469140625 0.20833333281250002 0.6345679015625 0.23819444375 0.6345679015625 0.26805555625 0.6345679015625
1 0.10833333281249999 0.5604938265625 0.10833333281249999 0.4987654328125 0.10833333281249999 0.4370370375 0.075 0.4370370375 0.0416666671875 0.4370370375 0.0416666671875 0.4987654328125 0.0416666671875 0.5604938265625 0.075 0.5604938265625 0.10833333281249999 0.5604938265625