0 0.8027777781250001 0.46913580312500003 0.8027777781250001 0.4024691359375 0.8027777781250001 0.33580246874999997 0.759027778125 0.33580246874999997 0.715277778125 0.33580246874999997 0.715277778125 0.4024691359375 0.715277778125 0.46913580312500003 0.759027778125 0.46913580312500003 0.8027777781250001 0.46913580312500003
0 0.9708333328125001 0.3283950625 0.9708333328125001 0.2456790125 0.9708333328125001 0.1629629625 0.9166666671874999 0.1629629625 0.8625 0.1629629625 0.8625 0.2456790125 0.8625 0.3283950625 0.9166666671874999 0.3283950625 0.9708333328125001 0.3283950625
0 0.9277777781250001 0.7209876546875 0.9277777781250001 0.6395061734375 0.9277777781250001 0.558024690625 0.8770833328125001 0.558024690625 0.8263888890625 0.558024690625 0.8263888890625 0.6395061734375 0.8263888890625 0.7209876546875 0.8770833328125001 0.7209876546875 0.9277777781250001 0.7209876546875
0 0.7111111109375 0.7432098765624999 0.7111111109375 0.667901234375 0.7111111109375 0.5925925921874999 0.67430555625 0.5925925921874999 0.6375 0.5925925921874999 0.6375 0.667901234375 0.6375 0.7432098765624999 0.67430555625 0.7432098765624999 0.7111111109375 0.7432098765624999
0 0.5736111109375 0.62716049375 0.5736111109375 0.5790123453125 0.5736111109375 0.530864196875 0.54444444375 0.530864196875 0.515277778125 0.530864196875 0.515277778125 0.5790123453125 0.515277778125 0.62716049375 0.54444444375 0.62716049375 0.5736111109375 0.62716049375
0 0.5083333328124999 0.8123456796875 0.5083333328124999 0.7543209875 0.5083333328124999 0.696296296875 0.47430555625000004 0.696296296875 0.440277778125 0.696296296875 0.440277778125 0.7543209875 0.440277778125 0.8123456796875 0.47430555625000004 0.8123456796875 0.5083333328124999 0.8123456796875
0 0.6736111109375 0.9851851859374999 0.6736111109375 0.9037037031249999 0.6736111109375 0.8222222218749999 0.6270833328125 0.8222222218749999 0.58055555625 0.8222222218749999 0.58055555625 0.9037037031249999 0.58055555625 0.9851851859374999 0.6270833328125 0.9851851859374999 0.6736111109375 0.9851851859374999
0 0.64305555625 0.20740740781250003 0.64305555625 0.1740740734375 0.64305555625 0.140740740625 0.61319444375 0.140740740625 0.5833333328125 0.140740740625 0.5833333328125 0.1740740734375 0.5833333328125 0.20740740781250003 0.61319444375 0.20740740781250003 0.64305555625 0.20740740781250003
0 0.684722221875 0.303703703125 0.684722221875 0.240740740625 0.684722221875 0.177777778125 0.64444444375 0.177777778125 0.6041666671875 0.177777778125 0.6041666671875 0.240740740625 0.6041666671875 0.303703703125 0.64444444375 0.303703703125 0.684722221875 0.303703703125
1 0.6763888890625 0.4888888890625 0.6763888890625 0.42345679062499997 0.6763888890625 0.35802469062500003 0.6111111109375 0.35802469062500003 0.5458333328125 0.35802469062500003 0.5458333328125 0.42345679062499997 0.5458333328125 0.4888888890625 0.6111111109375 0.4888888890625 0.6763888890625 0.4888888890625
3 0.7138888890625 0.550617284375 0.7138888890625 0.4876543203125 0.7138888890625 0.42469135781249995 0.684722221875 0.42469135781249995 0.6555555562500001 0.42469135781249995 0.6555555562500001 0.4876543203125 0.6555555562500001 0.550617284375 0.684722221875 0.550617284375 0.7138888890625 0.550617284375