0 0.44444444375 0.7481481484375 0.44444444375 0.696296296875 0.44444444375 0.64444444375 0.41319444375 0.64444444375 0.38194444375000003 0.64444444375 0.38194444375000003 0.696296296875 0.38194444375000003 0.7481481484375 0.41319444375 0.7481481484375 0.44444444375 0.7481481484375
0 0.5708333328124999 0.88148148125 0.5708333328124999 0.8135802468750001 0.5708333328124999 0.7456790125 0.53125 0.7456790125 0.4916666671875 0.7456790125 0.4916666671875 0.8135802468750001 0.4916666671875 0.88148148125 0.53125 0.88148148125 0.5708333328124999 0.88148148125
0 0.522222221875 0.61728395 0.522222221875 0.5740740734374999 0.522222221875 0.530864196875 0.49444444374999996 0.530864196875 0.46666666718750005 0.530864196875 0.46666666718750005 0.5740740734374999 0.46666666718750005 0.61728395 0.49444444374999996 0.61728395 0.522222221875 0.61728395
0 0.625 0.7259259265625 0.625 0.659259259375 0.625 0.5925925921874999 0.5951388890625 0.5925925921874999 0.565277778125 0.5925925921874999 0.565277778125 0.659259259375 0.565277778125 0.7259259265625 0.5951388890625 0.7259259265625 0.625 0.7259259265625
0 0.7763888890625 0.740740740625 0.7763888890625 0.669135803125 0.7763888890625 0.5975308640625 0.7430555562500001 0.5975308640625 0.709722221875 0.5975308640625 0.709722221875 0.669135803125 0.709722221875 0.740740740625 0.7430555562500001 0.740740740625 0.7763888890625 0.740740740625
0 0.7138888890625 0.550617284375 0.7138888890625 0.49629629687500004 0.7138888890625 0.44197530937499996 0.6826388890625 0.44197530937499996 0.6513888890625 0.44197530937499996 0.6513888890625 0.49629629687500004 0.6513888890625 0.550617284375 0.6826388890625 0.550617284375 0.7138888890625 0.550617284375
0 0.6416666671875 0.41728395 0.6416666671875 0.3469135796875 0.6416666671875 0.276543209375 0.60625 0.276543209375 0.5708333328124999 0.276543209375 0.5708333328124999 0.3469135796875 0.5708333328124999 0.41728395 0.60625 0.41728395 0.6416666671875 0.41728395
0 0.8333333328125001 0.486419753125 0.8333333328125001 0.42222222187499997 0.8333333328125001 0.35802469062500003 0.7986111109375 0.35802469062500003 0.7638888890625 0.35802469062500003 0.7638888890625 0.42222222187499997 0.7638888890625 0.486419753125 0.7986111109375 0.486419753125 0.8333333328125001 0.486419753125
0 0.9361111109375001 0.95555555625 0.9361111109375001 0.8567901234375 0.9361111109375001 0.758024690625 0.88055555625 0.758024690625 0.825 0.758024690625 0.825 0.8567901234375 0.825 0.95555555625 0.88055555625 0.95555555625 0.9361111109375001 0.95555555625
0 1 0.6641975312499999 0.9756944437499999 0.6641975312499999 0.9513888890625 0.6641975312499999 0.9513888890625 0.7370370375 0.9513888890625 0.8098765437500001 0.9756944437499999 0.8098765437500001 1 0.8098765437500001 1 0.7370370375 1 0.6641975312499999
0 0.55 0.11604938281249999 0.55 0.0790123453125 0.55 0.041975309375 0.52569444375 0.041975309375 0.5013888890625 0.041975309375 0.5013888890625 0.0790123453125 0.5013888890625 0.11604938281249999 0.52569444375 0.11604938281249999 0.55 0.11604938281249999
0 0.6513888890625 0.1629629625 0.6513888890625 0.132098765625 0.6513888890625 0.10123456718749999 0.627777778125 0.10123456718749999 0.6041666671875 0.10123456718749999 0.6041666671875 0.132098765625 0.6041666671875 0.1629629625 0.627777778125 0.1629629625 0.6513888890625 0.1629629625
0 0.7861111109375 0.2518518515625 0.7861111109375 0.2061728390625 0.7861111109375 0.1604938265625 0.759027778125 0.1604938265625 0.73194444375 0.1604938265625 0.73194444375 0.2061728390625 0.73194444375 0.2518518515625 0.759027778125 0.2518518515625 0.7861111109375 0.2518518515625
0 0.9680555562500001 0.2543209875 0.9680555562500001 0.19135802500000001 0.9680555562500001 0.1283950625 0.934027778125 0.1283950625 0.9 0.1283950625 0.9 0.19135802500000001 0.9 0.2543209875 0.934027778125 0.2543209875 0.9680555562500001 0.2543209875
0 0.7513888890625 0.091358025 0.7513888890625 0.0469135796875 0.7513888890625 0.0024691359375 0.70625 0.0024691359375 0.6611111109375 0.0024691359375 0.6611111109375 0.0469135796875 0.6611111109375 0.091358025 0.70625 0.091358025 0.7513888890625 0.091358025
0 0.834722221875 0.17283950625 0.834722221875 0.1283950625 0.834722221875 0.08395061718749999 0.8055555562500001 0.08395061718749999 0.7763888890625 0.08395061718749999 0.7763888890625 0.1283950625 0.7763888890625 0.17283950625 0.8055555562500001 0.17283950625 0.834722221875 0.17283950625
3 0.9791666671874999 0.4370370375 0.9791666671874999 0.4012345671875 0.9791666671874999 0.3654320984375 0.95555555625 0.3654320984375 0.93194444375 0.3654320984375 0.93194444375 0.4012345671875 0.93194444375 0.4370370375 0.95555555625 0.4370370375 0.9791666671874999 0.4370370375
3 0.73055555625 0.8740740734375001 0.73055555625 0.791358025 0.73055555625 0.708641975 0.675 0.708641975 0.61944444375 0.708641975 0.61944444375 0.791358025 0.61944444375 0.8740740734375001 0.675 0.8740740734375001 0.73055555625 0.8740740734375001