1 0.5361111109375 0.5259259265625 0.5361111109375 0.44444444375 0.5361111109375 0.36296296250000004 0.51944444375 0.36296296250000004 0.502777778125 0.36296296250000004 0.502777778125 0.44444444375 0.502777778125 0.5259259265625 0.51944444375 0.5259259265625 0.5361111109375 0.5259259265625
3 0.63055555625 0.6839506171874999 0.63055555625 0.64444444375 0.63055555625 0.604938271875 0.59930555625 0.604938271875 0.56805555625 0.604938271875 0.56805555625 0.64444444375 0.56805555625 0.6839506171874999 0.59930555625 0.6839506171874999 0.63055555625 0.6839506171874999
3 0.5388888890625 0.8716049375000001 0.5388888890625 0.7987654328125 0.5388888890625 0.7259259265625 0.48125 0.7259259265625 0.4236111109375 0.7259259265625 0.4236111109375 0.7987654328125 0.4236111109375 0.8716049375000001 0.48125 0.8716049375000001 0.5388888890625 0.8716049375000001
1 0.89305555625 0.2987654328125 0.89305555625 0.25061728437499997 0.89305555625 0.20246913593750002 0.8340277781250001 0.20246913593750002 0.775 0.20246913593750002 0.775 0.25061728437499997 0.775 0.2987654328125 0.8340277781250001 0.2987654328125 0.89305555625 0.2987654328125
1 0.7194444437499999 0.758024690625 0.7194444437499999 0.6790123453125 0.7194444437499999 0.6 0.665277778125 0.6 0.6111111109375 0.6 0.6111111109375 0.6790123453125 0.6111111109375 0.758024690625 0.665277778125 0.758024690625 0.7194444437499999 0.758024690625
0 0.734722221875 0.2790123453125 0.734722221875 0.24444444375000002 0.734722221875 0.20987654375 0.70694444375 0.20987654375 0.6791666671875001 0.20987654375 0.6791666671875001 0.24444444375000002 0.6791666671875001 0.2790123453125 0.70694444375 0.2790123453125 0.734722221875 0.2790123453125
0 0.7402777781250001 0.43456790156249997 0.7402777781250001 0.3925925921875 0.7402777781250001 0.350617284375 0.70555555625 0.350617284375 0.6708333328125 0.350617284375 0.6708333328125 0.3925925921875 0.6708333328125 0.43456790156249997 0.70555555625 0.43456790156249997 0.7402777781250001 0.43456790156249997
0 0.675 0.4197530859375 0.675 0.3851851859375 0.675 0.350617284375 0.6493055562500001 0.350617284375 0.6236111109375 0.350617284375 0.6236111109375 0.3851851859375 0.6236111109375 0.4197530859375 0.6493055562500001 0.4197530859375 0.675 0.4197530859375
0 0.6375 0.48148148125 0.6375 0.44197530937499996 0.6375 0.4024691359375 0.6145833328125 0.4024691359375 0.5916666671875 0.4024691359375 0.5916666671875 0.44197530937499996 0.5916666671875 0.48148148125 0.6145833328125 0.48148148125 0.6375 0.48148148125
0 0.65 0.57283950625 0.65 0.5246913578125 0.65 0.47654320937500005 0.6166666671875001 0.47654320937500005 0.5833333328125 0.47654320937500005 0.5833333328125 0.5246913578125 0.5833333328125 0.57283950625 0.6166666671875001 0.57283950625 0.65 0.57283950625
0 0.7569444437499999 0.558024690625 0.7569444437499999 0.5074074078125 0.7569444437499999 0.45679012343750003 0.7201388890625 0.45679012343750003 0.6833333328125 0.45679012343750003 0.6833333328125 0.5074074078125 0.6833333328125 0.558024690625 0.7201388890625 0.558024690625 0.7569444437499999 0.558024690625
0 0.734722221875 0.68148148125 0.734722221875 0.6246913578125 0.734722221875 0.5679012343750001 0.7 0.5679012343750001 0.665277778125 0.5679012343750001 0.665277778125 0.6246913578125 0.665277778125 0.68148148125 0.7 0.68148148125 0.734722221875 0.68148148125
0 0.7486111109375 0.8938271609375 0.7486111109375 0.8283950625 0.7486111109375 0.7629629625 0.7090277781250001 0.7629629625 0.66944444375 0.7629629625 0.66944444375 0.8283950625 0.66944444375 0.8938271609375 0.7090277781250001 0.8938271609375 0.7486111109375 0.8938271609375
0 0.5625 1 0.5625 0.9469135796874999 0.5625 0.8938271609375 0.5263888890625 0.8938271609375 0.490277778125 0.8938271609375 0.490277778125 0.9469135796874999 0.490277778125 1 0.5263888890625 1 0.5625 1
0 0.4583333328125 1 0.4583333328125 0.941975309375 0.4583333328125 0.8839506171875 0.41319444375 0.8839506171875 0.36805555624999997 0.8839506171875 0.36805555624999997 0.941975309375 0.36805555624999997 1 0.41319444375 1 0.4583333328125 1
0 0.5861111109375 0.459259259375 0.5861111109375 0.41358024687499995 0.5861111109375 0.367901234375 0.5611111109375 0.367901234375 0.5361111109375 0.367901234375 0.5361111109375 0.41358024687499995 0.5361111109375 0.459259259375 0.5611111109375 0.459259259375 0.5861111109375 0.459259259375
0 0.490277778125 0.45679012343750003 0.490277778125 0.41111111093749997 0.490277778125 0.3654320984375 0.4625 0.3654320984375 0.434722221875 0.3654320984375 0.434722221875 0.41111111093749997 0.434722221875 0.45679012343750003 0.4625 0.45679012343750003 0.490277778125 0.45679012343750003
0 0.5333333328125 0.68148148125 0.5333333328125 0.6283950625 0.5333333328125 0.5753086421875 0.5020833328125 0.5753086421875 0.47083333281249995 0.5753086421875 0.47083333281249995 0.6283950625 0.47083333281249995 0.68148148125 0.5020833328125 0.68148148125 0.5333333328125 0.68148148125
0 0.447222221875 0.7185185187500001 0.447222221875 0.6629629625 0.447222221875 0.6074074078125 0.4125 0.6074074078125 0.377777778125 0.6074074078125 0.377777778125 0.6629629625 0.377777778125 0.7185185187500001 0.4125 0.7185185187500001 0.447222221875 0.7185185187500001
0 0.3138888890625 0.649382715625 0.3138888890625 0.5839506171875 0.3138888890625 0.51851851875 0.2708333328125 0.51851851875 0.22777777812500002 0.51851851875 0.22777777812500002 0.5839506171875 0.22777777812500002 0.649382715625 0.2708333328125 0.649382715625 0.3138888890625 0.649382715625
0 0.477777778125 0.3432098765625 0.477777778125 0.29012345625 0.477777778125 0.2370370375 0.4458333328125 0.2370370375 0.4138888890625 0.2370370375 0.4138888890625 0.29012345625 0.4138888890625 0.3432098765625 0.4458333328125 0.3432098765625 0.477777778125 0.3432098765625
0 0.2958333328125 0.395061728125 0.2958333328125 0.350617284375 0.2958333328125 0.3061728390625 0.26527777812500003 0.3061728390625 0.23472222187499997 0.3061728390625 0.23472222187499997 0.350617284375 0.23472222187499997 0.395061728125 0.26527777812500003 0.395061728125 0.2958333328125 0.395061728125