2 0.0958333328125 0.577777778125 0.0958333328125 0.5061728390625 0.0958333328125 0.43456790156249997 0.054166667187499996 0.43456790156249997 0.0125 0.43456790156249997 0.0125 0.5061728390625 0.0125 0.577777778125 0.054166667187499996 0.577777778125 0.0958333328125 0.577777778125
2 0.54444444375 0.7925925921875 0.54444444375 0.7567901234375001 0.54444444375 0.7209876546875 0.52569444375 0.7209876546875 0.5069444437499999 0.7209876546875 0.5069444437499999 0.7567901234375001 0.5069444437499999 0.7925925921875 0.52569444375 0.7925925921875 0.54444444375 0.7925925921875
2 0.46388888906250003 0.740740740625 0.46388888906250003 0.691358025 0.46388888906250003 0.641975309375 0.4375 0.641975309375 0.41111111093749997 0.641975309375 0.41111111093749997 0.691358025 0.41111111093749997 0.740740740625 0.4375 0.740740740625 0.46388888906250003 0.740740740625
2 0.727777778125 0.395061728125 0.727777778125 0.35802469062500003 0.727777778125 0.3209876546875 0.69930555625 0.3209876546875 0.6708333328125 0.3209876546875 0.6708333328125 0.35802469062500003 0.6708333328125 0.395061728125 0.69930555625 0.395061728125 0.727777778125 0.395061728125
2 0.2541666671875 0.6543209875 0.2541666671875 0.6333333328124999 0.2541666671875 0.6123456796875 0.23611111093749998 0.6123456796875 0.21805555625 0.6123456796875 0.21805555625 0.6333333328124999 0.21805555625 0.6543209875 0.23611111093749998 0.6543209875 0.2541666671875 0.6543209875
2 0.3875 0.6148148140624999 0.3875 0.5703703703125 0.3875 0.5259259265625 0.35902777812500003 0.5259259265625 0.33055555625 0.5259259265625 0.33055555625 0.5703703703125 0.33055555625 0.6148148140624999 0.35902777812500003 0.6148148140624999 0.3875 0.6148148140624999
2 0.440277778125 0.41234567968749997 0.440277778125 0.38271605000000003 0.440277778125 0.35308642031250004 0.41944444374999995 0.35308642031250004 0.3986111109375 0.35308642031250004 0.3986111109375 0.38271605000000003 0.3986111109375 0.41234567968749997 0.41944444374999995 0.41234567968749997 0.440277778125 0.41234567968749997
2 0.5638888890625 0.696296296875 0.5638888890625 0.6160493828125 0.5638888890625 0.53580246875 0.515972221875 0.53580246875 0.46805555625000006 0.53580246875 0.46805555625000006 0.6160493828125 0.46805555625000006 0.696296296875 0.515972221875 0.696296296875 0.5638888890625 0.696296296875
3 0.7361111109375 0.7111111109375 0.7361111109375 0.61851851875 0.7361111109375 0.5259259265625 0.672222221875 0.5259259265625 0.6083333328125 0.5259259265625 0.6083333328125 0.61851851875 0.6083333328125 0.7111111109375 0.672222221875 0.7111111109375 0.7361111109375 0.7111111109375
3 0.384722221875 0.891358025 0.384722221875 0.8333333328125001 0.384722221875 0.7753086421875001 0.35625 0.7753086421875001 0.32777777812500003 0.7753086421875001 0.32777777812500003 0.8333333328125001 0.32777777812500003 0.891358025 0.35625 0.891358025 0.384722221875 0.891358025
1 0.3263888890625 0.777777778125 0.3263888890625 0.69012345625 0.3263888890625 0.6024691359375 0.25625 0.6024691359375 0.1861111109375 0.6024691359375 0.1861111109375 0.69012345625 0.1861111109375 0.777777778125 0.25625 0.777777778125 0.3263888890625 0.777777778125
1 0.26527777812500003 0.6 0.26527777812500003 0.5518518515624999 0.26527777812500003 0.503703703125 0.184722221875 0.503703703125 0.1041666671875 0.503703703125 0.1041666671875 0.5518518515624999 0.1041666671875 0.6 0.184722221875 0.6 0.26527777812500003 0.6
0 0.10833333281249999 1 0.10833333281249999 0.9567901234375 0.10833333281249999 0.9135802468750001 0.05694444375 0.9135802468750001 0.00555555625 0.9135802468750001 0.00555555625 0.9567901234375 0.00555555625 1 0.05694444375 1 0.10833333281249999 1
0 0.31805555625 0.39012345625 0.31805555625 0.3148148140625 0.31805555625 0.2395061734375 0.275 0.2395061734375 0.23194444375 0.2395061734375 0.23194444375 0.3148148140625 0.23194444375 0.39012345625 0.275 0.39012345625 0.31805555625 0.39012345625
0 0.15 0.091358025 0.15 0.048148148437499996 0.15 0.004938271875 0.11041666718750001 0.004938271875 0.07083333281250001 0.004938271875 0.07083333281250001 0.048148148437499996 0.07083333281250001 0.091358025 0.11041666718750001 0.091358025 0.15 0.091358025
0 0.102777778125 0.2395061734375 0.102777778125 0.1925925921875 0.102777778125 0.14567901249999998 0.075 0.14567901249999998 0.047222221875 0.14567901249999998 0.047222221875 0.1925925921875 0.047222221875 0.2395061734375 0.075 0.2395061734375 0.102777778125 0.2395061734375