2 0.14444444375 0.6666666671875 0.14444444375 0.6123456796875 0.14444444375 0.558024690625 0.115972221875 0.558024690625 0.0875 0.558024690625 0.0875 0.6123456796875 0.0875 0.6666666671875 0.115972221875 0.6666666671875 0.14444444375 0.6666666671875
3 0.6888888890625 0.723456790625 0.6888888890625 0.6604938265625 0.6888888890625 0.5975308640625 0.6465277781250001 0.5975308640625 0.6041666671875 0.5975308640625 0.6041666671875 0.6604938265625 0.6041666671875 0.723456790625 0.6465277781250001 0.723456790625 0.6888888890625 0.723456790625
3 0.8166666671874999 0.6888888890625 0.8166666671874999 0.58148148125 0.8166666671874999 0.47407407343749997 0.75625 0.47407407343749997 0.6958333328124999 0.47407407343749997 0.6958333328124999 0.58148148125 0.6958333328124999 0.6888888890625 0.75625 0.6888888890625 0.8166666671874999 0.6888888890625
3 0.7138888890625 0.51851851875 0.7138888890625 0.43827160468750004 0.7138888890625 0.35802469062500003 0.6625 0.35802469062500003 0.6111111109375 0.35802469062500003 0.6111111109375 0.43827160468750004 0.6111111109375 0.51851851875 0.6625 0.51851851875 0.7138888890625 0.51851851875
0 0.9986111109375001 0.0987654328125 0.9986111109375001 0.05308642031250001 0.9986111109375001 0.0074074078125 0.940277778125 0.0074074078125 0.8819444437499999 0.0074074078125 0.8819444437499999 0.05308642031250001 0.8819444437499999 0.0987654328125 0.940277778125 0.0987654328125 0.9986111109375001 0.0987654328125
0 0.6916666671875 0.12345679062499999 0.6916666671875 0.0753086421875 0.6916666671875 0.027160493749999997 0.6493055562500001 0.027160493749999997 0.60694444375 0.027160493749999997 0.60694444375 0.0753086421875 0.60694444375 0.12345679062499999 0.6493055562500001 0.12345679062499999 0.6916666671875 0.12345679062499999
0 0.6111111109375 0.18024691406249999 0.6111111109375 0.1481481484375 0.6111111109375 0.11604938281249999 0.584722221875 0.11604938281249999 0.5583333328125 0.11604938281249999 0.5583333328125 0.1481481484375 0.5583333328125 0.18024691406249999 0.584722221875 0.18024691406249999 0.6111111109375 0.18024691406249999
0 0.85 1 0.85 0.9209876546875 0.85 0.841975309375 0.78680555625 0.841975309375 0.7236111109375 0.841975309375 0.7236111109375 0.9209876546875 0.7236111109375 1 0.78680555625 1 0.85 1
0 0.6875 0.9753086421875 0.6875 0.8851851859375 0.6875 0.795061728125 0.6423611109375 0.795061728125 0.597222221875 0.795061728125 0.597222221875 0.8851851859375 0.597222221875 0.9753086421875 0.6423611109375 0.9753086421875 0.6875 0.9753086421875
0 0.6083333328125 0.8518518515625001 0.6083333328125 0.776543209375 0.6083333328125 0.7012345671875 0.5645833328125 0.7012345671875 0.5208333328125 0.7012345671875 0.5208333328125 0.776543209375 0.5208333328125 0.8518518515625001 0.5645833328125 0.8518518515625001 0.6083333328125 0.8518518515625001
0 0.977777778125 0.558024690625 0.977777778125 0.4296296296875 0.977777778125 0.30123456718749997 0.909722221875 0.30123456718749997 0.8416666671874999 0.30123456718749997 0.8416666671874999 0.4296296296875 0.8416666671874999 0.558024690625 0.909722221875 0.558024690625 0.977777778125 0.558024690625
0 0.590277778125 0.3654320984375 0.590277778125 0.276543209375 0.590277778125 0.1876543203125 0.5541666671875001 0.1876543203125 0.51805555625 0.1876543203125 0.51805555625 0.276543209375 0.51805555625 0.3654320984375 0.5541666671875001 0.3654320984375 0.590277778125 0.3654320984375
0 0.2486111109375 0.923456790625 0.2486111109375 0.859259259375 0.2486111109375 0.795061728125 0.20972222187499998 0.795061728125 0.1708333328125 0.795061728125 0.1708333328125 0.859259259375 0.1708333328125 0.923456790625 0.20972222187499998 0.923456790625 0.2486111109375 0.923456790625
0 0.2625 0.7604938265625 0.2625 0.6987654328125 0.2625 0.6370370375000001 0.22291666718749997 0.6370370375000001 0.1833333328125 0.6370370375000001 0.1833333328125 0.6987654328125 0.1833333328125 0.7604938265625 0.22291666718749997 0.7604938265625 0.2625 0.7604938265625
0 0.5888888890625 0.60987654375 0.5888888890625 0.54444444375 0.5888888890625 0.47901234531250003 0.55069444375 0.47901234531250003 0.5125 0.47901234531250003 0.5125 0.54444444375 0.5125 0.60987654375 0.55069444375 0.60987654375 0.5888888890625 0.60987654375
0 0.4486111109375 0.622222221875 0.4486111109375 0.559259259375 0.4486111109375 0.49629629687500004 0.4125 0.49629629687500004 0.3763888890625 0.49629629687500004 0.3763888890625 0.559259259375 0.3763888890625 0.622222221875 0.4125 0.622222221875 0.4486111109375 0.622222221875
0 0.4625 0.40493827187500003 0.4625 0.341975309375 0.4625 0.2790123453125 0.427777778125 0.2790123453125 0.39305555625 0.2790123453125 0.39305555625 0.341975309375 0.39305555625 0.40493827187500003 0.427777778125 0.40493827187500003 0.4625 0.40493827187500003
0 0.290277778125 0.38765432031249997 0.290277778125 0.33580246874999997 0.290277778125 0.28395061718750003 0.2611111109375 0.28395061718750003 0.23194444375 0.28395061718750003 0.23194444375 0.33580246874999997 0.23194444375 0.38765432031249997 0.2611111109375 0.38765432031249997 0.290277778125 0.38765432031249997
0 0.4291666671875 0.1111111109375 0.4291666671875 0.0654320984375 0.4291666671875 0.0197530859375 0.396527778125 0.0197530859375 0.3638888890625 0.0197530859375 0.3638888890625 0.0654320984375 0.3638888890625 0.1111111109375 0.396527778125 0.1111111109375 0.4291666671875 0.1111111109375