0 0.43194444374999996 0.1530864203125 0.43194444374999996 0.086419753125 0.43194444374999996 0.0197530859375 0.3951388890625 0.0197530859375 0.3583333328125 0.0197530859375 0.3583333328125 0.086419753125 0.3583333328125 0.1530864203125 0.3951388890625 0.1530864203125 0.43194444374999996 0.1530864203125
0 0.5958333328125 0.3160493828125 0.5958333328125 0.23086419687499998 0.5958333328125 0.14567901249999998 0.5458333328125 0.14567901249999998 0.49583333281249997 0.14567901249999998 0.49583333281249997 0.23086419687499998 0.49583333281249997 0.3160493828125 0.5458333328125 0.3160493828125 0.5958333328125 0.3160493828125
0 0.5 0.3382716046875 0.5 0.26419753125 0.5 0.19012345625 0.4625 0.19012345625 0.425 0.19012345625 0.425 0.26419753125 0.425 0.3382716046875 0.4625 0.3382716046875 0.5 0.3382716046875
0 0.7013888890625 0.4888888890625 0.7013888890625 0.4024691359375 0.7013888890625 0.3160493828125 0.6465277781250001 0.3160493828125 0.5916666671875 0.3160493828125 0.5916666671875 0.4024691359375 0.5916666671875 0.4888888890625 0.6465277781250001 0.4888888890625 0.7013888890625 0.4888888890625
0 0.31805555625 0.459259259375 0.31805555625 0.3839506171875 0.31805555625 0.308641975 0.2826388890625 0.308641975 0.24722222187499998 0.308641975 0.24722222187499998 0.3839506171875 0.24722222187499998 0.459259259375 0.2826388890625 0.459259259375 0.31805555625 0.459259259375
0 0.40416666718750005 0.6370370375000001 0.40416666718750005 0.558024690625 0.40416666718750005 0.47901234531250003 0.3583333328125 0.47901234531250003 0.3125 0.47901234531250003 0.3125 0.558024690625 0.3125 0.6370370375000001 0.3583333328125 0.6370370375000001 0.40416666718750005 0.6370370375000001
0 0.2125 0.276543209375 0.2125 0.2012345671875 0.2125 0.12592592656249998 0.1513888890625 0.12592592656249998 0.090277778125 0.12592592656249998 0.090277778125 0.2012345671875 0.090277778125 0.276543209375 0.1513888890625 0.276543209375 0.2125 0.276543209375
0 0.0625 0.8666666671875 0.0625 0.777777778125 0.0625 0.6888888890625 0.03194444375 0.6888888890625 0.0013888890625 0.6888888890625 0.0013888890625 0.777777778125 0.0013888890625 0.8666666671875 0.03194444375 0.8666666671875 0.0625 0.8666666671875
0 0.2888888890625 1 0.2888888890625 0.9444444437499999 0.2888888890625 0.8888888890625 0.23958333281250002 0.8888888890625 0.190277778125 0.8888888890625 0.190277778125 0.9444444437499999 0.190277778125 1 0.23958333281250002 1 0.2888888890625 1
0 0.10138888906250001 1 0.10138888906250001 0.9580246906250001 0.10138888906250001 0.9160493828125 0.061805556250000004 0.9160493828125 0.022222221875 0.9160493828125 0.022222221875 0.9580246906250001 0.022222221875 1 0.061805556250000004 1 0.10138888906250001 1
1 0.7458333328125 0.8222222218749999 0.7458333328125 0.7024691359374999 0.7458333328125 0.5827160499999999 0.665277778125 0.5827160499999999 0.584722221875 0.5827160499999999 0.584722221875 0.7024691359374999 0.584722221875 0.8222222218749999 0.665277778125 0.8222222218749999 0.7458333328125 0.8222222218749999