1 0.7458333328125 0.491358025 0.7458333328125 0.46296296249999996 0.7458333328125 0.43456790156249997 0.7194444437499999 0.43456790156249997 0.69305555625 0.43456790156249997 0.69305555625 0.46296296249999996 0.69305555625 0.491358025 0.7194444437499999 0.491358025 0.7458333328125 0.491358025
0 0.290277778125 0.26419753125 0.290277778125 0.2197530859375 0.290277778125 0.1753086421875 0.25347222187499996 0.1753086421875 0.2166666671875 0.1753086421875 0.2166666671875 0.2197530859375 0.2166666671875 0.26419753125 0.25347222187499996 0.26419753125 0.290277778125 0.26419753125
0 0.5138888890625 0.3111111109375 0.5138888890625 0.2617283953125 0.5138888890625 0.2123456796875 0.490277778125 0.2123456796875 0.46666666718750005 0.2123456796875 0.46666666718750005 0.2617283953125 0.46666666718750005 0.3111111109375 0.490277778125 0.3111111109375 0.5138888890625 0.3111111109375
0 0.565277778125 0.3283950625 0.565277778125 0.2925925921875 0.565277778125 0.25679012343749996 0.5388888890625 0.25679012343749996 0.5125 0.25679012343749996 0.5125 0.2925925921875 0.5125 0.3283950625 0.5388888890625 0.3283950625 0.565277778125 0.3283950625
0 0.5875 0.2 0.5875 0.16790123437499999 0.5875 0.13580246875 0.565277778125 0.13580246875 0.54305555625 0.13580246875 0.54305555625 0.16790123437499999 0.54305555625 0.2 0.565277778125 0.2 0.5875 0.2
0 0.4791666671875 0.47654320937500005 0.4791666671875 0.41604938281250003 0.4791666671875 0.35555555625 0.45277777812500003 0.35555555625 0.4263888890625 0.35555555625 0.4263888890625 0.41604938281250003 0.4263888890625 0.47654320937500005 0.45277777812500003 0.47654320937500005 0.4791666671875 0.47654320937500005
0 0.6041666671875 0.6567901234375 0.6041666671875 0.586419753125 0.6041666671875 0.5160493828125 0.5673611109375 0.5160493828125 0.5305555562500001 0.5160493828125 0.5305555562500001 0.586419753125 0.5305555562500001 0.6567901234375 0.5673611109375 0.6567901234375 0.6041666671875 0.6567901234375
0 0.434722221875 0.7604938265625 0.434722221875 0.6975308640625 0.434722221875 0.6345679015625 0.396527778125 0.6345679015625 0.3583333328125 0.6345679015625 0.3583333328125 0.6975308640625 0.3583333328125 0.7604938265625 0.396527778125 0.7604938265625 0.434722221875 0.7604938265625
0 0.55 0.886419753125 0.55 0.8320987656250001 0.55 0.777777778125 0.5243055562500001 0.777777778125 0.4986111109375 0.777777778125 0.4986111109375 0.8320987656250001 0.4986111109375 0.886419753125 0.5243055562500001 0.886419753125 0.55 0.886419753125
3 0.15 0.367901234375 0.15 0.33580246874999997 0.15 0.303703703125 0.11319444375000001 0.303703703125 0.07638888906249999 0.303703703125 0.07638888906249999 0.33580246874999997 0.07638888906249999 0.367901234375 0.11319444375000001 0.367901234375 0.15 0.367901234375
1 0.9986111109375001 0.57283950625 0.9986111109375001 0.5123456796875 0.9986111109375001 0.45185185156249996 0.94305555625 0.45185185156249996 0.8875 0.45185185156249996 0.8875 0.5123456796875 0.8875 0.57283950625 0.94305555625 0.57283950625 0.9986111109375001 0.57283950625
1 0.34027777812500004 0.1925925921875 0.34027777812500004 0.1666666671875 0.34027777812500004 0.140740740625 0.31319444375 0.140740740625 0.28611111093749997 0.140740740625 0.28611111093749997 0.1666666671875 0.28611111093749997 0.1925925921875 0.31319444375 0.1925925921875 0.34027777812500004 0.1925925921875