0 0.1513888890625 0.8839506171875 0.1513888890625 0.7703703703125 0.1513888890625 0.6567901234375 0.078472221875 0.6567901234375 0.00555555625 0.6567901234375 0.00555555625 0.7703703703125 0.00555555625 0.8839506171875 0.078472221875 0.8839506171875 0.1513888890625 0.8839506171875
0 0.44166666718750003 0.723456790625 0.44166666718750003 0.630864196875 0.44166666718750003 0.5382716046875 0.3916666671875 0.5382716046875 0.3416666671875 0.5382716046875 0.3416666671875 0.630864196875 0.3416666671875 0.723456790625 0.3916666671875 0.723456790625 0.44166666718750003 0.723456790625
0 0.2416666671875 1 0.2416666671875 0.9246913578125 0.2416666671875 0.8493827156249999 0.16458333281249998 0.8493827156249999 0.0875 0.8493827156249999 0.0875 0.9246913578125 0.0875 1 0.16458333281249998 1 0.2416666671875 1
0 0.4388888890625 0.9975308640625 0.4388888890625 0.9111111109375001 0.4388888890625 0.8246913578124999 0.3958333328125 0.8246913578124999 0.352777778125 0.8246913578124999 0.352777778125 0.9111111109375001 0.352777778125 0.9975308640625 0.3958333328125 0.9975308640625 0.4388888890625 0.9975308640625
0 0.6555555562500001 0.88148148125 0.6555555562500001 0.7975308640625001 0.6555555562500001 0.713580246875 0.609722221875 0.713580246875 0.5638888890625 0.713580246875 0.5638888890625 0.7975308640625001 0.5638888890625 0.88148148125 0.609722221875 0.88148148125 0.6555555562500001 0.88148148125
0 0.827777778125 1 0.827777778125 0.9148148140625001 0.827777778125 0.8296296296874999 0.7736111109375 0.8296296296874999 0.7194444437499999 0.8296296296874999 0.7194444437499999 0.9148148140625001 0.7194444437499999 1 0.7736111109375 1 0.827777778125 1
0 0.6263888890625 1 0.6263888890625 0.9530864203125 0.6263888890625 0.9061728390624999 0.5673611109375 0.9061728390624999 0.5083333328124999 0.9061728390624999 0.5083333328124999 0.9530864203125 0.5083333328124999 1 0.5673611109375 1 0.6263888890625 1
0 0.525 0.06913580312499999 0.525 0.037037037499999995 0.525 0.004938271875 0.48055555625 0.004938271875 0.4361111109375 0.004938271875 0.4361111109375 0.037037037499999995 0.4361111109375 0.06913580312499999 0.48055555625 0.06913580312499999 0.525 0.06913580312499999
3 0.5736111109375 0.3456790125 0.5736111109375 0.23456790156250001 0.5736111109375 0.12345679062499999 0.5076388890625 0.12345679062499999 0.44166666718750003 0.12345679062499999 0.44166666718750003 0.23456790156250001 0.44166666718750003 0.3456790125 0.5076388890625 0.3456790125 0.5736111109375 0.3456790125
3 0.575 0.8518518515625001 0.575 0.704938271875 0.575 0.558024690625 0.5097222218749999 0.558024690625 0.44444444375 0.558024690625 0.44444444375 0.704938271875 0.44444444375 0.8518518515625001 0.5097222218749999 0.8518518515625001 0.575 0.8518518515625001
3 0.6347222218749999 0.62716049375 0.6347222218749999 0.5259259265625 0.6347222218749999 0.42469135781249995 0.577777778125 0.42469135781249995 0.5208333328125 0.42469135781249995 0.5208333328125 0.5259259265625 0.5208333328125 0.62716049375 0.577777778125 0.62716049375 0.6347222218749999 0.62716049375
3 0.6888888890625 0.46913580312500003 0.6888888890625 0.4012345671875 0.6888888890625 0.3333333328125 0.6458333328125 0.3333333328125 0.602777778125 0.3333333328125 0.602777778125 0.4012345671875 0.602777778125 0.46913580312500003 0.6458333328125 0.46913580312500003 0.6888888890625 0.46913580312500003
3 0.7763888890625 0.46666666718750005 0.7763888890625 0.3839506171875 0.7763888890625 0.30123456718749997 0.7291666671875 0.30123456718749997 0.68194444375 0.30123456718749997 0.68194444375 0.3839506171875 0.68194444375 0.46666666718750005 0.7291666671875 0.46666666718750005 0.7763888890625 0.46666666718750005
1 0.26805555625 0.8617283953125 0.26805555625 0.695061728125 0.26805555625 0.5283950625 0.2270833328125 0.5283950625 0.1861111109375 0.5283950625 0.1861111109375 0.695061728125 0.1861111109375 0.8617283953125 0.2270833328125 0.8617283953125 0.26805555625 0.8617283953125
1 0.8513888890624999 0.676543209375 0.8513888890624999 0.5469135796875 0.8513888890624999 0.41728395 0.821527778125 0.41728395 0.7916666671875 0.41728395 0.7916666671875 0.5469135796875 0.7916666671875 0.676543209375 0.821527778125 0.676543209375 0.8513888890624999 0.676543209375
0 0.8708333328125001 0.0987654328125 0.8708333328125001 0.050617284375 0.8708333328125001 0.0024691359375 0.8388888890624999 0.0024691359375 0.80694444375 0.0024691359375 0.80694444375 0.050617284375 0.80694444375 0.0987654328125 0.8388888890624999 0.0987654328125 0.8708333328125001 0.0987654328125