0 0.197222221875 0.8271604937499999 0.197222221875 0.7481481484375 0.197222221875 0.669135803125 0.1451388890625 0.669135803125 0.09305555625 0.669135803125 0.09305555625 0.7481481484375 0.09305555625 0.8271604937499999 0.1451388890625 0.8271604937499999 0.197222221875 0.8271604937499999
0 0.365277778125 0.7802469140625 0.365277778125 0.7160493828125001 0.365277778125 0.6518518515625 0.3229166671875 0.6518518515625 0.28055555625 0.6518518515625 0.28055555625 0.7160493828125001 0.28055555625 0.7802469140625 0.3229166671875 0.7802469140625 0.365277778125 0.7802469140625
0 0.5708333328124999 0.923456790625 0.5708333328124999 0.8543209875000001 0.5708333328124999 0.7851851859375001 0.528472221875 0.7851851859375001 0.4861111109375 0.7851851859375001 0.4861111109375 0.8543209875000001 0.4861111109375 0.923456790625 0.528472221875 0.923456790625 0.5708333328124999 0.923456790625
0 0.7236111109375 0.49382716093749995 0.7236111109375 0.43333333281249997 0.7236111109375 0.37283950625 0.684027778125 0.37283950625 0.64444444375 0.37283950625 0.64444444375 0.43333333281249997 0.64444444375 0.49382716093749995 0.684027778125 0.49382716093749995 0.7236111109375 0.49382716093749995
0 0.7361111109375 0.24444444375000002 0.7361111109375 0.2 0.7361111109375 0.15555555625 0.7083333328125 0.15555555625 0.6805555562500001 0.15555555625 0.6805555562500001 0.2 0.6805555562500001 0.24444444375000002 0.7083333328125 0.24444444375000002 0.7361111109375 0.24444444375000002
0 0.25694444375000003 0.47654320937500005 0.25694444375000003 0.430864196875 0.25694444375000003 0.3851851859375 0.225 0.3851851859375 0.19305555624999998 0.3851851859375 0.19305555624999998 0.430864196875 0.19305555624999998 0.47654320937500005 0.225 0.47654320937500005 0.25694444375000003 0.47654320937500005
0 0.352777778125 0.6 0.352777778125 0.5395061734375 0.352777778125 0.47901234531250003 0.3104166671875 0.47901234531250003 0.26805555625 0.47901234531250003 0.26805555625 0.5395061734375 0.26805555625 0.6 0.3104166671875 0.6 0.352777778125 0.6
0 0.3625 0.47654320937500005 0.3625 0.4012345671875 0.3625 0.32592592656249997 0.3201388890625 0.32592592656249997 0.27777777812500004 0.32592592656249997 0.27777777812500004 0.4012345671875 0.27777777812500004 0.47654320937500005 0.3201388890625 0.47654320937500005 0.3625 0.47654320937500005
0 0.47361111093749997 0.491358025 0.47361111093749997 0.42345679062499997 0.47361111093749997 0.35555555625 0.43819444374999994 0.35555555625 0.40277777812500004 0.35555555625 0.40277777812500004 0.42345679062499997 0.40277777812500004 0.491358025 0.43819444374999994 0.491358025 0.47361111093749997 0.491358025
0 0.5583333328125 0.53580246875 0.5583333328125 0.4703703703125 0.5583333328125 0.40493827187500003 0.5291666671875 0.40493827187500003 0.5 0.40493827187500003 0.5 0.4703703703125 0.5 0.53580246875 0.5291666671875 0.53580246875 0.5583333328125 0.53580246875
0 0.5263888890625 0.2666666671875 0.5263888890625 0.2296296296875 0.5263888890625 0.1925925921875 0.5013888890625 0.1925925921875 0.4763888890625 0.1925925921875 0.4763888890625 0.2296296296875 0.4763888890625 0.2666666671875 0.5013888890625 0.2666666671875 0.5263888890625 0.2666666671875
0 0.575 0.3753086421875 0.575 0.323456790625 0.575 0.2716049375 0.5291666671875 0.2716049375 0.48333333281249996 0.2716049375 0.48333333281249996 0.323456790625 0.48333333281249996 0.3753086421875 0.5291666671875 0.3753086421875 0.575 0.3753086421875
0 0.6013888890625 0.31851851875000003 0.6013888890625 0.267901234375 0.6013888890625 0.21728394999999998 0.5770833328125 0.21728394999999998 0.5527777781250001 0.21728394999999998 0.5527777781250001 0.267901234375 0.5527777781250001 0.31851851875000003 0.5770833328125 0.31851851875000003 0.6013888890625 0.31851851875000003
0 0.2388888890625 0.177777778125 0.2388888890625 0.130864196875 0.2388888890625 0.08395061718749999 0.20625 0.08395061718749999 0.17361111093749998 0.08395061718749999 0.17361111093749998 0.130864196875 0.17361111093749998 0.177777778125 0.20625 0.177777778125 0.2388888890625 0.177777778125
0 0.4236111109375 0.08148148125 0.4236111109375 0.0432098765625 0.4236111109375 0.004938271875 0.39097222187499997 0.004938271875 0.3583333328125 0.004938271875 0.3583333328125 0.0432098765625 0.3583333328125 0.08148148125 0.39097222187499997 0.08148148125 0.4236111109375 0.08148148125
0 0.51805555625 0.140740740625 0.51805555625 0.095061728125 0.51805555625 0.049382715625000004 0.490972221875 0.049382715625000004 0.46388888906250003 0.049382715625000004 0.46388888906250003 0.095061728125 0.46388888906250003 0.140740740625 0.490972221875 0.140740740625 0.51805555625 0.140740740625
0 0.5763888890625 0.1481481484375 0.5763888890625 0.0987654328125 0.5763888890625 0.049382715625000004 0.55 0.049382715625000004 0.5236111109375 0.049382715625000004 0.5236111109375 0.0987654328125 0.5236111109375 0.1481481484375 0.55 0.1481481484375 0.5763888890625 0.1481481484375
0 0.7263888890625 0.130864196875 0.7263888890625 0.0938271609375 0.7263888890625 0.05679012343749999 0.6972222218749999 0.05679012343749999 0.66805555625 0.05679012343749999 0.66805555625 0.0938271609375 0.66805555625 0.130864196875 0.6972222218749999 0.130864196875 0.7263888890625 0.130864196875
3 0.6208333328125 0.6148148140624999 0.6208333328125 0.57283950625 0.6208333328125 0.530864196875 0.5861111109375 0.530864196875 0.5513888890625 0.530864196875 0.5513888890625 0.57283950625 0.5513888890625 0.6148148140624999 0.5861111109375 0.6148148140624999 0.6208333328125 0.6148148140624999