2 0.684722221875 0.249382715625 0.684722221875 0.23209876562499998 0.684722221875 0.2148148140625 0.672222221875 0.2148148140625 0.659722221875 0.2148148140625 0.659722221875 0.23209876562499998 0.659722221875 0.249382715625 0.672222221875 0.249382715625 0.684722221875 0.249382715625
3 0.28194444375 1 0.28194444375 0.941975309375 0.28194444375 0.8839506171875 0.20972222187499998 0.8839506171875 0.1375 0.8839506171875 0.1375 0.941975309375 0.1375 1 0.20972222187499998 1 0.28194444375 1
3 0.9472222218749999 0.286419753125 0.9472222218749999 0.20740740781250003 0.9472222218749999 0.1283950625 0.9020833328125001 0.1283950625 0.85694444375 0.1283950625 0.85694444375 0.20740740781250003 0.85694444375 0.286419753125 0.9020833328125001 0.286419753125 0.9472222218749999 0.286419753125
1 0.7861111109375 0.7703703703125 0.7861111109375 0.6703703703125 0.7861111109375 0.5703703703125 0.7013888890625 0.5703703703125 0.6166666671875001 0.5703703703125 0.6166666671875001 0.6703703703125 0.6166666671875001 0.7703703703125 0.7013888890625 0.7703703703125 0.7861111109375 0.7703703703125
1 0.6555555562500001 0.4395061734375 0.6555555562500001 0.3839506171875 0.6555555562500001 0.3283950625 0.5798611109375 0.3283950625 0.5041666671875 0.3283950625 0.5041666671875 0.3839506171875 0.5041666671875 0.4395061734375 0.5798611109375 0.4395061734375 0.6555555562500001 0.4395061734375
1 0.627777778125 0.222222221875 0.627777778125 0.176543209375 0.627777778125 0.130864196875 0.57430555625 0.130864196875 0.5208333328125 0.130864196875 0.5208333328125 0.176543209375 0.5208333328125 0.222222221875 0.57430555625 0.222222221875 0.627777778125 0.222222221875
3 0.0958333328125 0.3160493828125 0.0958333328125 0.19382716093750002 0.0958333328125 0.0716049375 0.04930555625 0.0716049375 0.002777778125 0.0716049375 0.002777778125 0.19382716093750002 0.002777778125 0.3160493828125 0.04930555625 0.3160493828125 0.0958333328125 0.3160493828125
3 0.5138888890625 0.10864197499999999 0.5138888890625 0.05679012343749999 0.5138888890625 0.004938271875 0.4611111109375 0.004938271875 0.40833333281249995 0.004938271875 0.40833333281249995 0.05679012343749999 0.40833333281249995 0.10864197499999999 0.4611111109375 0.10864197499999999 0.5138888890625 0.10864197499999999
3 0.5875 0.8469135796874999 0.5875 0.741975309375 0.5875 0.6370370375000001 0.52569444375 0.6370370375000001 0.46388888906250003 0.6370370375000001 0.46388888906250003 0.741975309375 0.46388888906250003 0.8469135796874999 0.52569444375 0.8469135796874999 0.5875 0.8469135796874999
3 0.459722221875 0.632098765625 0.459722221875 0.5469135796875 0.459722221875 0.4617283953125 0.40972222187499996 0.4617283953125 0.35972222187499997 0.4617283953125 0.35972222187499997 0.5469135796875 0.35972222187499997 0.632098765625 0.40972222187499996 0.632098765625 0.459722221875 0.632098765625
3 0.3513888890625 0.6839506171874999 0.3513888890625 0.5950617281249999 0.3513888890625 0.5061728390625 0.30625 0.5061728390625 0.2611111109375 0.5061728390625 0.2611111109375 0.5950617281249999 0.2611111109375 0.6839506171874999 0.30625 0.6839506171874999 0.3513888890625 0.6839506171874999
0 0.127777778125 1 0.127777778125 0.891358025 0.127777778125 0.78271605 0.0645833328125 0.78271605 0.0013888890625 0.78271605 0.0013888890625 0.891358025 0.0013888890625 1 0.0645833328125 1 0.127777778125 1
0 0.3875 0.4296296296875 0.3875 0.35308642031250004 0.3875 0.276543209375 0.3451388890625 0.276543209375 0.302777778125 0.276543209375 0.302777778125 0.35308642031250004 0.302777778125 0.4296296296875 0.3451388890625 0.4296296296875 0.3875 0.4296296296875