0 0.42222222187499997 0.2617283953125 0.42222222187499997 0.21851851875 0.42222222187499997 0.1753086421875 0.39305555625 0.1753086421875 0.3638888890625 0.1753086421875 0.3638888890625 0.21851851875 0.3638888890625 0.2617283953125 0.39305555625 0.2617283953125 0.42222222187499997 0.2617283953125
0 0.3986111109375 0.5432098765625 0.3986111109375 0.49012345625 0.3986111109375 0.4370370375 0.365972221875 0.4370370375 0.3333333328125 0.4370370375 0.3333333328125 0.49012345625 0.3333333328125 0.5432098765625 0.365972221875 0.5432098765625 0.3986111109375 0.5432098765625
0 0.40277777812500004 0.6888888890625 0.40277777812500004 0.6333333328124999 0.40277777812500004 0.577777778125 0.3736111109375 0.577777778125 0.34444444375 0.577777778125 0.34444444375 0.6333333328124999 0.34444444375 0.6888888890625 0.3736111109375 0.6888888890625 0.40277777812500004 0.6888888890625
0 0.50555555625 0.41728395 0.50555555625 0.36666666718749996 0.50555555625 0.3160493828125 0.47222222187499996 0.3160493828125 0.4388888890625 0.3160493828125 0.4388888890625 0.36666666718749996 0.4388888890625 0.41728395 0.47222222187499996 0.41728395 0.50555555625 0.41728395
0 0.5291666671875 0.5530864203125 0.5291666671875 0.49012345625 0.5291666671875 0.42716049375000004 0.4875 0.42716049375000004 0.4458333328125 0.42716049375000004 0.4458333328125 0.49012345625 0.4458333328125 0.5530864203125 0.4875 0.5530864203125 0.5291666671875 0.5530864203125
0 0.515277778125 0.6987654328125 0.515277778125 0.6382716046875 0.515277778125 0.577777778125 0.478472221875 0.577777778125 0.44166666718750003 0.577777778125 0.44166666718750003 0.6382716046875 0.44166666718750003 0.6987654328125 0.478472221875 0.6987654328125 0.515277778125 0.6987654328125
0 0.6666666671875 0.28395061718750003 0.6666666671875 0.22839506250000002 0.6666666671875 0.17283950625 0.6347222218749999 0.17283950625 0.602777778125 0.17283950625 0.602777778125 0.22839506250000002 0.602777778125 0.28395061718750003 0.6347222218749999 0.28395061718750003 0.6666666671875 0.28395061718750003
0 0.9263888890624999 0.3111111109375 0.9263888890624999 0.24444444375000002 0.9263888890624999 0.177777778125 0.8895833328125 0.177777778125 0.852777778125 0.177777778125 0.852777778125 0.24444444375000002 0.852777778125 0.3111111109375 0.8895833328125 0.3111111109375 0.9263888890624999 0.3111111109375
0 0.8513888890624999 0.42222222187499997 0.8513888890624999 0.36419753125 0.8513888890624999 0.3061728390625 0.8131944437499999 0.3061728390625 0.775 0.3061728390625 0.775 0.36419753125 0.775 0.42222222187499997 0.8131944437499999 0.42222222187499997 0.8513888890624999 0.42222222187499997
0 1 0.2469135796875 0.9618055562500001 0.2469135796875 0.9236111109375 0.2469135796875 0.9236111109375 0.31851851875000003 0.9236111109375 0.39012345625 0.9618055562500001 0.39012345625 1 0.39012345625 1 0.31851851875000003 1 0.2469135796875
0 1 0.459259259375 0.9458333328125 0.459259259375 0.8916666671875 0.459259259375 0.8916666671875 0.5395061734375 0.8916666671875 0.6197530859375 0.9458333328125 0.6197530859375 1 0.6197530859375 1 0.5395061734375 1 0.459259259375
0 0.8513888890624999 0.6469135796875001 0.8513888890624999 0.5654320984375001 0.8513888890624999 0.4839506171875 0.8 0.4839506171875 0.7486111109375 0.4839506171875 0.7486111109375 0.5654320984375001 0.7486111109375 0.6469135796875001 0.8 0.6469135796875001 0.8513888890624999 0.6469135796875001
0 0.840277778125 1 0.840277778125 0.9469135796874999 0.840277778125 0.8938271609375 0.7895833328124999 0.8938271609375 0.7388888890625 0.8938271609375 0.7388888890625 0.9469135796874999 0.7388888890625 1 0.7895833328124999 1 0.840277778125 1
0 0.5583333328125 0.9925925921875001 0.5583333328125 0.9469135796874999 0.5583333328125 0.9012345671875 0.5298611109375 0.9012345671875 0.5013888890625 0.9012345671875 0.5013888890625 0.9469135796874999 0.5013888890625 0.9925925921875001 0.5298611109375 0.9925925921875001 0.5583333328125 0.9925925921875001
3 0.41111111093749997 0.91851851875 0.41111111093749997 0.8530864203125 0.41111111093749997 0.7876543203125 0.365277778125 0.7876543203125 0.31944444375000003 0.7876543203125 0.31944444375000003 0.8530864203125 0.31944444375000003 0.91851851875 0.365277778125 0.91851851875 0.41111111093749997 0.91851851875
3 0.5625 0.8617283953125 0.5625 0.8160493828125001 0.5625 0.7703703703125 0.5375 0.7703703703125 0.5125 0.7703703703125 0.5125 0.8160493828125001 0.5125 0.8617283953125 0.5375 0.8617283953125 0.5625 0.8617283953125
3 0.7736111109375 0.7456790125 0.7736111109375 0.67283950625 0.7736111109375 0.6 0.734722221875 0.6 0.6958333328124999 0.6 0.6958333328124999 0.67283950625 0.6958333328124999 0.7456790125 0.734722221875 0.7456790125 0.7736111109375 0.7456790125
3 0.925 0.8691358031249999 0.925 0.7987654328125 0.925 0.7283950625 0.88680555625 0.7283950625 0.8486111109375001 0.7283950625 0.8486111109375001 0.7987654328125 0.8486111109375001 0.8691358031249999 0.88680555625 0.8691358031249999 0.925 0.8691358031249999
3 0.76805555625 0.508641975 0.76805555625 0.45555555625000005 0.76805555625 0.4024691359375 0.734722221875 0.4024691359375 0.7013888890625 0.4024691359375 0.7013888890625 0.45555555625000005 0.7013888890625 0.508641975 0.734722221875 0.508641975 0.76805555625 0.508641975
1 0.45416666718750004 0.7481481484375 0.45416666718750004 0.713580246875 0.45416666718750004 0.6790123453125 0.40625 0.6790123453125 0.3583333328125 0.6790123453125 0.3583333328125 0.713580246875 0.3583333328125 0.7481481484375 0.40625 0.7481481484375 0.45416666718750004 0.7481481484375
0 0.24722222187499998 0.6 0.24722222187499998 0.5419753093749999 0.24722222187499998 0.4839506171875 0.19930555625 0.4839506171875 0.1513888890625 0.4839506171875 0.1513888890625 0.5419753093749999 0.1513888890625 0.6 0.19930555625 0.6 0.24722222187499998 0.6
3 0.40972222187499996 0.3975308640625 0.40972222187499996 0.350617284375 0.40972222187499996 0.303703703125 0.38194444375000003 0.303703703125 0.3541666671875 0.303703703125 0.3541666671875 0.350617284375 0.3541666671875 0.3975308640625 0.38194444375000003 0.3975308640625 0.40972222187499996 0.3975308640625
1 0.6569444437499999 0.3925925921875 0.6569444437499999 0.35308642031250004 0.6569444437499999 0.313580246875 0.625 0.313580246875 0.5930555562500001 0.313580246875 0.5930555562500001 0.35308642031250004 0.5930555562500001 0.3925925921875 0.625 0.3925925921875 0.6569444437499999 0.3925925921875