0 0.5694444437499999 0.8123456796875 0.5694444437499999 0.7345679015625 0.5694444437499999 0.6567901234375 0.5270833328125 0.6567901234375 0.48472222187499997 0.6567901234375 0.48472222187499997 0.7345679015625 0.48472222187499997 0.8123456796875 0.5270833328125 0.8123456796875 0.5694444437499999 0.8123456796875
0 0.23472222187499997 0.09629629687499999 0.23472222187499997 0.058024690625 0.23472222187499997 0.0197530859375 0.21319444375000002 0.0197530859375 0.1916666671875 0.0197530859375 0.1916666671875 0.058024690625 0.1916666671875 0.09629629687499999 0.21319444375000002 0.09629629687499999 0.23472222187499997 0.09629629687499999
0 0.40694444374999994 0.4 0.40694444374999994 0.3395061734375 0.40694444374999994 0.2790123453125 0.3770833328125 0.2790123453125 0.34722222187499996 0.2790123453125 0.34722222187499996 0.3395061734375 0.34722222187499996 0.4 0.3770833328125 0.4 0.40694444374999994 0.4
0 0.28194444375 0.7876543203125 0.28194444375 0.7148148140624999 0.28194444375 0.641975309375 0.24097222187499998 0.641975309375 0.2 0.641975309375 0.2 0.7148148140624999 0.2 0.7876543203125 0.24097222187499998 0.7876543203125 0.28194444375 0.7876543203125
0 0.35972222187499997 0.686419753125 0.35972222187499997 0.6333333328124999 0.35972222187499997 0.5802469140625 0.32569444375 0.5802469140625 0.2916666671875 0.5802469140625 0.2916666671875 0.6333333328124999 0.2916666671875 0.686419753125 0.32569444375 0.686419753125 0.35972222187499997 0.686419753125
0 0.40833333281249995 0.9604938265625 0.40833333281249995 0.8901234562499999 0.40833333281249995 0.8197530859375 0.3638888890625 0.8197530859375 0.31944444375000003 0.8197530859375 0.31944444375000003 0.8901234562499999 0.31944444375000003 0.9604938265625 0.3638888890625 0.9604938265625 0.40833333281249995 0.9604938265625
0 0.2986111109375 1 0.2986111109375 0.9629629625 0.2986111109375 0.9259259265625 0.2513888890625 0.9259259265625 0.20416666718749998 0.9259259265625 0.20416666718749998 0.9629629625 0.20416666718749998 1 0.2513888890625 1 0.2986111109375 1
0 0.68194444375 0.98271605 0.68194444375 0.891358025 0.68194444375 0.8 0.6347222218749999 0.8 0.5875 0.8 0.5875 0.891358025 0.5875 0.98271605 0.6347222218749999 0.98271605 0.68194444375 0.98271605
0 0.7166666671875 0.6790123453125 0.7166666671875 0.6123456796875 0.7166666671875 0.5456790125000001 0.6763888890625 0.5456790125000001 0.6361111109375 0.5456790125000001 0.6361111109375 0.6123456796875 0.6361111109375 0.6790123453125 0.6763888890625 0.6790123453125 0.7166666671875 0.6790123453125
0 0.8791666671874999 0.5703703703125 0.8791666671874999 0.49259259218749996 0.8791666671874999 0.4148148140625 0.827777778125 0.4148148140625 0.7763888890625 0.4148148140625 0.7763888890625 0.49259259218749996 0.7763888890625 0.5703703703125 0.827777778125 0.5703703703125 0.8791666671874999 0.5703703703125
0 1 0.459259259375 0.965277778125 0.459259259375 0.9305555562500001 0.459259259375 0.9305555562500001 0.5567901234375 0.9305555562500001 0.6543209875 0.965277778125 0.6543209875 1 0.6543209875 1 0.5567901234375 1 0.459259259375
0 1 0.7209876546875 0.9444444437499999 0.7209876546875 0.8888888890625 0.7209876546875 0.8888888890625 0.823456790625 0.8888888890625 0.9259259265625 0.9444444437499999 0.9259259265625 1 0.9259259265625 1 0.823456790625 1 0.7209876546875
0 0.7263888890625 0.1530864203125 0.7263888890625 0.086419753125 0.7263888890625 0.0197530859375 0.6805555562500001 0.0197530859375 0.6347222218749999 0.0197530859375 0.6347222218749999 0.086419753125 0.6347222218749999 0.1530864203125 0.6805555562500001 0.1530864203125 0.7263888890625 0.1530864203125
0 0.9486111109375001 0.17283950625 0.9486111109375001 0.0925925921875 0.9486111109375001 0.0123456796875 0.884027778125 0.0123456796875 0.8194444437499999 0.0123456796875 0.8194444437499999 0.0925925921875 0.8194444437499999 0.17283950625 0.884027778125 0.17283950625 0.9486111109375001 0.17283950625
3 0.6625 0.25679012343749996 0.6625 0.1888888890625 0.6625 0.12098765468749999 0.6152777781250001 0.12098765468749999 0.56805555625 0.12098765468749999 0.56805555625 0.1888888890625 0.56805555625 0.25679012343749996 0.6152777781250001 0.25679012343749996 0.6625 0.25679012343749996
3 0.747222221875 0.28395061718750003 0.747222221875 0.21851851875 0.747222221875 0.1530864203125 0.7013888890625 0.1530864203125 0.6555555562500001 0.1530864203125 0.6555555562500001 0.21851851875 0.6555555562500001 0.28395061718750003 0.7013888890625 0.28395061718750003 0.747222221875 0.28395061718750003
3 0.7375 0.38271605000000003 0.7375 0.3209876546875 0.7375 0.259259259375 0.6868055562500001 0.259259259375 0.6361111109375 0.259259259375 0.6361111109375 0.3209876546875 0.6361111109375 0.38271605000000003 0.6868055562500001 0.38271605000000003 0.7375 0.38271605000000003
3 0.5958333328125 0.5382716046875 0.5958333328125 0.46419753124999996 0.5958333328125 0.39012345625 0.559722221875 0.39012345625 0.5236111109375 0.39012345625 0.5236111109375 0.46419753124999996 0.5236111109375 0.5382716046875 0.559722221875 0.5382716046875 0.5958333328125 0.5382716046875
3 0.6708333328125 0.5530864203125 0.6708333328125 0.5012345671875 0.6708333328125 0.449382715625 0.6298611109375 0.449382715625 0.5888888890625 0.449382715625 0.5888888890625 0.5012345671875 0.5888888890625 0.5530864203125 0.6298611109375 0.5530864203125 0.6708333328125 0.5530864203125
3 0.47083333281249995 0.9975308640625 0.47083333281249995 0.9246913578125 0.47083333281249995 0.8518518515625001 0.4375 0.8518518515625001 0.40416666718750005 0.8518518515625001 0.40416666718750005 0.9246913578125 0.40416666718750005 0.9975308640625 0.4375 0.9975308640625 0.47083333281249995 0.9975308640625
3 0.30555555624999997 0.330864196875 0.30555555624999997 0.2617283953125 0.30555555624999997 0.1925925921875 0.27777777812500004 0.1925925921875 0.25 0.1925925921875 0.25 0.2617283953125 0.25 0.330864196875 0.27777777812500004 0.330864196875 0.30555555624999997 0.330864196875
3 0.5708333328124999 0.2740740734375 0.5708333328124999 0.2197530859375 0.5708333328124999 0.1654320984375 0.54305555625 0.1654320984375 0.515277778125 0.1654320984375 0.515277778125 0.2197530859375 0.515277778125 0.2740740734375 0.54305555625 0.2740740734375 0.5708333328124999 0.2740740734375
3 1 0.12345679062499999 0.95625 0.12345679062499999 0.9125 0.12345679062499999 0.9125 0.18024691406249999 0.9125 0.2370370375 0.95625 0.2370370375 1 0.2370370375 1 0.18024691406249999 1 0.12345679062499999
3 0.3013888890625 0.44444444375 0.3013888890625 0.4012345671875 0.3013888890625 0.35802469062500003 0.27638888906250003 0.35802469062500003 0.2513888890625 0.35802469062500003 0.2513888890625 0.4012345671875 0.2513888890625 0.44444444375 0.27638888906250003 0.44444444375 0.3013888890625 0.44444444375
0 0.15555555625 0.5629629625 0.15555555625 0.49259259218749996 0.15555555625 0.42222222187499997 0.11319444375000001 0.42222222187499997 0.07083333281250001 0.42222222187499997 0.07083333281250001 0.49259259218749996 0.07083333281250001 0.5629629625 0.11319444375000001 0.5629629625 0.15555555625 0.5629629625