0 0.08333333281250001 0.550617284375 0.08333333281250001 0.49259259218749996 0.08333333281250001 0.43456790156249997 0.04305555625 0.43456790156249997 0.002777778125 0.43456790156249997 0.002777778125 0.49259259218749996 0.002777778125 0.550617284375 0.04305555625 0.550617284375 0.08333333281250001 0.550617284375
0 0.2138888890625 0.7283950625 0.2138888890625 0.6666666671875 0.2138888890625 0.604938271875 0.16319444375 0.604938271875 0.1125 0.604938271875 0.1125 0.6666666671875 0.1125 0.7283950625 0.16319444375 0.7283950625 0.2138888890625 0.7283950625
0 0.3263888890625 0.777777778125 0.3263888890625 0.695061728125 0.3263888890625 0.6123456796875 0.271527778125 0.6123456796875 0.2166666671875 0.6123456796875 0.2166666671875 0.695061728125 0.2166666671875 0.777777778125 0.271527778125 0.777777778125 0.3263888890625 0.777777778125
0 0.43194444374999996 0.6641975312499999 0.43194444374999996 0.613580246875 0.43194444374999996 0.5629629625 0.39444444375 0.5629629625 0.35694444375 0.5629629625 0.35694444375 0.613580246875 0.35694444375 0.6641975312499999 0.39444444375 0.6641975312499999 0.43194444374999996 0.6641975312499999
0 0.527777778125 0.7876543203125 0.527777778125 0.7148148140624999 0.527777778125 0.641975309375 0.4791666671875 0.641975309375 0.43055555625 0.641975309375 0.43055555625 0.7148148140624999 0.43055555625 0.7876543203125 0.4791666671875 0.7876543203125 0.527777778125 0.7876543203125
0 0.6541666671875 0.841975309375 0.6541666671875 0.76419753125 0.6541666671875 0.686419753125 0.602777778125 0.686419753125 0.5513888890625 0.686419753125 0.5513888890625 0.76419753125 0.5513888890625 0.841975309375 0.602777778125 0.841975309375 0.6541666671875 0.841975309375
0 0.8125 0.9358024687500001 0.8125 0.8530864203125 0.8125 0.7703703703125 0.7569444437499999 0.7703703703125 0.7013888890625 0.7703703703125 0.7013888890625 0.8530864203125 0.7013888890625 0.9358024687500001 0.7569444437499999 0.9358024687500001 0.8125 0.9358024687500001
0 0.6083333328125 1 0.6083333328125 0.9456790125 0.6083333328125 0.891358025 0.57430555625 0.891358025 0.540277778125 0.891358025 0.540277778125 0.9456790125 0.540277778125 1 0.57430555625 1 0.6083333328125 1
0 0.40277777812500004 0.9456790125 0.40277777812500004 0.8691358031249999 0.40277777812500004 0.7925925921875 0.353472221875 0.7925925921875 0.30416666718749996 0.7925925921875 0.30416666718749996 0.8691358031249999 0.30416666718749996 0.9456790125 0.353472221875 0.9456790125 0.40277777812500004 0.9456790125
0 0.24722222187499998 0.9925925921875001 0.24722222187499998 0.9012345671875 0.24722222187499998 0.8098765437500001 0.18194444375000002 0.8098765437500001 0.1166666671875 0.8098765437500001 0.1166666671875 0.9012345671875 0.1166666671875 0.9925925921875001 0.18194444375000002 0.9925925921875001 0.24722222187499998 0.9925925921875001
0 0.0986111109375 0.9925925921875001 0.0986111109375 0.9074074078125 0.0986111109375 0.8222222218749999 0.05 0.8222222218749999 0.0013888890625 0.8222222218749999 0.0013888890625 0.9074074078125 0.0013888890625 0.9925925921875001 0.05 0.9925925921875001 0.0986111109375 0.9925925921875001
3 0.51944444375 0.47654320937500005 0.51944444375 0.41604938281250003 0.51944444375 0.35555555625 0.47361111093749997 0.35555555625 0.427777778125 0.35555555625 0.427777778125 0.41604938281250003 0.427777778125 0.47654320937500005 0.47361111093749997 0.47654320937500005 0.51944444375 0.47654320937500005
3 0.6347222218749999 0.6395061734375 0.6347222218749999 0.5679012343750001 0.6347222218749999 0.49629629687500004 0.559722221875 0.49629629687500004 0.48472222187499997 0.49629629687500004 0.48472222187499997 0.5679012343750001 0.48472222187499997 0.6395061734375 0.559722221875 0.6395061734375 0.6347222218749999 0.6395061734375
3 0.4166666671875 0.1753086421875 0.4166666671875 0.130864196875 0.4166666671875 0.086419753125 0.39097222187499997 0.086419753125 0.365277778125 0.086419753125 0.365277778125 0.130864196875 0.365277778125 0.1753086421875 0.39097222187499997 0.1753086421875 0.4166666671875 0.1753086421875
1 0.7458333328125 0.6123456796875 0.7458333328125 0.5617283953125 0.7458333328125 0.5111111109375 0.6875 0.5111111109375 0.6291666671875 0.5111111109375 0.6291666671875 0.5617283953125 0.6291666671875 0.6123456796875 0.6875 0.6123456796875 0.7458333328125 0.6123456796875
1 0.9708333328125001 0.42222222187499997 0.9708333328125001 0.3061728390625 0.9708333328125001 0.19012345625 0.909722221875 0.19012345625 0.8486111109375001 0.19012345625 0.8486111109375001 0.3061728390625 0.8486111109375001 0.42222222187499997 0.909722221875 0.42222222187499997 0.9708333328125001 0.42222222187499997
1 0.6944444437499999 0.2716049375 0.6944444437499999 0.21728394999999998 0.6944444437499999 0.1629629625 0.6326388890625 0.1629629625 0.5708333328124999 0.1629629625 0.5708333328124999 0.21728394999999998 0.5708333328124999 0.2716049375 0.6326388890625 0.2716049375 0.6944444437499999 0.2716049375
2 0.60694444375 0.676543209375 0.60694444375 0.6555555562500001 0.60694444375 0.6345679015625 0.5833333328125 0.6345679015625 0.559722221875 0.6345679015625 0.559722221875 0.6555555562500001 0.559722221875 0.676543209375 0.5833333328125 0.676543209375 0.60694444375 0.676543209375