1 0.65 0.2469135796875 0.65 0.16419753125 0.65 0.08148148125 0.6347222218749999 0.08148148125 0.61944444375 0.08148148125 0.61944444375 0.16419753125 0.61944444375 0.2469135796875 0.6347222218749999 0.2469135796875 0.65 0.2469135796875
1 0.6791666671875001 0.7975308640625001 0.6791666671875001 0.7074074078125 0.6791666671875001 0.61728395 0.64375 0.61728395 0.6083333328125 0.61728395 0.6083333328125 0.7074074078125 0.6083333328125 0.7975308640625001 0.64375 0.7975308640625001 0.6791666671875001 0.7975308640625001
3 0.6 0.767901234375 0.6 0.69012345625 0.6 0.6123456796875 0.5618055562500001 0.6123456796875 0.5236111109375 0.6123456796875 0.5236111109375 0.69012345625 0.5236111109375 0.767901234375 0.5618055562500001 0.767901234375 0.6 0.767901234375
3 0.5944444437499999 0.6123456796875 0.5944444437499999 0.5432098765625 0.5944444437499999 0.47407407343749997 0.5631944437499999 0.47407407343749997 0.5319444437499999 0.47407407343749997 0.5319444437499999 0.5432098765625 0.5319444437499999 0.6123456796875 0.5631944437499999 0.6123456796875 0.5944444437499999 0.6123456796875
3 0.734722221875 0.53580246875 0.734722221875 0.4148148140625 0.734722221875 0.2938271609375 0.6888888890625 0.2938271609375 0.64305555625 0.2938271609375 0.64305555625 0.4148148140625 0.64305555625 0.53580246875 0.6888888890625 0.53580246875 0.734722221875 0.53580246875
3 0.3888888890625 0.259259259375 0.3888888890625 0.1604938265625 0.3888888890625 0.061728395312499997 0.30555555624999997 0.061728395312499997 0.222222221875 0.061728395312499997 0.222222221875 0.1604938265625 0.222222221875 0.259259259375 0.30555555624999997 0.259259259375 0.3888888890625 0.259259259375
0 0.6625 0.9925925921875001 0.6625 0.896296296875 0.6625 0.8 0.6104166671875 0.8 0.5583333328125 0.8 0.5583333328125 0.896296296875 0.5583333328125 0.9925925921875001 0.6104166671875 0.9925925921875001 0.6625 0.9925925921875001
0 0.5125 0.8123456796875 0.5125 0.7259259265625 0.5125 0.6395061734375 0.46666666718750005 0.6395061734375 0.42083333281249996 0.6395061734375 0.42083333281249996 0.7259259265625 0.42083333281249996 0.8123456796875 0.46666666718750005 0.8123456796875 0.5125 0.8123456796875
0 0.35694444375 0.896296296875 0.35694444375 0.7790123453125 0.35694444375 0.6617283953124999 0.2916666671875 0.6617283953124999 0.22638888906250001 0.6617283953124999 0.22638888906250001 0.7790123453125 0.22638888906250001 0.896296296875 0.2916666671875 0.896296296875 0.35694444375 0.896296296875
0 0.34444444375 0.45432098749999994 0.34444444375 0.35925925937500003 0.34444444375 0.26419753125 0.28125 0.26419753125 0.21805555625 0.26419753125 0.21805555625 0.35925925937500003 0.21805555625 0.45432098749999994 0.28125 0.45432098749999994 0.34444444375 0.45432098749999994
0 0.23472222187499997 0.23456790156250001 0.23472222187499997 0.12716049375 0.23472222187499997 0.0197530859375 0.1451388890625 0.0197530859375 0.055555556250000006 0.0197530859375 0.055555556250000006 0.12716049375 0.055555556250000006 0.23456790156250001 0.1451388890625 0.23456790156250001 0.23472222187499997 0.23456790156250001