0 0.17361111093749998 0.26419753125 0.17361111093749998 0.21728394999999998 0.17361111093749998 0.1703703703125 0.13680555625 0.1703703703125 0.1 0.1703703703125 0.1 0.21728394999999998 0.1 0.26419753125 0.13680555625 0.26419753125 0.17361111093749998 0.26419753125
0 0.415277778125 0.4148148140625 0.415277778125 0.3543209875 0.415277778125 0.2938271609375 0.38333333281250004 0.2938271609375 0.3513888890625 0.2938271609375 0.3513888890625 0.3543209875 0.3513888890625 0.4148148140625 0.38333333281250004 0.4148148140625 0.415277778125 0.4148148140625
0 0.42083333281249996 0.669135803125 0.42083333281249996 0.6 0.42083333281249996 0.530864196875 0.377777778125 0.530864196875 0.334722221875 0.530864196875 0.334722221875 0.6 0.334722221875 0.669135803125 0.377777778125 0.669135803125 0.42083333281249996 0.669135803125
0 0.5736111109375 0.2716049375 0.5736111109375 0.2197530859375 0.5736111109375 0.16790123437499999 0.54444444375 0.16790123437499999 0.515277778125 0.16790123437499999 0.515277778125 0.2197530859375 0.515277778125 0.2716049375 0.54444444375 0.2716049375 0.5736111109375 0.2716049375
0 0.497222221875 0.44197530937499996 0.497222221875 0.3987654328125 0.497222221875 0.35555555625 0.465972221875 0.35555555625 0.434722221875 0.35555555625 0.434722221875 0.3987654328125 0.434722221875 0.44197530937499996 0.465972221875 0.44197530937499996 0.497222221875 0.44197530937499996
0 0.5097222218749999 0.5654320984375001 0.5097222218749999 0.5160493828125 0.5097222218749999 0.46666666718750005 0.47291666718750003 0.46666666718750005 0.4361111109375 0.46666666718750005 0.4361111109375 0.5160493828125 0.4361111109375 0.5654320984375001 0.47291666718750003 0.5654320984375001 0.5097222218749999 0.5654320984375001
0 0.61944444375 0.5703703703125 0.61944444375 0.5148148140625 0.61944444375 0.459259259375 0.5826388890625 0.459259259375 0.5458333328125 0.459259259375 0.5458333328125 0.5148148140625 0.5458333328125 0.5703703703125 0.5826388890625 0.5703703703125 0.61944444375 0.5703703703125
0 0.575 0.7061728390625001 0.575 0.6456790125 0.575 0.5851851859375 0.53680555625 0.5851851859375 0.4986111109375 0.5851851859375 0.4986111109375 0.6456790125 0.4986111109375 0.7061728390625001 0.53680555625 0.7061728390625001 0.575 0.7061728390625001
0 0.6888888890625 0.46419753124999996 0.6888888890625 0.42716049375000004 0.6888888890625 0.39012345625 0.66180555625 0.39012345625 0.6347222218749999 0.39012345625 0.6347222218749999 0.42716049375000004 0.6347222218749999 0.46419753124999996 0.66180555625 0.46419753124999996 0.6888888890625 0.46419753124999996
0 0.7041666671875 0.7333333328125 0.7041666671875 0.68271605 0.7041666671875 0.632098765625 0.66875 0.632098765625 0.6333333328124999 0.632098765625 0.6333333328124999 0.68271605 0.6333333328124999 0.7333333328125 0.66875 0.7333333328125 0.7041666671875 0.7333333328125
0 0.8138888890624999 0.8271604937499999 0.8138888890624999 0.7703703703125 0.8138888890624999 0.713580246875 0.778472221875 0.713580246875 0.7430555562500001 0.713580246875 0.7430555562500001 0.7703703703125 0.7430555562500001 0.8271604937499999 0.778472221875 0.8271604937499999 0.8138888890624999 0.8271604937499999
0 0.4513888890625 0.11358024687499998 0.4513888890625 0.0703703703125 0.4513888890625 0.027160493749999997 0.427777778125 0.027160493749999997 0.40416666718750005 0.027160493749999997 0.40416666718750005 0.0703703703125 0.40416666718750005 0.11358024687499998 0.427777778125 0.11358024687499998 0.4513888890625 0.11358024687499998
3 0.9388888890624999 0.9333333328125001 0.9388888890624999 0.85555555625 0.9388888890624999 0.777777778125 0.89305555625 0.777777778125 0.847222221875 0.777777778125 0.847222221875 0.85555555625 0.847222221875 0.9333333328125001 0.89305555625 0.9333333328125001 0.9388888890624999 0.9333333328125001
1 0.6347222218749999 0.367901234375 0.6347222218749999 0.3061728390625 0.6347222218749999 0.24444444375000002 0.60694444375 0.24444444375000002 0.5791666671875 0.24444444375000002 0.5791666671875 0.3061728390625 0.5791666671875 0.367901234375 0.60694444375 0.367901234375 0.6347222218749999 0.367901234375
1 0.659722221875 0.8543209875000001 0.659722221875 0.7617283953125 0.659722221875 0.669135803125 0.628472221875 0.669135803125 0.597222221875 0.669135803125 0.597222221875 0.7617283953125 0.597222221875 0.8543209875000001 0.628472221875 0.8543209875000001 0.659722221875 0.8543209875000001
1 0.652777778125 0.558024690625 0.652777778125 0.48148148125 0.652777778125 0.40493827187500003 0.6111111109375 0.40493827187500003 0.5694444437499999 0.40493827187500003 0.5694444437499999 0.48148148125 0.5694444437499999 0.558024690625 0.6111111109375 0.558024690625 0.652777778125 0.558024690625