0 0.38055555625 0.340740740625 0.38055555625 0.249382715625 0.38055555625 0.158024690625 0.31319444375 0.158024690625 0.24583333281250003 0.158024690625 0.24583333281250003 0.249382715625 0.24583333281250003 0.340740740625 0.31319444375 0.340740740625 0.38055555625 0.340740740625
0 0.1361111109375 0.36296296250000004 0.1361111109375 0.269135803125 0.1361111109375 0.1753086421875 0.078472221875 0.1753086421875 0.0208333328125 0.1753086421875 0.0208333328125 0.269135803125 0.0208333328125 0.36296296250000004 0.078472221875 0.36296296250000004 0.1361111109375 0.36296296250000004
0 0.6388888890625 0.1629629625 0.6388888890625 0.095061728125 0.6388888890625 0.027160493749999997 0.5986111109375 0.027160493749999997 0.5583333328125 0.027160493749999997 0.5583333328125 0.095061728125 0.5583333328125 0.1629629625 0.5986111109375 0.1629629625 0.6388888890625 0.1629629625
0 0.7875 0.6567901234375 0.7875 0.5432098765625 0.7875 0.4296296296875 0.727777778125 0.4296296296875 0.66805555625 0.4296296296875 0.66805555625 0.5432098765625 0.66805555625 0.6567901234375 0.727777778125 0.6567901234375 0.7875 0.6567901234375
0 0.9333333328125001 0.950617284375 0.9333333328125001 0.8629629624999999 0.9333333328125001 0.7753086421875001 0.8791666671874999 0.7753086421875001 0.825 0.7753086421875001 0.825 0.8629629624999999 0.825 0.950617284375 0.8791666671874999 0.950617284375 0.9333333328125001 0.950617284375
0 0.54444444375 0.841975309375 0.54444444375 0.758024690625 0.54444444375 0.6740740734374999 0.48819444375 0.6740740734374999 0.43194444374999996 0.6740740734374999 0.43194444374999996 0.758024690625 0.43194444374999996 0.841975309375 0.48819444375 0.841975309375 0.54444444375 0.841975309375
2 0.565277778125 0.350617284375 0.565277778125 0.30740740781250003 0.565277778125 0.26419753125 0.5388888890625 0.26419753125 0.5125 0.26419753125 0.5125 0.30740740781250003 0.5125 0.350617284375 0.5388888890625 0.350617284375 0.565277778125 0.350617284375
3 0.30694444375 0.804938271875 0.30694444375 0.722222221875 0.30694444375 0.6395061734375 0.2541666671875 0.6395061734375 0.20138888906250002 0.6395061734375 0.20138888906250002 0.722222221875 0.20138888906250002 0.804938271875 0.2541666671875 0.804938271875 0.30694444375 0.804938271875
3 0.13194444375 0.8 0.13194444375 0.7345679015625 0.13194444375 0.669135803125 0.0951388890625 0.669135803125 0.058333332812500006 0.669135803125 0.058333332812500006 0.7345679015625 0.058333332812500006 0.8 0.0951388890625 0.8 0.13194444375 0.8
3 0.1861111109375 0.9209876546875 0.1861111109375 0.8469135796874999 0.1861111109375 0.77283950625 0.146527778125 0.77283950625 0.10694444375 0.77283950625 0.10694444375 0.8469135796874999 0.10694444375 0.9209876546875 0.146527778125 0.9209876546875 0.1861111109375 0.9209876546875
3 0.9388888890624999 0.53580246875 0.9388888890624999 0.43456790156249997 0.9388888890624999 0.3333333328125 0.8875 0.3333333328125 0.8361111109375001 0.3333333328125 0.8361111109375001 0.43456790156249997 0.8361111109375001 0.53580246875 0.8875 0.53580246875 0.9388888890624999 0.53580246875
2 0.7513888890625 0.2518518515625 0.7513888890625 0.21111111093749999 0.7513888890625 0.1703703703125 0.725 0.1703703703125 0.6986111109375 0.1703703703125 0.6986111109375 0.21111111093749999 0.6986111109375 0.2518518515625 0.725 0.2518518515625 0.7513888890625 0.2518518515625