2 0.40694444374999994 0.5432098765625 0.40694444374999994 0.45679012343750003 0.40694444374999994 0.3703703703125 0.3541666671875 0.3703703703125 0.3013888890625 0.3703703703125 0.3013888890625 0.45679012343750003 0.3013888890625 0.5432098765625 0.3541666671875 0.5432098765625 0.40694444374999994 0.5432098765625
0 0.26944444375 1 0.26944444375 0.8888888890625 0.26944444375 0.777777778125 0.21111111093749999 0.777777778125 0.15277777812499999 0.777777778125 0.15277777812499999 0.8888888890625 0.15277777812499999 1 0.21111111093749999 1 0.26944444375 1
3 0.147222221875 0.9975308640625 0.147222221875 0.8654320984374999 0.147222221875 0.7333333328125 0.0770833328125 0.7333333328125 0.006944443749999999 0.7333333328125 0.006944443749999999 0.8654320984374999 0.006944443749999999 0.9975308640625 0.0770833328125 0.9975308640625 0.147222221875 0.9975308640625
3 0.45416666718750004 0.86419753125 0.45416666718750004 0.704938271875 0.45416666718750004 0.5456790125000001 0.38819444375 0.5456790125000001 0.322222221875 0.5456790125000001 0.322222221875 0.704938271875 0.322222221875 0.86419753125 0.38819444375 0.86419753125 0.45416666718750004 0.86419753125
3 0.65 0.8074074078125 0.65 0.704938271875 0.65 0.6024691359375 0.6020833328124999 0.6024691359375 0.5541666671875001 0.6024691359375 0.5541666671875001 0.704938271875 0.5541666671875001 0.8074074078125 0.6020833328124999 0.8074074078125 0.65 0.8074074078125
1 0.5625 0.18271605 0.5625 0.0925925921875 0.5625 0.0024691359375 0.53125 0.0024691359375 0.5 0.0024691359375 0.5 0.0925925921875 0.5 0.18271605 0.53125 0.18271605 0.5625 0.18271605
1 0.6333333328124999 0.4370370375 0.6333333328124999 0.2925925921875 0.6333333328124999 0.1481481484375 0.6006944437499999 0.1481481484375 0.56805555625 0.1481481484375 0.56805555625 0.2925925921875 0.56805555625 0.4370370375 0.6006944437499999 0.4370370375 0.6333333328124999 0.4370370375
1 0.76805555625 0.9481481484375 0.76805555625 0.8098765437500001 0.76805555625 0.6716049374999999 0.7354166671875 0.6716049374999999 0.702777778125 0.6716049374999999 0.702777778125 0.8098765437500001 0.702777778125 0.9481481484375 0.7354166671875 0.9481481484375 0.76805555625 0.9481481484375
3 0.33194444375 0.2518518515625 0.33194444375 0.18271605 0.33194444375 0.11358024687499998 0.2916666671875 0.11358024687499998 0.2513888890625 0.11358024687499998 0.2513888890625 0.18271605 0.2513888890625 0.2518518515625 0.2916666671875 0.2518518515625 0.33194444375 0.2518518515625
3 0.652777778125 0.1753086421875 0.652777778125 0.1197530859375 0.652777778125 0.06419753125 0.609722221875 0.06419753125 0.5666666671875 0.06419753125 0.5666666671875 0.1197530859375 0.5666666671875 0.1753086421875 0.609722221875 0.1753086421875 0.652777778125 0.1753086421875
2 0.3875 1 0.3875 0.9703703703125001 0.3875 0.940740740625 0.3708333328125 0.940740740625 0.3541666671875 0.940740740625 0.3541666671875 0.9703703703125001 0.3541666671875 1 0.3708333328125 1 0.3875 1