1 0.4861111109375 0.05679012343749999 0.4861111109375 0.0296296296875 0.4861111109375 0.0024691359375 0.43541666718750005 0.0024691359375 0.384722221875 0.0024691359375 0.384722221875 0.0296296296875 0.384722221875 0.05679012343749999 0.43541666718750005 0.05679012343749999 0.4861111109375 0.05679012343749999
1 0.665277778125 0.432098765625 0.665277778125 0.3481481484375 0.665277778125 0.26419753125 0.6048611109375 0.26419753125 0.54444444375 0.26419753125 0.54444444375 0.3481481484375 0.54444444375 0.432098765625 0.6048611109375 0.432098765625 0.665277778125 0.432098765625
1 0.7625 0.5925925921874999 0.7625 0.5259259265625 0.7625 0.459259259375 0.68194444375 0.459259259375 0.6013888890625 0.459259259375 0.6013888890625 0.5259259265625 0.6013888890625 0.5925925921874999 0.68194444375 0.5925925921874999 0.7625 0.5925925921874999
3 0.5888888890625 0.88148148125 0.5888888890625 0.8074074078125 0.5888888890625 0.7333333328125 0.5576388890625 0.7333333328125 0.5263888890625 0.7333333328125 0.5263888890625 0.8074074078125 0.5263888890625 0.88148148125 0.5576388890625 0.88148148125 0.5888888890625 0.88148148125
3 0.8680555562500001 1 0.8680555562500001 0.8975308640625 0.8680555562500001 0.795061728125 0.7854166671875 0.795061728125 0.702777778125 0.795061728125 0.702777778125 0.8975308640625 0.702777778125 1 0.7854166671875 1 0.8680555562500001 1
3 0.6833333328125 0.7703703703125 0.6833333328125 0.6839506171874999 0.6833333328125 0.5975308640625 0.6298611109375 0.5975308640625 0.5763888890625 0.5975308640625 0.5763888890625 0.6839506171874999 0.5763888890625 0.7703703703125 0.6298611109375 0.7703703703125 0.6833333328125 0.7703703703125
3 0.6291666671875 0.20987654375 0.6291666671875 0.13333333281249998 0.6291666671875 0.05679012343749999 0.5833333328125 0.05679012343749999 0.5375 0.05679012343749999 0.5375 0.13333333281249998 0.5375 0.20987654375 0.5833333328125 0.20987654375 0.6291666671875 0.20987654375
3 0.5319444437499999 0.40987654375 0.5319444437499999 0.322222221875 0.5319444437499999 0.23456790156250001 0.47291666718750003 0.23456790156250001 0.4138888890625 0.23456790156250001 0.4138888890625 0.322222221875 0.4138888890625 0.40987654375 0.47291666718750003 0.40987654375 0.5319444437499999 0.40987654375
3 0.4291666671875 0.5876543203125 0.4291666671875 0.458024690625 0.4291666671875 0.3283950625 0.3583333328125 0.3283950625 0.2875 0.3283950625 0.2875 0.458024690625 0.2875 0.5876543203125 0.3583333328125 0.5876543203125 0.4291666671875 0.5876543203125
3 0.24583333281250003 0.6888888890625 0.24583333281250003 0.5753086421875 0.24583333281250003 0.4617283953125 0.178472221875 0.4617283953125 0.1111111109375 0.4617283953125 0.1111111109375 0.5753086421875 0.1111111109375 0.6888888890625 0.178472221875 0.6888888890625 0.24583333281250003 0.6888888890625
0 0.372222221875 0.313580246875 0.372222221875 0.2617283953125 0.372222221875 0.20987654375 0.33680555624999997 0.20987654375 0.3013888890625 0.20987654375 0.3013888890625 0.2617283953125 0.3013888890625 0.313580246875 0.33680555624999997 0.313580246875 0.372222221875 0.313580246875
0 0.5388888890625 0.2469135796875 0.5388888890625 0.16790123437499999 0.5388888890625 0.0888888890625 0.49652777812500004 0.0888888890625 0.45416666718750004 0.0888888890625 0.45416666718750004 0.16790123437499999 0.45416666718750004 0.2469135796875 0.49652777812500004 0.2469135796875 0.5388888890625 0.2469135796875
0 0.40555555625000006 0.19012345625 0.40555555625000006 0.1148148140625 0.40555555625000006 0.0395061734375 0.3583333328125 0.0395061734375 0.3111111109375 0.0395061734375 0.3111111109375 0.1148148140625 0.3111111109375 0.19012345625 0.3583333328125 0.19012345625 0.40555555625000006 0.19012345625
0 0.290277778125 0.150617284375 0.290277778125 0.076543209375 0.290277778125 0.0024691359375 0.23472222187499997 0.0024691359375 0.17916666718750002 0.0024691359375 0.17916666718750002 0.076543209375 0.17916666718750002 0.150617284375 0.23472222187499997 0.150617284375 0.290277778125 0.150617284375
0 0.1513888890625 0.2370370375 0.1513888890625 0.1543209875 0.1513888890625 0.0716049375 0.0923611109375 0.0716049375 0.0333333328125 0.0716049375 0.0333333328125 0.1543209875 0.0333333328125 0.2370370375 0.0923611109375 0.2370370375 0.1513888890625 0.2370370375