0 0.29444444375 0.5950617281249999 0.29444444375 0.5049382718750001 0.29444444375 0.4148148140625 0.24375 0.4148148140625 0.19305555624999998 0.4148148140625 0.19305555624999998 0.5049382718750001 0.19305555624999998 0.5950617281249999 0.24375 0.5950617281249999 0.29444444375 0.5950617281249999
0 0.38194444375000003 0.13333333281249998 0.38194444375000003 0.06913580312499999 0.38194444375000003 0.004938271875 0.34305555625 0.004938271875 0.30416666718749996 0.004938271875 0.30416666718749996 0.06913580312499999 0.30416666718749996 0.13333333281249998 0.34305555625 0.13333333281249998 0.38194444375000003 0.13333333281249998
0 0.5708333328124999 0.6148148140624999 0.5708333328124999 0.5481481484375 0.5708333328124999 0.48148148125 0.534722221875 0.48148148125 0.4986111109375 0.48148148125 0.4986111109375 0.5481481484375 0.4986111109375 0.6148148140624999 0.534722221875 0.6148148140624999 0.5708333328124999 0.6148148140624999
0 0.5111111109375 0.723456790625 0.5111111109375 0.6617283953124999 0.5111111109375 0.6 0.478472221875 0.6 0.4458333328125 0.6 0.4458333328125 0.6617283953124999 0.4458333328125 0.723456790625 0.478472221875 0.723456790625 0.5111111109375 0.723456790625
0 0.44305555625000004 0.95555555625 0.44305555625000004 0.886419753125 0.44305555625000004 0.81728395 0.4076388890625 0.81728395 0.372222221875 0.81728395 0.372222221875 0.886419753125 0.372222221875 0.95555555625 0.4076388890625 0.95555555625 0.44305555625000004 0.95555555625
0 0.540277778125 1 0.540277778125 0.9432098765625 0.540277778125 0.886419753125 0.5020833328125 0.886419753125 0.46388888906250003 0.886419753125 0.46388888906250003 0.9432098765625 0.46388888906250003 1 0.5020833328125 1 0.540277778125 1
0 0.6791666671875001 1 0.6791666671875001 0.9481481484375 0.6791666671875001 0.896296296875 0.6291666671875 0.896296296875 0.5791666671875 0.896296296875 0.5791666671875 0.9481481484375 0.5791666671875 1 0.6291666671875 1 0.6791666671875001 1
3 0.5513888890625 0.4469135796875 0.5513888890625 0.3851851859375 0.5513888890625 0.323456790625 0.5125 0.323456790625 0.47361111093749997 0.323456790625 0.47361111093749997 0.3851851859375 0.47361111093749997 0.4469135796875 0.5125 0.4469135796875 0.5513888890625 0.4469135796875
3 0.5694444437499999 0.286419753125 0.5694444437499999 0.2246913578125 0.5694444437499999 0.1629629625 0.5395833328124999 0.1629629625 0.5097222218749999 0.1629629625 0.5097222218749999 0.2246913578125 0.5097222218749999 0.286419753125 0.5395833328124999 0.286419753125 0.5694444437499999 0.286419753125
3 0.63055555625 0.1654320984375 0.63055555625 0.11851851875 0.63055555625 0.0716049375 0.602777778125 0.0716049375 0.575 0.0716049375 0.575 0.11851851875 0.575 0.1654320984375 0.602777778125 0.1654320984375 0.63055555625 0.1654320984375
0 0.440277778125 0.6716049374999999 0.440277778125 0.6024691359375 0.440277778125 0.5333333328125 0.4 0.5333333328125 0.35972222187499997 0.5333333328125 0.35972222187499997 0.6024691359375 0.35972222187499997 0.6716049374999999 0.4 0.6716049374999999 0.440277778125 0.6716049374999999