0 0.2638888890625 0.5481481484375 0.2638888890625 0.4876543203125 0.2638888890625 0.42716049375000004 0.22569444375 0.42716049375000004 0.1875 0.42716049375000004 0.1875 0.4876543203125 0.1875 0.5481481484375 0.22569444375 0.5481481484375 0.2638888890625 0.5481481484375
0 0.4166666671875 0.6987654328125 0.4166666671875 0.6246913578125 0.4166666671875 0.550617284375 0.37430555625 0.550617284375 0.33194444375 0.550617284375 0.33194444375 0.6246913578125 0.33194444375 0.6987654328125 0.37430555625 0.6987654328125 0.4166666671875 0.6987654328125
0 0.5388888890625 0.9061728390624999 0.5388888890625 0.823456790625 0.5388888890625 0.740740740625 0.4986111109375 0.740740740625 0.4583333328125 0.740740740625 0.4583333328125 0.823456790625 0.4583333328125 0.9061728390624999 0.4986111109375 0.9061728390624999 0.5388888890625 0.9061728390624999
0 0.20555555625 0.7851851859375001 0.20555555625 0.7259259265625 0.20555555625 0.6666666671875 0.1708333328125 0.6666666671875 0.1361111109375 0.6666666671875 0.1361111109375 0.7259259265625 0.1361111109375 0.7851851859375001 0.1708333328125 0.7851851859375001 0.20555555625 0.7851851859375001
0 0.0916666671875 0.8987654328125 0.0916666671875 0.8123456796875 0.0916666671875 0.7259259265625 0.047222221875 0.7259259265625 0.002777778125 0.7259259265625 0.002777778125 0.8123456796875 0.002777778125 0.8987654328125 0.047222221875 0.8987654328125 0.0916666671875 0.8987654328125
0 0.13333333281249998 1 0.13333333281249998 0.95555555625 0.13333333281249998 0.9111111109375001 0.0826388890625 0.9111111109375001 0.03194444375 0.9111111109375001 0.03194444375 0.95555555625 0.03194444375 1 0.0826388890625 1 0.13333333281249998 1
0 0.290277778125 0.9530864203125 0.290277778125 0.8679012343749999 0.290277778125 0.78271605 0.2451388890625 0.78271605 0.2 0.78271605 0.2 0.8679012343749999 0.2 0.9530864203125 0.2451388890625 0.9530864203125 0.290277778125 0.9530864203125
0 0.24583333281250003 0.286419753125 0.24583333281250003 0.22098765468749998 0.24583333281250003 0.15555555625 0.20972222187499998 0.15555555625 0.17361111093749998 0.15555555625 0.17361111093749998 0.22098765468749998 0.17361111093749998 0.286419753125 0.20972222187499998 0.286419753125 0.24583333281250003 0.286419753125
0 0.334722221875 0.204938271875 0.334722221875 0.1530864203125 0.334722221875 0.10123456718749999 0.302777778125 0.10123456718749999 0.2708333328125 0.10123456718749999 0.2708333328125 0.1530864203125 0.2708333328125 0.204938271875 0.302777778125 0.204938271875 0.334722221875 0.204938271875
0 0.24305555625 0.13580246875 0.24305555625 0.08395061718749999 0.24305555625 0.032098765625 0.209027778125 0.032098765625 0.175 0.032098765625 0.175 0.08395061718749999 0.175 0.13580246875 0.209027778125 0.13580246875 0.24305555625 0.13580246875
0 0.33055555625 0.06913580312499999 0.33055555625 0.037037037499999995 0.33055555625 0.004938271875 0.30416666718749996 0.004938271875 0.27777777812500004 0.004938271875 0.27777777812500004 0.037037037499999995 0.27777777812500004 0.06913580312499999 0.30416666718749996 0.06913580312499999 0.33055555625 0.06913580312499999
0 0.47222222187499996 0.1061728390625 0.47222222187499996 0.055555556250000006 0.47222222187499996 0.004938271875 0.446527778125 0.004938271875 0.42083333281249996 0.004938271875 0.42083333281249996 0.055555556250000006 0.42083333281249996 0.1061728390625 0.446527778125 0.1061728390625 0.47222222187499996 0.1061728390625
3 0.20277777812500003 0.3925925921875 0.20277777812500003 0.3345679015625 0.20277777812500003 0.276543209375 0.16875 0.276543209375 0.134722221875 0.276543209375 0.134722221875 0.3345679015625 0.134722221875 0.3925925921875 0.16875 0.3925925921875 0.20277777812500003 0.3925925921875
3 0.3111111109375 0.3703703703125 0.3111111109375 0.330864196875 0.3111111109375 0.29135802499999996 0.28194444375 0.29135802499999996 0.252777778125 0.29135802499999996 0.252777778125 0.330864196875 0.252777778125 0.3703703703125 0.28194444375 0.3703703703125 0.3111111109375 0.3703703703125
3 0.49444444374999996 0.42469135781249995 0.49444444374999996 0.38271605000000003 0.49444444374999996 0.340740740625 0.471527778125 0.340740740625 0.4486111109375 0.340740740625 0.4486111109375 0.38271605000000003 0.4486111109375 0.42469135781249995 0.471527778125 0.42469135781249995 0.49444444374999996 0.42469135781249995
3 0.42083333281249996 0.10370370312499999 0.42083333281249996 0.06913580312499999 0.42083333281249996 0.034567901562499996 0.39930555624999997 0.034567901562499996 0.377777778125 0.034567901562499996 0.377777778125 0.06913580312499999 0.377777778125 0.10370370312499999 0.39930555624999997 0.10370370312499999 0.42083333281249996 0.10370370312499999
3 0.31944444375000003 0.6790123453125 0.31944444375000003 0.61851851875 0.31944444375000003 0.558024690625 0.2854166671875 0.558024690625 0.2513888890625 0.558024690625 0.2513888890625 0.61851851875 0.2513888890625 0.6790123453125 0.2854166671875 0.6790123453125 0.31944444375000003 0.6790123453125
1 0.7333333328125 0.7703703703125 0.7333333328125 0.6740740734374999 0.7333333328125 0.577777778125 0.65625 0.577777778125 0.5791666671875 0.577777778125 0.5791666671875 0.6740740734374999 0.5791666671875 0.7703703703125 0.65625 0.7703703703125 0.7333333328125 0.7703703703125
2 0.48333333281249996 0.7160493828125001 0.48333333281249996 0.686419753125 0.48333333281249996 0.6567901234375 0.46875 0.6567901234375 0.45416666718750004 0.6567901234375 0.45416666718750004 0.686419753125 0.45416666718750004 0.7160493828125001 0.46875 0.7160493828125001 0.48333333281249996 0.7160493828125001