0 0.14305555625 0.1654320984375 0.14305555625 0.0888888890625 0.14305555625 0.0123456796875 0.0951388890625 0.0123456796875 0.047222221875 0.0123456796875 0.047222221875 0.0888888890625 0.047222221875 0.1654320984375 0.0951388890625 0.1654320984375 0.14305555625 0.1654320984375
0 0.16944444375 0.367901234375 0.16944444375 0.2888888890625 0.16944444375 0.20987654375 0.121527778125 0.20987654375 0.0736111109375 0.20987654375 0.0736111109375 0.2888888890625 0.0736111109375 0.367901234375 0.121527778125 0.367901234375 0.16944444375 0.367901234375
0 0.15694444375 0.5604938265625 0.15694444375 0.4839506171875 0.15694444375 0.4074074078125 0.11388888906250001 0.4074074078125 0.07083333281250001 0.4074074078125 0.07083333281250001 0.4839506171875 0.07083333281250001 0.5604938265625 0.11388888906250001 0.5604938265625 0.15694444375 0.5604938265625
0 0.5833333328125 0.249382715625 0.5833333328125 0.1753086421875 0.5833333328125 0.10123456718749999 0.54305555625 0.10123456718749999 0.502777778125 0.10123456718749999 0.502777778125 0.1753086421875 0.502777778125 0.249382715625 0.54305555625 0.249382715625 0.5833333328125 0.249382715625
0 0.6666666671875 0.08148148125 0.6666666671875 0.041975309375 0.6666666671875 0.0024691359375 0.6229166671875 0.0024691359375 0.5791666671875 0.0024691359375 0.5791666671875 0.041975309375 0.5791666671875 0.08148148125 0.6229166671875 0.08148148125 0.6666666671875 0.08148148125
0 0.7361111109375 0.2 0.7361111109375 0.12222222187500001 0.7361111109375 0.04444444375 0.69305555625 0.04444444375 0.65 0.04444444375 0.65 0.12222222187500001 0.65 0.2 0.69305555625 0.2 0.7361111109375 0.2
0 0.702777778125 0.4617283953125 0.702777778125 0.3802469140625 0.702777778125 0.2987654328125 0.659027778125 0.2987654328125 0.6152777781250001 0.2987654328125 0.6152777781250001 0.3802469140625 0.6152777781250001 0.4617283953125 0.659027778125 0.4617283953125 0.702777778125 0.4617283953125
0 0.565277778125 0.47407407343749997 0.565277778125 0.3975308640625 0.565277778125 0.3209876546875 0.51319444375 0.3209876546875 0.4611111109375 0.3209876546875 0.4611111109375 0.3975308640625 0.4611111109375 0.47407407343749997 0.51319444375 0.47407407343749997 0.565277778125 0.47407407343749997
0 1 0.38271605000000003 0.94930555625 0.38271605000000003 0.8986111109375001 0.38271605000000003 0.8986111109375001 0.47283950625 0.8986111109375001 0.5629629625 0.94930555625 0.5629629625 1 0.5629629625 1 0.47283950625 1 0.38271605000000003
0 0.5361111109375 0.9580246906250001 0.5361111109375 0.8666666671875 0.5361111109375 0.7753086421875001 0.48333333281249996 0.7753086421875001 0.43055555625 0.7753086421875001 0.43055555625 0.8666666671875 0.43055555625 0.9580246906250001 0.48333333281249996 0.9580246906250001 0.5361111109375 0.9580246906250001
0 0.20833333281250002 0.9629629625 0.20833333281250002 0.8987654328125 0.20833333281250002 0.8345679015625 0.16944444375 0.8345679015625 0.13055555624999998 0.8345679015625 0.13055555624999998 0.8987654328125 0.13055555624999998 0.9629629625 0.16944444375 0.9629629625 0.20833333281250002 0.9629629625
3 0.24583333281250003 0.750617284375 0.24583333281250003 0.7 0.24583333281250003 0.649382715625 0.2173611109375 0.649382715625 0.1888888890625 0.649382715625 0.1888888890625 0.7 0.1888888890625 0.750617284375 0.2173611109375 0.750617284375 0.24583333281250003 0.750617284375
3 0.6166666671875001 0.7185185187500001 0.6166666671875001 0.6604938265625 0.6166666671875001 0.6024691359375 0.58194444375 0.6024691359375 0.547222221875 0.6024691359375 0.547222221875 0.6604938265625 0.547222221875 0.7185185187500001 0.58194444375 0.7185185187500001 0.6166666671875001 0.7185185187500001
3 0.872222221875 0.38765432031249997 0.872222221875 0.322222221875 0.872222221875 0.25679012343749996 0.8354166671875 0.25679012343749996 0.7986111109375 0.25679012343749996 0.7986111109375 0.322222221875 0.7986111109375 0.38765432031249997 0.8354166671875 0.38765432031249997 0.872222221875 0.38765432031249997
3 0.8041666671875 0.4197530859375 0.8041666671875 0.3296296296875 0.8041666671875 0.2395061734375 0.7548611109375 0.2395061734375 0.70555555625 0.2395061734375 0.70555555625 0.3296296296875 0.70555555625 0.4197530859375 0.7548611109375 0.4197530859375 0.8041666671875 0.4197530859375
3 0.490277778125 0.3111111109375 0.490277778125 0.25555555625 0.490277778125 0.2 0.45 0.2 0.40972222187499996 0.2 0.40972222187499996 0.25555555625 0.40972222187499996 0.3111111109375 0.45 0.3111111109375 0.490277778125 0.3111111109375