1 0.847222221875 0.12345679062499999 0.847222221875 0.06419753125 0.847222221875 0.004938271875 0.777777778125 0.004938271875 0.7083333328125 0.004938271875 0.7083333328125 0.06419753125 0.7083333328125 0.12345679062499999 0.777777778125 0.12345679062499999 0.847222221875 0.12345679062499999
2 0.215277778125 0.6543209875 0.215277778125 0.5987654328125 0.215277778125 0.5432098765625 0.1923611109375 0.5432098765625 0.16944444375 0.5432098765625 0.16944444375 0.5987654328125 0.16944444375 0.6543209875 0.1923611109375 0.6543209875 0.215277778125 0.6543209875
1 0.590277778125 0.7111111109375 0.590277778125 0.63580246875 0.590277778125 0.5604938265625 0.5381944437499999 0.5604938265625 0.4861111109375 0.5604938265625 0.4861111109375 0.63580246875 0.4861111109375 0.7111111109375 0.5381944437499999 0.7111111109375 0.590277778125 0.7111111109375
1 0.60555555625 0.558024690625 0.60555555625 0.5111111109375 0.60555555625 0.46419753124999996 0.5645833328125 0.46419753124999996 0.5236111109375 0.46419753124999996 0.5236111109375 0.5111111109375 0.5236111109375 0.558024690625 0.5645833328125 0.558024690625 0.60555555625 0.558024690625
1 0.425 0.313580246875 0.425 0.2148148140625 0.425 0.11604938281249999 0.40694444374999994 0.11604938281249999 0.3888888890625 0.11604938281249999 0.3888888890625 0.2148148140625 0.3888888890625 0.313580246875 0.40694444374999994 0.313580246875 0.425 0.313580246875
1 0.5125 0.4839506171875 0.5125 0.4074074078125 0.5125 0.330864196875 0.475 0.330864196875 0.4375 0.330864196875 0.4375 0.4074074078125 0.4375 0.4839506171875 0.475 0.4839506171875 0.5125 0.4839506171875
3 0.7194444437499999 0.38765432031249997 0.7194444437499999 0.3382716046875 0.7194444437499999 0.2888888890625 0.690972221875 0.2888888890625 0.6625 0.2888888890625 0.6625 0.3382716046875 0.6625 0.38765432031249997 0.690972221875 0.38765432031249997 0.7194444437499999 0.38765432031249997
3 0.6513888890625 0.28395061718750003 0.6513888890625 0.20370370312500002 0.6513888890625 0.12345679062499999 0.609722221875 0.12345679062499999 0.56805555625 0.12345679062499999 0.56805555625 0.20370370312500002 0.56805555625 0.28395061718750003 0.609722221875 0.28395061718750003 0.6513888890625 0.28395061718750003
3 0.40277777812500004 0.9012345671875 0.40277777812500004 0.8259259265625 0.40277777812500004 0.750617284375 0.365277778125 0.750617284375 0.32777777812500003 0.750617284375 0.32777777812500003 0.8259259265625 0.32777777812500003 0.9012345671875 0.365277778125 0.9012345671875 0.40277777812500004 0.9012345671875
0 0.5625 0.1432098765625 0.5625 0.07283950624999999 0.5625 0.0024691359375 0.5236111109375 0.0024691359375 0.48472222187499997 0.0024691359375 0.48472222187499997 0.07283950624999999 0.48472222187499997 0.1432098765625 0.5236111109375 0.1432098765625 0.5625 0.1432098765625
0 0.4583333328125 0.09629629687499999 0.4583333328125 0.050617284375 0.4583333328125 0.004938271875 0.4173611109375 0.004938271875 0.3763888890625 0.004938271875 0.3763888890625 0.050617284375 0.3763888890625 0.09629629687499999 0.4173611109375 0.09629629687499999 0.4583333328125 0.09629629687499999
0 0.3583333328125 0.3925925921875 0.3583333328125 0.33580246874999997 0.3583333328125 0.2790123453125 0.3145833328125 0.2790123453125 0.2708333328125 0.2790123453125 0.2708333328125 0.33580246874999997 0.2708333328125 0.3925925921875 0.3145833328125 0.3925925921875 0.3583333328125 0.3925925921875