3 1 0.7925925921875 0.95555555625 0.7925925921875 0.9111111109375001 0.7925925921875 0.9111111109375001 0.896296296875 0.9111111109375001 1 0.95555555625 1 1 1 1 0.896296296875 1 0.7925925921875
1 0.6388888890625 0.6148148140624999 0.6388888890625 0.5209876546875 0.6388888890625 0.42716049375000004 0.534027778125 0.42716049375000004 0.4291666671875 0.42716049375000004 0.4291666671875 0.5209876546875 0.4291666671875 0.6148148140624999 0.534027778125 0.6148148140624999 0.6388888890625 0.6148148140624999
0 0.4583333328125 0.9753086421875 0.4583333328125 0.8987654328125 0.4583333328125 0.8222222218749999 0.40555555625000006 0.8222222218749999 0.352777778125 0.8222222218749999 0.352777778125 0.8987654328125 0.352777778125 0.9753086421875 0.40555555625000006 0.9753086421875 0.4583333328125 0.9753086421875
0 0.40972222187499996 0.7160493828125001 0.40972222187499996 0.6382716046875 0.40972222187499996 0.5604938265625 0.37013888906250003 0.5604938265625 0.33055555625 0.5604938265625 0.33055555625 0.6382716046875 0.33055555625 0.7160493828125001 0.37013888906250003 0.7160493828125001 0.40972222187499996 0.7160493828125001
0 0.51805555625 0.296296296875 0.51805555625 0.2370370375 0.51805555625 0.177777778125 0.48194444374999995 0.177777778125 0.4458333328125 0.177777778125 0.4458333328125 0.2370370375 0.4458333328125 0.296296296875 0.48194444374999995 0.296296296875 0.51805555625 0.296296296875
0 0.609722221875 0.42469135781249995 0.609722221875 0.349382715625 0.609722221875 0.2740740734375 0.5576388890625 0.2740740734375 0.50555555625 0.2740740734375 0.50555555625 0.349382715625 0.50555555625 0.42469135781249995 0.5576388890625 0.42469135781249995 0.609722221875 0.42469135781249995
0 0.7638888890625 0.4617283953125 0.7638888890625 0.36666666718749996 0.7638888890625 0.2716049375 0.7020833328125 0.2716049375 0.640277778125 0.2716049375 0.640277778125 0.36666666718749996 0.640277778125 0.4617283953125 0.7020833328125 0.4617283953125 0.7638888890625 0.4617283953125
0 0.9638888890624999 0.44444444375 0.9638888890624999 0.349382715625 0.9638888890624999 0.2543209875 0.9076388890624999 0.2543209875 0.8513888890624999 0.2543209875 0.8513888890624999 0.349382715625 0.8513888890624999 0.44444444375 0.9076388890624999 0.44444444375 0.9638888890624999 0.44444444375
0 1 0.0296296296875 0.9444444437499999 0.0296296296875 0.8888888890625 0.0296296296875 0.8888888890625 0.1024691359375 0.8888888890625 0.1753086421875 0.9444444437499999 0.1753086421875 1 0.1753086421875 1 0.1024691359375 1 0.0296296296875
0 0.8513888890624999 0.2790123453125 0.8513888890624999 0.1888888890625 0.8513888890624999 0.0987654328125 0.7951388890625 0.0987654328125 0.7388888890625 0.0987654328125 0.7388888890625 0.1888888890625 0.7388888890625 0.2790123453125 0.7951388890625 0.2790123453125 0.8513888890624999 0.2790123453125
0 0.7041666671875 0.24197530937499998 0.7041666671875 0.1753086421875 0.7041666671875 0.10864197499999999 0.6583333328125 0.10864197499999999 0.6125 0.10864197499999999 0.6125 0.1753086421875 0.6125 0.24197530937499998 0.6583333328125 0.24197530937499998 0.7041666671875 0.24197530937499998
0 0.5486111109375 0.15555555625 0.5486111109375 0.0987654328125 0.5486111109375 0.041975309375 0.515277778125 0.041975309375 0.48194444374999995 0.041975309375 0.48194444374999995 0.0987654328125 0.48194444374999995 0.15555555625 0.515277778125 0.15555555625 0.5486111109375 0.15555555625