1 0.10555555624999999 0.6716049374999999 0.10555555624999999 0.5790123453125 0.10555555624999999 0.486419753125 0.054166667187499996 0.486419753125 0.002777778125 0.486419753125 0.002777778125 0.5790123453125 0.002777778125 0.6716049374999999 0.054166667187499996 0.6716049374999999 0.10555555624999999 0.6716049374999999
1 0.28611111093749997 0.10370370312499999 0.28611111093749997 0.05308642031250001 0.28611111093749997 0.0024691359375 0.252777778125 0.0024691359375 0.21944444375 0.0024691359375 0.21944444375 0.05308642031250001 0.21944444375 0.10370370312499999 0.252777778125 0.10370370312499999 0.28611111093749997 0.10370370312499999
1 0.4263888890625 0.19012345625 0.4263888890625 0.12345679062499999 0.4263888890625 0.05679012343749999 0.38333333281250004 0.05679012343749999 0.34027777812500004 0.05679012343749999 0.34027777812500004 0.12345679062499999 0.34027777812500004 0.19012345625 0.38333333281250004 0.19012345625 0.4263888890625 0.19012345625
1 0.5375 0.33580246874999997 0.5375 0.2617283953125 0.5375 0.1876543203125 0.497222221875 0.1876543203125 0.45694444375 0.1876543203125 0.45694444375 0.2617283953125 0.45694444375 0.33580246874999997 0.497222221875 0.33580246874999997 0.5375 0.33580246874999997
1 0.17916666718750002 0.38765432031249997 0.17916666718750002 0.296296296875 0.17916666718750002 0.204938271875 0.11875 0.204938271875 0.058333332812500006 0.204938271875 0.058333332812500006 0.296296296875 0.058333332812500006 0.38765432031249997 0.11875 0.38765432031249997 0.17916666718750002 0.38765432031249997
1 0.125 0.2370370375 0.125 0.1654320984375 0.125 0.0938271609375 0.071527778125 0.0938271609375 0.01805555625 0.0938271609375 0.01805555625 0.1654320984375 0.01805555625 0.2370370375 0.071527778125 0.2370370375 0.125 0.2370370375
1 0.22777777812500002 0.20246913593750002 0.22777777812500002 0.1604938265625 0.22777777812500002 0.11851851875 0.20138888906250002 0.11851851875 0.175 0.11851851875 0.175 0.1604938265625 0.175 0.20246913593750002 0.20138888906250002 0.20246913593750002 0.22777777812500002 0.20246913593750002
1 0.30694444375 0.350617284375 0.30694444375 0.2629629625 0.30694444375 0.1753086421875 0.2625 0.1753086421875 0.21805555625 0.1753086421875 0.21805555625 0.2629629625 0.21805555625 0.350617284375 0.2625 0.350617284375 0.30694444375 0.350617284375
1 0.3291666671875 0.59012345625 0.3291666671875 0.50987654375 0.3291666671875 0.4296296296875 0.290277778125 0.4296296296875 0.2513888890625 0.4296296296875 0.2513888890625 0.50987654375 0.2513888890625 0.59012345625 0.290277778125 0.59012345625 0.3291666671875 0.59012345625
1 0.43333333281249997 0.703703703125 0.43333333281249997 0.6209876546875 0.43333333281249997 0.5382716046875 0.39444444375 0.5382716046875 0.35555555625 0.5382716046875 0.35555555625 0.6209876546875 0.35555555625 0.703703703125 0.39444444375 0.703703703125 0.43333333281249997 0.703703703125
1 0.4916666671875 1 0.4916666671875 0.9012345671875 0.4916666671875 0.8024691359375 0.4375 0.8024691359375 0.38333333281250004 0.8024691359375 0.38333333281250004 0.9012345671875 0.38333333281250004 1 0.4375 1 0.4916666671875 1