0 0.125 0.9901234562499999 0.125 0.8938271609375 0.125 0.7975308640625001 0.07430555625 0.7975308640625001 0.0236111109375 0.7975308640625001 0.0236111109375 0.8938271609375 0.0236111109375 0.9901234562499999 0.07430555625 0.9901234562499999 0.125 0.9901234562499999
0 0.5236111109375 1 0.5236111109375 0.8938271609375 0.5236111109375 0.7876543203125 0.4625 0.7876543203125 0.40138888906250003 0.7876543203125 0.40138888906250003 0.8938271609375 0.40138888906250003 1 0.4625 1 0.5236111109375 1
0 0.86944444375 0.8938271609375 0.86944444375 0.7987654328125 0.86944444375 0.703703703125 0.8020833328125001 0.703703703125 0.734722221875 0.703703703125 0.734722221875 0.7987654328125 0.734722221875 0.8938271609375 0.8020833328125001 0.8938271609375 0.86944444375 0.8938271609375
0 0.7861111109375 0.6641975312499999 0.7861111109375 0.5827160499999999 0.7861111109375 0.5012345671875 0.7458333328125 0.5012345671875 0.70555555625 0.5012345671875 0.70555555625 0.5827160499999999 0.70555555625 0.6641975312499999 0.7458333328125 0.6641975312499999 0.7861111109375 0.6641975312499999
0 1 0.3654320984375 0.9381944437499999 0.3654320984375 0.8763888890624999 0.3654320984375 0.8763888890624999 0.45432098749999994 0.8763888890624999 0.5432098765625 0.9381944437499999 0.5432098765625 1 0.5432098765625 1 0.45432098749999994 1 0.3654320984375
0 0.8958333328125001 0.28148148125 0.8958333328125001 0.195061728125 0.8958333328125001 0.10864197499999999 0.840972221875 0.10864197499999999 0.7861111109375 0.10864197499999999 0.7861111109375 0.195061728125 0.7861111109375 0.28148148125 0.840972221875 0.28148148125 0.8958333328125001 0.28148148125
0 0.659722221875 0.42469135781249995 0.659722221875 0.3469135796875 0.659722221875 0.269135803125 0.60694444375 0.269135803125 0.5541666671875001 0.269135803125 0.5541666671875001 0.3469135796875 0.5541666671875001 0.42469135781249995 0.60694444375 0.42469135781249995 0.659722221875 0.42469135781249995
0 0.47083333281249995 0.6543209875 0.47083333281249995 0.5790123453125 0.47083333281249995 0.503703703125 0.41319444375 0.503703703125 0.35555555625 0.503703703125 0.35555555625 0.5790123453125 0.35555555625 0.6543209875 0.41319444375 0.6543209875 0.47083333281249995 0.6543209875
3 0.5958333328125 0.95555555625 0.5958333328125 0.8506172843750001 0.5958333328125 0.7456790125 0.5576388890625 0.7456790125 0.51944444375 0.7456790125 0.51944444375 0.8506172843750001 0.51944444375 0.95555555625 0.5576388890625 0.95555555625 0.5958333328125 0.95555555625
1 0.190277778125 0.9975308640625 0.190277778125 0.88148148125 0.190277778125 0.7654320984375 0.1604166671875 0.7654320984375 0.13055555624999998 0.7654320984375 0.13055555624999998 0.88148148125 0.13055555624999998 0.9975308640625 0.1604166671875 0.9975308640625 0.190277778125 0.9975308640625
3 0.24305555625 0.713580246875 0.24305555625 0.62716049375 0.24305555625 0.540740740625 0.19513888906250001 0.540740740625 0.147222221875 0.540740740625 0.147222221875 0.62716049375 0.147222221875 0.713580246875 0.19513888906250001 0.713580246875 0.24305555625 0.713580246875
2 0.459722221875 0.24444444375000002 0.459722221875 0.2012345671875 0.459722221875 0.158024690625 0.4361111109375 0.158024690625 0.4125 0.158024690625 0.4125 0.2012345671875 0.4125 0.24444444375000002 0.4361111109375 0.24444444375000002 0.459722221875 0.24444444375000002
0 0.1263888890625 0.44197530937499996 0.1263888890625 0.3925925921875 0.1263888890625 0.3432098765625 0.09375 0.3432098765625 0.061111110937500004 0.3432098765625 0.061111110937500004 0.3925925921875 0.061111110937500004 0.44197530937499996 0.09375 0.44197530937499996 0.1263888890625 0.44197530937499996