0 0.5208333328125 0.703703703125 0.5208333328125 0.630864196875 0.5208333328125 0.558024690625 0.477777778125 0.558024690625 0.434722221875 0.558024690625 0.434722221875 0.630864196875 0.434722221875 0.703703703125 0.477777778125 0.703703703125 0.5208333328125 0.703703703125
0 0.709722221875 0.2395061734375 0.709722221875 0.18271605 0.709722221875 0.12592592656249998 0.6736111109375 0.12592592656249998 0.6375 0.12592592656249998 0.6375 0.18271605 0.6375 0.2395061734375 0.6736111109375 0.2395061734375 0.709722221875 0.2395061734375
0 0.8111111109375001 0.2123456796875 0.8111111109375001 0.1382716046875 0.8111111109375001 0.06419753125 0.7708333328125 0.06419753125 0.73055555625 0.06419753125 0.73055555625 0.1382716046875 0.73055555625 0.2123456796875 0.7708333328125 0.2123456796875 0.8111111109375001 0.2123456796875
3 0.25 0.59012345625 0.25 0.4802469140625 0.25 0.3703703703125 0.18055555625 0.3703703703125 0.1111111109375 0.3703703703125 0.1111111109375 0.4802469140625 0.1111111109375 0.59012345625 0.18055555625 0.59012345625 0.25 0.59012345625
3 0.35972222187499997 0.28395061718750003 0.35972222187499997 0.16790123437499999 0.35972222187499997 0.051851851562499995 0.29652777812500003 0.051851851562499995 0.23333333281250002 0.051851851562499995 0.23333333281250002 0.16790123437499999 0.23333333281250002 0.28395061718750003 0.29652777812500003 0.28395061718750003 0.35972222187499997 0.28395061718750003
3 0.6555555562500001 0.350617284375 0.6555555562500001 0.2629629625 0.6555555562500001 0.1753086421875 0.6041666671875 0.1753086421875 0.5527777781250001 0.1753086421875 0.5527777781250001 0.2629629625 0.5527777781250001 0.350617284375 0.6041666671875 0.350617284375 0.6555555562500001 0.350617284375
1 0.7805555562500001 0.491358025 0.7805555562500001 0.41234567968749997 0.7805555562500001 0.3333333328125 0.7194444437499999 0.3333333328125 0.6583333328125 0.3333333328125 0.6583333328125 0.41234567968749997 0.6583333328125 0.491358025 0.7194444437499999 0.491358025 0.7805555562500001 0.491358025
1 0.7958333328125 0.7382716046875 0.7958333328125 0.67283950625 0.7958333328125 0.6074074078125 0.7194444437499999 0.6074074078125 0.64305555625 0.6074074078125 0.64305555625 0.67283950625 0.64305555625 0.7382716046875 0.7194444437499999 0.7382716046875 0.7958333328125 0.7382716046875
3 0.9277777781250001 0.26419753125 0.9277777781250001 0.2 0.9277777781250001 0.13580246875 0.8798611109375001 0.13580246875 0.83194444375 0.13580246875 0.83194444375 0.2 0.83194444375 0.26419753125 0.8798611109375001 0.26419753125 0.9277777781250001 0.26419753125
1 0.6458333328125 0.12098765468749999 0.6458333328125 0.061728395312499997 0.6458333328125 0.0024691359375 0.584722221875 0.0024691359375 0.5236111109375 0.0024691359375 0.5236111109375 0.061728395312499997 0.5236111109375 0.12098765468749999 0.584722221875 0.12098765468749999 0.6458333328125 0.12098765468749999
3 0.47361111093749997 0.9654320984375 0.47361111093749997 0.8839506171875 0.47361111093749997 0.8024691359375 0.427777778125 0.8024691359375 0.38194444375000003 0.8024691359375 0.38194444375000003 0.8839506171875 0.38194444375000003 0.9654320984375 0.427777778125 0.9654320984375 0.47361111093749997 0.9654320984375
3 0.577777778125 0.91851851875 0.577777778125 0.8296296296874999 0.577777778125 0.740740740625 0.5263888890625 0.740740740625 0.475 0.740740740625 0.475 0.8296296296874999 0.475 0.91851851875 0.5263888890625 0.91851851875 0.577777778125 0.91851851875