2 0.66944444375 0.2469135796875 0.66944444375 0.1839506171875 0.66944444375 0.12098765468749999 0.63819444375 0.12098765468749999 0.60694444375 0.12098765468749999 0.60694444375 0.1839506171875 0.60694444375 0.2469135796875 0.63819444375 0.2469135796875 0.66944444375 0.2469135796875
0 0.09305555625 0.8395061734375 0.09305555625 0.7629629625 0.09305555625 0.686419753125 0.05 0.686419753125 0.006944443749999999 0.686419753125 0.006944443749999999 0.7629629625 0.006944443749999999 0.8395061734375 0.05 0.8395061734375 0.09305555625 0.8395061734375
0 0.05 0.11604938281249999 0.05 0.059259259375 0.05 0.0024691359375 0.026388889062499997 0.0024691359375 0.002777778125 0.0024691359375 0.002777778125 0.059259259375 0.002777778125 0.11604938281249999 0.026388889062499997 0.11604938281249999 0.05 0.11604938281249999
0 0.20833333281250002 0.12592592656249998 0.20833333281250002 0.06913580312499999 0.20833333281250002 0.0123456796875 0.16388888906250001 0.0123456796875 0.11944444375 0.0123456796875 0.11944444375 0.06913580312499999 0.11944444375 0.12592592656249998 0.16388888906250001 0.12592592656249998 0.20833333281250002 0.12592592656249998
0 0.3263888890625 0.140740740625 0.3263888890625 0.09012345625 0.3263888890625 0.0395061734375 0.29722222187499997 0.0395061734375 0.26805555625 0.0395061734375 0.26805555625 0.09012345625 0.26805555625 0.140740740625 0.29722222187499997 0.140740740625 0.3263888890625 0.140740740625
0 0.3888888890625 0.20246913593750002 0.3888888890625 0.1518518515625 0.3888888890625 0.10123456718749999 0.3638888890625 0.10123456718749999 0.33888888906250003 0.10123456718749999 0.33888888906250003 0.1518518515625 0.33888888906250003 0.20246913593750002 0.3638888890625 0.20246913593750002 0.3888888890625 0.20246913593750002
0 0.43055555625 0.3456790125 0.43055555625 0.2876543203125 0.43055555625 0.2296296296875 0.3958333328125 0.2296296296875 0.3611111109375 0.2296296296875 0.3611111109375 0.2876543203125 0.3611111109375 0.3456790125 0.3958333328125 0.3456790125 0.43055555625 0.3456790125
0 0.46666666718750005 0.523456790625 0.46666666718750005 0.4456790125 0.46666666718750005 0.367901234375 0.4298611109375 0.367901234375 0.39305555625 0.367901234375 0.39305555625 0.4456790125 0.39305555625 0.523456790625 0.4298611109375 0.523456790625 0.46666666718750005 0.523456790625
0 0.5388888890625 0.5160493828125 0.5388888890625 0.47283950625 0.5388888890625 0.4296296296875 0.5097222218749999 0.4296296296875 0.48055555625 0.4296296296875 0.48055555625 0.47283950625 0.48055555625 0.5160493828125 0.5097222218749999 0.5160493828125 0.5388888890625 0.5160493828125
3 0.86944444375 0.977777778125 0.86944444375 0.9148148140625001 0.86944444375 0.8518518515625001 0.8368055562500001 0.8518518515625001 0.8041666671875 0.8518518515625001 0.8041666671875 0.9148148140625001 0.8041666671875 0.977777778125 0.8368055562500001 0.977777778125 0.86944444375 0.977777778125
1 0.1 0.5925925921874999 0.1 0.48271604999999995 0.1 0.37283950625 0.0576388890625 0.37283950625 0.015277778124999999 0.37283950625 0.015277778124999999 0.48271604999999995 0.015277778124999999 0.5925925921874999 0.0576388890625 0.5925925921874999 0.1 0.5925925921874999
1 0.3291666671875 0.5555555562500001 0.3291666671875 0.4716049375 0.3291666671875 0.38765432031249997 0.28680555625 0.38765432031249997 0.24444444375000002 0.38765432031249997 0.24444444375000002 0.4716049375 0.24444444375000002 0.5555555562500001 0.28680555625 0.5555555562500001 0.3291666671875 0.5555555562500001
2 0.5291666671875 0.4296296296875 0.5291666671875 0.396296296875 0.5291666671875 0.36296296250000004 0.51319444375 0.36296296250000004 0.497222221875 0.36296296250000004 0.497222221875 0.396296296875 0.497222221875 0.4296296296875 0.51319444375 0.4296296296875 0.5291666671875 0.4296296296875
2 0.35972222187499997 0.08148148125 0.35972222187499997 0.050617284375 0.35972222187499997 0.0197530859375 0.346527778125 0.0197530859375 0.3333333328125 0.0197530859375 0.3333333328125 0.050617284375 0.3333333328125 0.08148148125 0.346527778125 0.08148148125 0.35972222187499997 0.08148148125