1 0.6791666671875001 0.2246913578125 0.6791666671875001 0.1543209875 0.6791666671875001 0.08395061718749999 0.6354166671875 0.08395061718749999 0.5916666671875 0.08395061718749999 0.5916666671875 0.1543209875 0.5916666671875 0.2246913578125 0.6354166671875 0.2246913578125 0.6791666671875001 0.2246913578125
1 0.7569444437499999 0.3432098765625 0.7569444437499999 0.3 0.7569444437499999 0.25679012343749996 0.715972221875 0.25679012343749996 0.675 0.25679012343749996 0.675 0.3 0.675 0.3432098765625 0.715972221875 0.3432098765625 0.7569444437499999 0.3432098765625
0 0.73194444375 1 0.73194444375 0.9123456796875 0.73194444375 0.8246913578124999 0.6548611109375 0.8246913578124999 0.577777778125 0.8246913578124999 0.577777778125 0.9123456796875 0.577777778125 1 0.6548611109375 1 0.73194444375 1
0 0.5833333328125 0.891358025 0.5833333328125 0.7987654328125 0.5833333328125 0.7061728390625001 0.534027778125 0.7061728390625001 0.48472222187499997 0.7061728390625001 0.48472222187499997 0.7987654328125 0.48472222187499997 0.891358025 0.534027778125 0.891358025 0.5833333328125 0.891358025
0 0.5916666671875 0.6617283953124999 0.5916666671875 0.5938271609375 0.5916666671875 0.5259259265625 0.5479166671875 0.5259259265625 0.5041666671875 0.5259259265625 0.5041666671875 0.5938271609375 0.5041666671875 0.6617283953124999 0.5479166671875 0.6617283953124999 0.5916666671875 0.6617283953124999
3 0.825 0.758024690625 0.825 0.6456790125 0.825 0.5333333328125 0.7604166671875 0.5333333328125 0.6958333328124999 0.5333333328125 0.6958333328124999 0.6456790125 0.6958333328124999 0.758024690625 0.7604166671875 0.758024690625 0.825 0.758024690625
3 0.6805555562500001 0.4888888890625 0.6805555562500001 0.41604938281250003 0.6805555562500001 0.3432098765625 0.6375 0.3432098765625 0.5944444437499999 0.3432098765625 0.5944444437499999 0.41604938281250003 0.5944444437499999 0.4888888890625 0.6375 0.4888888890625 0.6805555562500001 0.4888888890625
3 0.5666666671875 0.1604938265625 0.5666666671875 0.091358025 0.5666666671875 0.022222221875 0.5201388890625 0.022222221875 0.47361111093749997 0.022222221875 0.47361111093749997 0.091358025 0.47361111093749997 0.1604938265625 0.5201388890625 0.1604938265625 0.5666666671875 0.1604938265625
3 0.48194444374999995 0.28148148125 0.48194444374999995 0.2 0.48194444374999995 0.11851851875 0.425 0.11851851875 0.36805555624999997 0.11851851875 0.36805555624999997 0.2 0.36805555624999997 0.28148148125 0.425 0.28148148125 0.48194444374999995 0.28148148125
3 0.34722222187499996 0.3209876546875 0.34722222187499996 0.2543209875 0.34722222187499996 0.1876543203125 0.29930555625 0.1876543203125 0.2513888890625 0.1876543203125 0.2513888890625 0.2543209875 0.2513888890625 0.3209876546875 0.29930555625 0.3209876546875 0.34722222187499996 0.3209876546875
0 0.4458333328125 0.086419753125 0.4458333328125 0.0469135796875 0.4458333328125 0.0074074078125 0.415972221875 0.0074074078125 0.3861111109375 0.0074074078125 0.3861111109375 0.0469135796875 0.3861111109375 0.086419753125 0.415972221875 0.086419753125 0.4458333328125 0.086419753125