1 0.3986111109375 0.3283950625 0.3986111109375 0.2876543203125 0.3986111109375 0.2469135796875 0.34861111093749997 0.2469135796875 0.2986111109375 0.2469135796875 0.2986111109375 0.2876543203125 0.2986111109375 0.3283950625 0.34861111093749997 0.3283950625 0.3986111109375 0.3283950625
0 0.1513888890625 0.303703703125 0.1513888890625 0.23086419687499998 0.1513888890625 0.158024690625 0.103472221875 0.158024690625 0.055555556250000006 0.158024690625 0.055555556250000006 0.23086419687499998 0.055555556250000006 0.303703703125 0.103472221875 0.303703703125 0.1513888890625 0.303703703125
3 0.7361111109375 0.4617283953125 0.7361111109375 0.3802469140625 0.7361111109375 0.2987654328125 0.69375 0.2987654328125 0.6513888890625 0.2987654328125 0.6513888890625 0.3802469140625 0.6513888890625 0.4617283953125 0.69375 0.4617283953125 0.7361111109375 0.4617283953125
3 0.8263888890625 0.46419753124999996 0.8263888890625 0.38765432031249997 0.8263888890625 0.3111111109375 0.784722221875 0.3111111109375 0.7430555562500001 0.3111111109375 0.7430555562500001 0.38765432031249997 0.7430555562500001 0.46419753124999996 0.784722221875 0.46419753124999996 0.8263888890625 0.46419753124999996
3 0.2486111109375 0.44444444375 0.2486111109375 0.377777778125 0.2486111109375 0.3111111109375 0.20486111093749998 0.3111111109375 0.1611111109375 0.3111111109375 0.1611111109375 0.377777778125 0.1611111109375 0.44444444375 0.20486111093749998 0.44444444375 0.2486111109375 0.44444444375
1 0.46944444374999994 0.0740740734375 0.46944444374999994 0.0382716046875 0.46944444374999994 0.0024691359375 0.42430555625000005 0.0024691359375 0.3791666671875 0.0024691359375 0.3791666671875 0.0382716046875 0.3791666671875 0.0740740734375 0.42430555625000005 0.0740740734375 0.46944444374999994 0.0740740734375
1 0.5527777781250001 0.1753086421875 0.5527777781250001 0.1345679015625 0.5527777781250001 0.0938271609375 0.5 0.0938271609375 0.447222221875 0.0938271609375 0.447222221875 0.1345679015625 0.447222221875 0.1753086421875 0.5 0.1753086421875 0.5527777781250001 0.1753086421875
1 0.6777777781250001 0.308641975 0.6777777781250001 0.2530864203125 0.6777777781250001 0.1975308640625 0.6145833328125 0.1975308640625 0.5513888890625 0.1975308640625 0.5513888890625 0.2530864203125 0.5513888890625 0.308641975 0.6145833328125 0.308641975 0.6777777781250001 0.308641975
1 0.7611111109375 0.6987654328125 0.7611111109375 0.6197530859375 0.7611111109375 0.540740740625 0.7 0.540740740625 0.6388888890625 0.540740740625 0.6388888890625 0.6197530859375 0.6388888890625 0.6987654328125 0.7 0.6987654328125 0.7611111109375 0.6987654328125
1 0.14305555625 0.8098765437500001 0.14305555625 0.769135803125 0.14305555625 0.7283950625 0.08194444375 0.7283950625 0.0208333328125 0.7283950625 0.0208333328125 0.769135803125 0.0208333328125 0.8098765437500001 0.08194444375 0.8098765437500001 0.14305555625 0.8098765437500001
1 0.09305555625 0.6469135796875001 0.09305555625 0.57283950625 0.09305555625 0.4987654328125 0.04930555625 0.4987654328125 0.00555555625 0.4987654328125 0.00555555625 0.57283950625 0.00555555625 0.6469135796875001 0.04930555625 0.6469135796875001 0.09305555625 0.6469135796875001