0 0.0888888890625 0.6716049374999999 0.0888888890625 0.5753086421875 0.0888888890625 0.47901234531250003 0.0458333328125 0.47901234531250003 0.002777778125 0.47901234531250003 0.002777778125 0.5753086421875 0.002777778125 0.6716049374999999 0.0458333328125 0.6716049374999999 0.0888888890625 0.6716049374999999
0 0.24305555625 0.7061728390625001 0.24305555625 0.62716049375 0.24305555625 0.5481481484375 0.19305555624999998 0.5481481484375 0.14305555625 0.5481481484375 0.14305555625 0.62716049375 0.14305555625 0.7061728390625001 0.19305555624999998 0.7061728390625001 0.24305555625 0.7061728390625001
0 0.4263888890625 0.577777778125 0.4263888890625 0.5 0.4263888890625 0.42222222187499997 0.37847222187499996 0.42222222187499997 0.33055555625 0.42222222187499997 0.33055555625 0.5 0.33055555625 0.577777778125 0.37847222187499996 0.577777778125 0.4263888890625 0.577777778125
0 0.625 0.9283950624999999 0.625 0.8358024687500001 0.625 0.7432098765624999 0.575 0.7432098765624999 0.525 0.7432098765624999 0.525 0.8358024687500001 0.525 0.9283950624999999 0.575 0.9283950624999999 0.625 0.9283950624999999
0 0.3236111109375 1 0.3236111109375 0.8876543203124999 0.3236111109375 0.7753086421875001 0.25694444375000003 0.7753086421875001 0.190277778125 0.7753086421875001 0.190277778125 0.8876543203124999 0.190277778125 1 0.25694444375000003 1 0.3236111109375 1
3 0.20555555625 0.39012345625 0.20555555625 0.29135802499999996 0.20555555625 0.1925925921875 0.1395833328125 0.1925925921875 0.0736111109375 0.1925925921875 0.0736111109375 0.29135802499999996 0.0736111109375 0.39012345625 0.1395833328125 0.39012345625 0.20555555625 0.39012345625
3 0.34305555625 0.367901234375 0.34305555625 0.27777777812500004 0.34305555625 0.1876543203125 0.28611111093749997 0.1876543203125 0.22916666718749998 0.1876543203125 0.22916666718749998 0.27777777812500004 0.22916666718749998 0.367901234375 0.28611111093749997 0.367901234375 0.34305555625 0.367901234375
3 0.722222221875 0.7333333328125 0.722222221875 0.6432098765625 0.722222221875 0.5530864203125 0.6666666671875 0.5530864203125 0.6111111109375 0.5530864203125 0.6111111109375 0.6432098765625 0.6111111109375 0.7333333328125 0.6666666671875 0.7333333328125 0.722222221875 0.7333333328125
3 0.5763888890625 0.703703703125 0.5763888890625 0.57283950625 0.5763888890625 0.44197530937499996 0.5048611109375 0.44197530937499996 0.43333333281249997 0.44197530937499996 0.43333333281249997 0.57283950625 0.43333333281249997 0.703703703125 0.5048611109375 0.703703703125 0.5763888890625 0.703703703125
3 0.16944444375 0.8765432093750001 0.16944444375 0.7802469140625 0.16944444375 0.6839506171874999 0.1125 0.6839506171874999 0.055555556250000006 0.6839506171874999 0.055555556250000006 0.7802469140625 0.055555556250000006 0.8765432093750001 0.1125 0.8765432093750001 0.16944444375 0.8765432093750001
2 0.834722221875 0.9604938265625 0.834722221875 0.904938271875 0.834722221875 0.8493827156249999 0.803472221875 0.8493827156249999 0.772222221875 0.8493827156249999 0.772222221875 0.904938271875 0.772222221875 0.9604938265625 0.803472221875 0.9604938265625 0.834722221875 0.9604938265625
1 0.7638888890625 0.8469135796874999 0.7638888890625 0.7370370375 0.7638888890625 0.62716049375 0.715972221875 0.62716049375 0.66805555625 0.62716049375 0.66805555625 0.7370370375 0.66805555625 0.8469135796874999 0.715972221875 0.8469135796874999 0.7638888890625 0.8469135796874999