0 0.1875 0.36296296250000004 0.1875 0.3111111109375 0.1875 0.259259259375 0.15694444375 0.259259259375 0.1263888890625 0.259259259375 0.1263888890625 0.3111111109375 0.1263888890625 0.36296296250000004 0.15694444375 0.36296296250000004 0.1875 0.36296296250000004
0 0.4486111109375 0.30123456718749997 0.4486111109375 0.23086419687499998 0.4486111109375 0.1604938265625 0.40833333281249995 0.1604938265625 0.36805555624999997 0.1604938265625 0.36805555624999997 0.23086419687499998 0.36805555624999997 0.30123456718749997 0.40833333281249995 0.30123456718749997 0.4486111109375 0.30123456718749997
0 0.447222221875 0.0938271609375 0.447222221875 0.048148148437499996 0.447222221875 0.0024691359375 0.41319444375 0.0024691359375 0.3791666671875 0.0024691359375 0.3791666671875 0.048148148437499996 0.3791666671875 0.0938271609375 0.41319444375 0.0938271609375 0.447222221875 0.0938271609375
0 0.5208333328125 0.5160493828125 0.5208333328125 0.43827160468750004 0.5208333328125 0.3604938265625 0.48680555625000005 0.3604938265625 0.45277777812500003 0.3604938265625 0.45277777812500003 0.43827160468750004 0.45277777812500003 0.5160493828125 0.48680555625000005 0.5160493828125 0.5208333328125 0.5160493828125
0 0.3638888890625 0.767901234375 0.3638888890625 0.6629629625 0.3638888890625 0.558024690625 0.30694444375 0.558024690625 0.25 0.558024690625 0.25 0.6629629625 0.25 0.767901234375 0.30694444375 0.767901234375 0.3638888890625 0.767901234375
0 0.43194444374999996 0.9037037031249999 0.43194444374999996 0.823456790625 0.43194444374999996 0.7432098765624999 0.38125 0.7432098765624999 0.33055555625 0.7432098765624999 0.33055555625 0.823456790625 0.33055555625 0.9037037031249999 0.38125 0.9037037031249999 0.43194444374999996 0.9037037031249999
0 0.4361111109375 0.7012345671875 0.4361111109375 0.6518518515625 0.4361111109375 0.6024691359375 0.40069444374999996 0.6024691359375 0.365277778125 0.6024691359375 0.365277778125 0.6518518515625 0.365277778125 0.7012345671875 0.40069444374999996 0.7012345671875 0.4361111109375 0.7012345671875
3 0.8083333328125001 0.2740740734375 0.8083333328125001 0.1876543203125 0.8083333328125001 0.10123456718749999 0.752777778125 0.10123456718749999 0.6972222218749999 0.10123456718749999 0.6972222218749999 0.1876543203125 0.6972222218749999 0.2740740734375 0.752777778125 0.2740740734375 0.8083333328125001 0.2740740734375
3 0.684722221875 0.5012345671875 0.684722221875 0.440740740625 0.684722221875 0.3802469140625 0.6458333328125 0.3802469140625 0.60694444375 0.3802469140625 0.60694444375 0.440740740625 0.60694444375 0.5012345671875 0.6458333328125 0.5012345671875 0.684722221875 0.5012345671875
3 0.6986111109375 0.6938271609375 0.6986111109375 0.61728395 0.6986111109375 0.540740740625 0.6513888890625 0.540740740625 0.6041666671875 0.540740740625 0.6041666671875 0.61728395 0.6041666671875 0.6938271609375 0.6513888890625 0.6938271609375 0.6986111109375 0.6938271609375
3 0.6347222218749999 0.8320987656250001 0.6347222218749999 0.7567901234375001 0.6347222218749999 0.68148148125 0.58125 0.68148148125 0.527777778125 0.68148148125 0.527777778125 0.7567901234375001 0.527777778125 0.8320987656250001 0.58125 0.8320987656250001 0.6347222218749999 0.8320987656250001
1 0.5888888890625 0.622222221875 0.5888888890625 0.5283950625 0.5888888890625 0.43456790156249997 0.5583333328125 0.43456790156249997 0.527777778125 0.43456790156249997 0.527777778125 0.5283950625 0.527777778125 0.622222221875 0.5583333328125 0.622222221875 0.5888888890625 0.622222221875
1 0.8027777781250001 0.7012345671875 0.8027777781250001 0.5802469140625 0.8027777781250001 0.459259259375 0.76319444375 0.459259259375 0.7236111109375 0.459259259375 0.7236111109375 0.5802469140625 0.7236111109375 0.7012345671875 0.76319444375 0.7012345671875 0.8027777781250001 0.7012345671875