0 0.7346354171875 0.5944444437499999 0.7346354171875 0.57430555625 0.7346354171875 0.5541666671875001 0.7220052078125 0.5541666671875001 0.709375 0.5541666671875001 0.709375 0.57430555625 0.709375 0.5944444437499999 0.7220052078125 0.5944444437499999 0.7346354171875 0.5944444437499999
0 0.7153645828124999 0.634259259375 0.7153645828124999 0.6020833328124999 0.7153645828124999 0.5699074078125 0.6959635421875 0.5699074078125 0.6765625 0.5699074078125 0.6765625 0.6020833328124999 0.6765625 0.634259259375 0.6959635421875 0.634259259375 0.7153645828124999 0.634259259375
0 0.6372395828124999 0.5699074078125 0.6372395828124999 0.54398148125 0.6372395828124999 0.51805555625 0.621875 0.51805555625 0.6065104171875 0.51805555625 0.6065104171875 0.54398148125 0.6065104171875 0.5699074078125 0.621875 0.5699074078125 0.6372395828124999 0.5699074078125
0 0.9986979171874999 0.34027777812500004 0.9986979171874999 0.3171296296875 0.9986979171874999 0.29398148125 0.9826822921874999 0.29398148125 0.9666666671874999 0.29398148125 0.9666666671874999 0.3171296296875 0.9666666671874999 0.34027777812500004 0.9826822921874999 0.34027777812500004 0.9986979171874999 0.34027777812500004
0 0.6908854171875001 1 0.6908854171875001 0.9618055562500001 0.6908854171875001 0.9236111109375 0.6565104171875 0.9236111109375 0.6221354171875 0.9236111109375 0.6221354171875 0.9618055562500001 0.6221354171875 1 0.6565104171875 1 0.6908854171875001 1
0 0.5205729171875 0.6958333328124999 0.5205729171875 0.6673611109375 0.5205729171875 0.6388888890625 0.5063802078124999 0.6388888890625 0.4921875 0.6388888890625 0.4921875 0.6673611109375 0.4921875 0.6958333328124999 0.5063802078124999 0.6958333328124999 0.5205729171875 0.6958333328124999
0 0.47369791718750004 0.73101851875 0.47369791718750004 0.7081018515624999 0.47369791718750004 0.6851851859375 0.4583333328125 0.6851851859375 0.44296875 0.6851851859375 0.44296875 0.7081018515624999 0.44296875 0.73101851875 0.4583333328125 0.73101851875 0.47369791718750004 0.73101851875
0 0.475 0.5944444437499999 0.475 0.5694444437499999 0.475 0.54444444375 0.46315104218750003 0.54444444375 0.45130208281249995 0.54444444375 0.45130208281249995 0.5694444437499999 0.45130208281249995 0.5944444437499999 0.46315104218750003 0.5944444437499999 0.475 0.5944444437499999
0 0.45390625 0.634259259375 0.45390625 0.61180555625 0.45390625 0.5893518515625 0.44127604218750005 0.5893518515625 0.42864583281249996 0.5893518515625 0.42864583281249996 0.61180555625 0.42864583281249996 0.634259259375 0.44127604218750005 0.634259259375 0.45390625 0.634259259375
0 0.4234375 0.659722221875 0.4234375 0.6384259265625001 0.4234375 0.6171296296875 0.41015625 0.6171296296875 0.396875 0.6171296296875 0.396875 0.6384259265625001 0.396875 0.659722221875 0.41015625 0.659722221875 0.4234375 0.659722221875
0 0.46276041718750005 1 0.46276041718750005 0.9636574078125 0.46276041718750005 0.9273148140625 0.437890625 0.9273148140625 0.41302083281249996 0.9273148140625 0.41302083281249996 0.9636574078125 0.41302083281249996 1 0.437890625 1 0.46276041718750005 1
0 0.4408854171875 0.8800925921875 0.4408854171875 0.8523148140625001 0.4408854171875 0.8245370375000001 0.42291666718750004 0.8245370375000001 0.4049479171875 0.8245370375000001 0.4049479171875 0.8523148140625001 0.4049479171875 0.8800925921875 0.42291666718750004 0.8800925921875 0.4408854171875 0.8800925921875