0 0.40694444374999994 0.950617284375 0.40694444374999994 0.8790123453125 0.40694444374999994 0.8074074078125 0.37152777812500004 0.8074074078125 0.3361111109375 0.8074074078125 0.3361111109375 0.8790123453125 0.3361111109375 0.950617284375 0.37152777812500004 0.950617284375 0.40694444374999994 0.950617284375
0 0.2388888890625 1 0.2388888890625 0.92716049375 0.2388888890625 0.8543209875000001 0.18055555625 0.8543209875000001 0.12222222187500001 0.8543209875000001 0.12222222187500001 0.92716049375 0.12222222187500001 1 0.18055555625 1 0.2388888890625 1
0 0.184722221875 0.5061728390625 0.184722221875 0.46296296249999996 0.184722221875 0.4197530859375 0.1541666671875 0.4197530859375 0.12361111093749999 0.4197530859375 0.12361111093749999 0.46296296249999996 0.12361111093749999 0.5061728390625 0.1541666671875 0.5061728390625 0.184722221875 0.5061728390625
0 0.259722221875 0.45679012343750003 0.259722221875 0.42345679062499997 0.259722221875 0.39012345625 0.23819444375 0.39012345625 0.2166666671875 0.39012345625 0.2166666671875 0.42345679062499997 0.2166666671875 0.45679012343750003 0.23819444375 0.45679012343750003 0.259722221875 0.45679012343750003
0 0.3625 0.41728395 0.3625 0.39012345625 0.3625 0.36296296250000004 0.3458333328125 0.36296296250000004 0.3291666671875 0.36296296250000004 0.3291666671875 0.39012345625 0.3291666671875 0.41728395 0.3458333328125 0.41728395 0.3625 0.41728395
0 0.36805555624999997 0.4716049375 0.36805555624999997 0.4469135796875 0.36805555624999997 0.42222222187499997 0.3513888890625 0.42222222187499997 0.334722221875 0.42222222187499997 0.334722221875 0.4469135796875 0.334722221875 0.4716049375 0.3513888890625 0.4716049375 0.36805555624999997 0.4716049375
0 0.38194444375000003 0.530864196875 0.38194444375000003 0.503703703125 0.38194444375000003 0.47654320937500005 0.36805555624999997 0.47654320937500005 0.3541666671875 0.47654320937500005 0.3541666671875 0.503703703125 0.3541666671875 0.530864196875 0.36805555624999997 0.530864196875 0.38194444375000003 0.530864196875
0 0.3916666671875 0.6740740734374999 0.3916666671875 0.6370370375000001 0.3916666671875 0.6 0.3736111109375 0.6 0.35555555625 0.6 0.35555555625 0.6370370375000001 0.35555555625 0.6740740734374999 0.3736111109375 0.6740740734374999 0.3916666671875 0.6740740734374999
0 0.1625 0.2938271609375 0.1625 0.2666666671875 0.1625 0.2395061734375 0.140277778125 0.2395061734375 0.11805555625 0.2395061734375 0.11805555625 0.2666666671875 0.11805555625 0.2938271609375 0.140277778125 0.2938271609375 0.1625 0.2938271609375
0 0.1291666671875 0.33580246874999997 0.1291666671875 0.295061728125 0.1291666671875 0.2543209875 0.1076388890625 0.2543209875 0.0861111109375 0.2543209875 0.0861111109375 0.295061728125 0.0861111109375 0.33580246874999997 0.1076388890625 0.33580246874999997 0.1291666671875 0.33580246874999997
3 0.47361111093749997 0.68148148125 0.47361111093749997 0.6382716046875 0.47361111093749997 0.5950617281249999 0.44930555625 0.5950617281249999 0.425 0.5950617281249999 0.425 0.6382716046875 0.425 0.68148148125 0.44930555625 0.68148148125 0.47361111093749997 0.68148148125
3 0.4291666671875 0.750617284375 0.4291666671875 0.7148148140624999 0.4291666671875 0.6790123453125 0.403472221875 0.6790123453125 0.377777778125 0.6790123453125 0.377777778125 0.7148148140624999 0.377777778125 0.750617284375 0.403472221875 0.750617284375 0.4291666671875 0.750617284375
3 0.0986111109375 0.7382716046875 0.0986111109375 0.691358025 0.0986111109375 0.64444444375 0.05625 0.64444444375 0.013888889062500001 0.64444444375 0.013888889062500001 0.691358025 0.013888889062500001 0.7382716046875 0.05625 0.7382716046875 0.0986111109375 0.7382716046875