0 0.25694444375000003 0.6395061734375 0.25694444375000003 0.577777778125 0.25694444375000003 0.5160493828125 0.22291666718749997 0.5160493828125 0.1888888890625 0.5160493828125 0.1888888890625 0.577777778125 0.1888888890625 0.6395061734375 0.22291666718749997 0.6395061734375 0.25694444375000003 0.6395061734375
0 0.3763888890625 0.6938271609375 0.3763888890625 0.6370370375000001 0.3763888890625 0.5802469140625 0.34375 0.5802469140625 0.3111111109375 0.5802469140625 0.3111111109375 0.6370370375000001 0.3111111109375 0.6938271609375 0.34375 0.6938271609375 0.3763888890625 0.6938271609375
0 0.54444444375 0.249382715625 0.54444444375 0.20740740781250003 0.54444444375 0.1654320984375 0.51944444375 0.1654320984375 0.49444444374999996 0.1654320984375 0.49444444374999996 0.20740740781250003 0.49444444374999996 0.249382715625 0.51944444375 0.249382715625 0.54444444375 0.249382715625
0 0.6208333328125 0.2790123453125 0.6208333328125 0.23827160468750003 0.6208333328125 0.1975308640625 0.5986111109375 0.1975308640625 0.5763888890625 0.1975308640625 0.5763888890625 0.23827160468750003 0.5763888890625 0.2790123453125 0.5986111109375 0.2790123453125 0.6208333328125 0.2790123453125
0 0.8847222218749999 0.6567901234375 0.8847222218749999 0.591358025 0.8847222218749999 0.5259259265625 0.8548611109375001 0.5259259265625 0.825 0.5259259265625 0.825 0.591358025 0.825 0.6567901234375 0.8548611109375001 0.6567901234375 0.8847222218749999 0.6567901234375
0 0.9611111109375001 0.713580246875 0.9611111109375001 0.6703703703125 0.9611111109375001 0.62716049375 0.934027778125 0.62716049375 0.9069444437499999 0.62716049375 0.9069444437499999 0.6703703703125 0.9069444437499999 0.713580246875 0.934027778125 0.713580246875 0.9611111109375001 0.713580246875
3 0.99444444375 0.6345679015625 0.99444444375 0.5839506171875 0.99444444375 0.5333333328125 0.965972221875 0.5333333328125 0.9375 0.5333333328125 0.9375 0.5839506171875 0.9375 0.6345679015625 0.965972221875 0.6345679015625 0.99444444375 0.6345679015625
3 0.8013888890624999 0.9456790125 0.8013888890624999 0.8987654328125 0.8013888890624999 0.8518518515625001 0.7770833328125 0.8518518515625001 0.752777778125 0.8518518515625001 0.752777778125 0.8987654328125 0.752777778125 0.9456790125 0.7770833328125 0.9456790125 0.8013888890624999 0.9456790125
3 0.1125 0.6666666671875 0.1125 0.6160493828125 0.1125 0.5654320984375001 0.0673611109375 0.5654320984375001 0.022222221875 0.5654320984375001 0.022222221875 0.6160493828125 0.022222221875 0.6666666671875 0.0673611109375 0.6666666671875 0.1125 0.6666666671875
3 0.275 0.3333333328125 0.275 0.28271605 0.275 0.23209876562499998 0.2451388890625 0.23209876562499998 0.215277778125 0.23209876562499998 0.215277778125 0.28271605 0.215277778125 0.3333333328125 0.2451388890625 0.3333333328125 0.275 0.3333333328125
3 0.3611111109375 0.8370370375 0.3611111109375 0.7876543203125 0.3611111109375 0.7382716046875 0.334722221875 0.7382716046875 0.3083333328125 0.7382716046875 0.3083333328125 0.7876543203125 0.3083333328125 0.8370370375 0.334722221875 0.8370370375 0.3611111109375 0.8370370375
3 0.597222221875 0.6617283953124999 0.597222221875 0.6209876546875 0.597222221875 0.5802469140625 0.58194444375 0.5802469140625 0.5666666671875 0.5802469140625 0.5666666671875 0.6209876546875 0.5666666671875 0.6617283953124999 0.58194444375 0.6617283953124999 0.597222221875 0.6617283953124999
3 0.7125 0.7333333328125 0.7125 0.7 0.7125 0.6666666671875 0.6979166671875 0.6666666671875 0.6833333328125 0.6666666671875 0.6833333328125 0.7 0.6833333328125 0.7333333328125 0.6979166671875 0.7333333328125 0.7125 0.7333333328125