0 0.23055555625 0.622222221875 0.23055555625 0.5617283953125 0.23055555625 0.5012345671875 0.1986111109375 0.5012345671875 0.1666666671875 0.5012345671875 0.1666666671875 0.5617283953125 0.1666666671875 0.622222221875 0.1986111109375 0.622222221875 0.23055555625 0.622222221875
0 0.5458333328125 0.6543209875 0.5458333328125 0.5950617281249999 0.5458333328125 0.53580246875 0.5097222218749999 0.53580246875 0.47361111093749997 0.53580246875 0.47361111093749997 0.5950617281249999 0.47361111093749997 0.6543209875 0.5097222218749999 0.6543209875 0.5458333328125 0.6543209875
0 0.6319444437499999 0.4197530859375 0.6319444437499999 0.3740740734375 0.6319444437499999 0.3283950625 0.6041666671875 0.3283950625 0.5763888890625 0.3283950625 0.5763888890625 0.3740740734375 0.5763888890625 0.4197530859375 0.6041666671875 0.4197530859375 0.6319444437499999 0.4197530859375
0 0.5291666671875 0.313580246875 0.5291666671875 0.269135803125 0.5291666671875 0.2246913578125 0.497222221875 0.2246913578125 0.46527777812500004 0.2246913578125 0.46527777812500004 0.269135803125 0.46527777812500004 0.313580246875 0.497222221875 0.313580246875 0.5291666671875 0.313580246875
0 0.60555555625 0.23209876562499998 0.60555555625 0.1716049375 0.60555555625 0.1111111109375 0.57569444375 0.1111111109375 0.5458333328125 0.1111111109375 0.5458333328125 0.1716049375 0.5458333328125 0.23209876562499998 0.57569444375 0.23209876562499998 0.60555555625 0.23209876562499998
0 0.9375 0.4296296296875 0.9375 0.38765432031249997 0.9375 0.3456790125 0.9125 0.3456790125 0.8875 0.3456790125 0.8875 0.38765432031249997 0.8875 0.4296296296875 0.9125 0.4296296296875 0.9375 0.4296296296875
0 1 0.6395061734375 0.9708333328125001 0.6395061734375 0.9416666671874999 0.6395061734375 0.9416666671874999 0.6987654328125 0.9416666671874999 0.758024690625 0.9708333328125001 0.758024690625 1 0.758024690625 1 0.6987654328125 1 0.6395061734375
3 0.1458333328125 0.713580246875 0.1458333328125 0.659259259375 0.1458333328125 0.604938271875 0.11319444375000001 0.604938271875 0.08055555625000001 0.604938271875 0.08055555625000001 0.659259259375 0.08055555625000001 0.713580246875 0.11319444375000001 0.713580246875 0.1458333328125 0.713580246875
3 0.34444444375 0.9629629625 0.34444444375 0.9209876546875 0.34444444375 0.8790123453125 0.3166666671875 0.8790123453125 0.2888888890625 0.8790123453125 0.2888888890625 0.9209876546875 0.2888888890625 0.9629629625 0.3166666671875 0.9629629625 0.34444444375 0.9629629625
3 0.7625 0.7209876546875 0.7625 0.6716049374999999 0.7625 0.622222221875 0.7256944437499999 0.622222221875 0.6888888890625 0.622222221875 0.6888888890625 0.6716049374999999 0.6888888890625 0.7209876546875 0.7256944437499999 0.7209876546875 0.7625 0.7209876546875
3 0.8708333328125001 0.6395061734375 0.8708333328125001 0.6074074078125 0.8708333328125001 0.5753086421875 0.8395833328125001 0.5753086421875 0.8083333328125001 0.5753086421875 0.8083333328125001 0.6074074078125 0.8083333328125001 0.6395061734375 0.8395833328125001 0.6395061734375 0.8708333328125001 0.6395061734375
3 0.4375 0.18024691406249999 0.4375 0.14444444375 0.4375 0.10864197499999999 0.4138888890625 0.10864197499999999 0.39027777812500003 0.10864197499999999 0.39027777812500003 0.14444444375 0.39027777812500003 0.18024691406249999 0.4138888890625 0.18024691406249999 0.4375 0.18024691406249999