0 0.45416666718750004 0.59012345625 0.45416666718750004 0.5481481484375 0.45416666718750004 0.5061728390625 0.41944444374999995 0.5061728390625 0.384722221875 0.5061728390625 0.384722221875 0.5481481484375 0.384722221875 0.59012345625 0.41944444374999995 0.59012345625 0.45416666718750004 0.59012345625
0 0.6736111109375 0.6246913578125 0.6736111109375 0.5666666671875 0.6736111109375 0.508641975 0.6423611109375 0.508641975 0.6111111109375 0.508641975 0.6111111109375 0.5666666671875 0.6111111109375 0.6246913578125 0.6423611109375 0.6246913578125 0.6736111109375 0.6246913578125
0 0.6833333328125 0.4296296296875 0.6833333328125 0.3716049375 0.6833333328125 0.313580246875 0.659722221875 0.313580246875 0.6361111109375 0.313580246875 0.6361111109375 0.3716049375 0.6361111109375 0.4296296296875 0.659722221875 0.4296296296875 0.6833333328125 0.4296296296875
0 0.13333333281249998 0.0888888890625 0.13333333281249998 0.0469135796875 0.13333333281249998 0.004938271875 0.0986111109375 0.004938271875 0.0638888890625 0.004938271875 0.0638888890625 0.0469135796875 0.0638888890625 0.0888888890625 0.0986111109375 0.0888888890625 0.13333333281249998 0.0888888890625
0 0.675 0.2888888890625 0.675 0.2432098765625 0.675 0.1975308640625 0.6583333328125 0.1975308640625 0.6416666671875 0.1975308640625 0.6416666671875 0.2432098765625 0.6416666671875 0.2888888890625 0.6583333328125 0.2888888890625 0.675 0.2888888890625
1 0.5513888890625 0.7456790125 0.5513888890625 0.67283950625 0.5513888890625 0.6 0.4923611109375 0.6 0.43333333281249997 0.6 0.43333333281249997 0.67283950625 0.43333333281249997 0.7456790125 0.4923611109375 0.7456790125 0.5513888890625 0.7456790125
3 0.665277778125 0.97283950625 0.665277778125 0.9 0.665277778125 0.8271604937499999 0.63125 0.8271604937499999 0.597222221875 0.8271604937499999 0.597222221875 0.9 0.597222221875 0.97283950625 0.63125 0.97283950625 0.665277778125 0.97283950625
3 0.7666666671875 0.9975308640625 0.7666666671875 0.922222221875 0.7666666671875 0.8469135796874999 0.7263888890625 0.8469135796874999 0.6861111109375 0.8469135796874999 0.6861111109375 0.922222221875 0.6861111109375 0.9975308640625 0.7263888890625 0.9975308640625 0.7666666671875 0.9975308640625
3 0.797222221875 0.8716049375000001 0.797222221875 0.796296296875 0.797222221875 0.7209876546875 0.7583333328124999 0.7209876546875 0.7194444437499999 0.7209876546875 0.7194444437499999 0.796296296875 0.7194444437499999 0.8716049375000001 0.7583333328124999 0.8716049375000001 0.797222221875 0.8716049375000001
3 0.86944444375 0.5382716046875 0.86944444375 0.49012345625 0.86944444375 0.44197530937499996 0.8444444437499999 0.44197530937499996 0.8194444437499999 0.44197530937499996 0.8194444437499999 0.49012345625 0.8194444437499999 0.5382716046875 0.8444444437499999 0.5382716046875 0.86944444375 0.5382716046875
3 0.11944444375 0.7456790125 0.11944444375 0.6839506171874999 0.11944444375 0.622222221875 0.06875 0.622222221875 0.01805555625 0.622222221875 0.01805555625 0.6839506171874999 0.01805555625 0.7456790125 0.06875 0.7456790125 0.11944444375 0.7456790125
3 0.22777777812500002 0.7851851859375001 0.22777777812500002 0.730864196875 0.22777777812500002 0.676543209375 0.19444444375 0.676543209375 0.1611111109375 0.676543209375 0.1611111109375 0.730864196875 0.1611111109375 0.7851851859375001 0.19444444375 0.7851851859375001 0.22777777812500002 0.7851851859375001