0 0.11805555625 0.377777778125 0.11805555625 0.322222221875 0.11805555625 0.2666666671875 0.084722221875 0.2666666671875 0.0513888890625 0.2666666671875 0.0513888890625 0.322222221875 0.0513888890625 0.377777778125 0.084722221875 0.377777778125 0.11805555625 0.377777778125
0 0.14861111093749999 0.29135802499999996 0.14861111093749999 0.25061728437499997 0.14861111093749999 0.20987654375 0.1263888890625 0.20987654375 0.1041666671875 0.20987654375 0.1041666671875 0.25061728437499997 0.1041666671875 0.29135802499999996 0.1263888890625 0.29135802499999996 0.14861111093749999 0.29135802499999996
0 0.2513888890625 0.3333333328125 0.2513888890625 0.27777777812500004 0.2513888890625 0.222222221875 0.22291666718749997 0.222222221875 0.19444444375 0.222222221875 0.19444444375 0.27777777812500004 0.19444444375 0.3333333328125 0.22291666718749997 0.3333333328125 0.2513888890625 0.3333333328125
0 0.425 0.940740740625 0.425 0.8851851859375 0.425 0.8296296296874999 0.3861111109375 0.8296296296874999 0.34722222187499996 0.8296296296874999 0.34722222187499996 0.8851851859375 0.34722222187499996 0.940740740625 0.3861111109375 0.940740740625 0.425 0.940740740625
0 0.6763888890625 0.9901234562499999 0.6763888890625 0.9086419749999999 0.6763888890625 0.8271604937499999 0.63680555625 0.8271604937499999 0.597222221875 0.8271604937499999 0.597222221875 0.9086419749999999 0.597222221875 0.9901234562499999 0.63680555625 0.9901234562499999 0.6763888890625 0.9901234562499999
0 0.6638888890625 0.7185185187500001 0.6638888890625 0.6604938265625 0.6638888890625 0.6024691359375 0.6423611109375 0.6024691359375 0.6208333328125 0.6024691359375 0.6208333328125 0.6604938265625 0.6208333328125 0.7185185187500001 0.6423611109375 0.7185185187500001 0.6638888890625 0.7185185187500001
0 0.6625 0.5851851859375 0.6625 0.5333333328125 0.6625 0.48148148125 0.640277778125 0.48148148125 0.6180555562500001 0.48148148125 0.6180555562500001 0.5333333328125 0.6180555562500001 0.5851851859375 0.640277778125 0.5851851859375 0.6625 0.5851851859375
0 0.6125 0.204938271875 0.6125 0.1530864203125 0.6125 0.10123456718749999 0.5868055562500001 0.10123456718749999 0.5611111109375 0.10123456718749999 0.5611111109375 0.1530864203125 0.5611111109375 0.204938271875 0.5868055562500001 0.204938271875 0.6125 0.204938271875
0 0.69305555625 0.2123456796875 0.69305555625 0.17283950625 0.69305555625 0.13333333281249998 0.671527778125 0.13333333281249998 0.65 0.13333333281249998 0.65 0.17283950625 0.65 0.2123456796875 0.671527778125 0.2123456796875 0.69305555625 0.2123456796875
0 0.7361111109375 0.35802469062500003 0.7361111109375 0.308641975 0.7361111109375 0.259259259375 0.7138888890625 0.259259259375 0.6916666671875 0.259259259375 0.6916666671875 0.308641975 0.6916666671875 0.35802469062500003 0.7138888890625 0.35802469062500003 0.7361111109375 0.35802469062500003
0 0.9791666671874999 0.35555555625 0.9791666671874999 0.3148148140625 0.9791666671874999 0.2740740734375 0.95625 0.2740740734375 0.9333333328125001 0.2740740734375 0.9333333328125001 0.3148148140625 0.9333333328125001 0.35555555625 0.95625 0.35555555625 0.9791666671874999 0.35555555625
1 0.365277778125 1 0.365277778125 0.941975309375 0.365277778125 0.8839506171875 0.30555555624999997 0.8839506171875 0.24583333281250003 0.8839506171875 0.24583333281250003 0.941975309375 0.24583333281250003 1 0.30555555624999997 1 0.365277778125 1
1 0.997222221875 0.7333333328125 0.997222221875 0.669135803125 0.997222221875 0.604938271875 0.9583333328125001 0.604938271875 0.91944444375 0.604938271875 0.91944444375 0.669135803125 0.91944444375 0.7333333328125 0.9583333328125001 0.7333333328125 0.997222221875 0.7333333328125
1 0.5833333328125 0.7802469140625 0.5833333328125 0.7259259265625 0.5833333328125 0.6716049374999999 0.5611111109375 0.6716049374999999 0.5388888890625 0.6716049374999999 0.5388888890625 0.7259259265625 0.5388888890625 0.7802469140625 0.5611111109375 0.7802469140625 0.5833333328125 0.7802469140625
1 0.9138888890624999 0.5827160499999999 0.9138888890624999 0.5259259265625 0.9138888890624999 0.46913580312500003 0.8756944437499999 0.46913580312500003 0.8375 0.46913580312500003 0.8375 0.5259259265625 0.8375 0.5827160499999999 0.8756944437499999 0.5827160499999999 0.9138888890624999 0.5827160499999999
3 0.875 0.8617283953125 0.875 0.8135802468750001 0.875 0.7654320984375 0.84375 0.7654320984375 0.8125 0.7654320984375 0.8125 0.8135802468750001 0.8125 0.8617283953125 0.84375 0.8617283953125 0.875 0.8617283953125
3 1 0.8123456796875 0.9763888890624999 0.8123456796875 0.952777778125 0.8123456796875 0.952777778125 0.8629629624999999 0.952777778125 0.9135802468750001 0.9763888890624999 0.9135802468750001 1 0.9135802468750001 1 0.8629629624999999 1 0.8123456796875