0 0.059722221875 0.2790123453125 0.059722221875 0.2197530859375 0.059722221875 0.1604938265625 0.030555556249999997 0.1604938265625 0.0013888890625 0.1604938265625 0.0013888890625 0.2197530859375 0.0013888890625 0.2790123453125 0.030555556249999997 0.2790123453125 0.059722221875 0.2790123453125
0 0.565277778125 1 0.565277778125 0.9308641968750001 0.565277778125 0.8617283953125 0.5145833328125 0.8617283953125 0.46388888906250003 0.8617283953125 0.46388888906250003 0.9308641968750001 0.46388888906250003 1 0.5145833328125 1 0.565277778125 1
0 0.7569444437499999 0.9925925921875001 0.7569444437499999 0.9395061734375 0.7569444437499999 0.886419753125 0.71875 0.886419753125 0.6805555562500001 0.886419753125 0.6805555562500001 0.9395061734375 0.6805555562500001 0.9925925921875001 0.71875 0.9925925921875001 0.7569444437499999 0.9925925921875001
0 0.5694444437499999 0.7111111109375 0.5694444437499999 0.6518518515625 0.5694444437499999 0.5925925921874999 0.547222221875 0.5925925921874999 0.525 0.5925925921874999 0.525 0.6518518515625 0.525 0.7111111109375 0.547222221875 0.7111111109375 0.5694444437499999 0.7111111109375
0 0.5625 0.5555555562500001 0.5625 0.4987654328125 0.5625 0.44197530937499996 0.5423611109375 0.44197530937499996 0.522222221875 0.44197530937499996 0.522222221875 0.4987654328125 0.522222221875 0.5555555562500001 0.5423611109375 0.5555555562500001 0.5625 0.5555555562500001
0 0.5125 0.12345679062499999 0.5125 0.0654320984375 0.5125 0.0074074078125 0.48055555625 0.0074074078125 0.4486111109375 0.0074074078125 0.4486111109375 0.0654320984375 0.4486111109375 0.12345679062499999 0.48055555625 0.12345679062499999 0.5125 0.12345679062499999
0 0.6 0.12345679062499999 0.6 0.0802469140625 0.6 0.037037037499999995 0.5826388890625 0.037037037499999995 0.565277778125 0.037037037499999995 0.565277778125 0.0802469140625 0.565277778125 0.12345679062499999 0.5826388890625 0.12345679062499999 0.6 0.12345679062499999
0 0.6513888890625 0.28148148125 0.6513888890625 0.22716049374999997 0.6513888890625 0.17283950625 0.6333333328124999 0.17283950625 0.6152777781250001 0.17283950625 0.6152777781250001 0.22716049374999997 0.6152777781250001 0.28148148125 0.6333333328124999 0.28148148125 0.6513888890625 0.28148148125
0 0.8986111109375001 0.276543209375 0.8986111109375001 0.2370370375 0.8986111109375001 0.1975308640625 0.8756944437499999 0.1975308640625 0.852777778125 0.1975308640625 0.852777778125 0.2370370375 0.852777778125 0.276543209375 0.8756944437499999 0.276543209375 0.8986111109375001 0.276543209375
1 0.8375 0.5456790125000001 0.8375 0.47283950625 0.8375 0.4 0.7895833328124999 0.4 0.7416666671875001 0.4 0.7416666671875001 0.47283950625 0.7416666671875001 0.5456790125000001 0.7895833328124999 0.5456790125000001 0.8375 0.5456790125000001
1 0.902777778125 0.6888888890625 0.902777778125 0.6296296296875 0.902777778125 0.5703703703125 0.872222221875 0.5703703703125 0.8416666671874999 0.5703703703125 0.8416666671874999 0.6296296296875 0.8416666671874999 0.6888888890625 0.872222221875 0.6888888890625 0.902777778125 0.6888888890625
1 0.4861111109375 0.777777778125 0.4861111109375 0.70987654375 0.4861111109375 0.641975309375 0.45694444375 0.641975309375 0.427777778125 0.641975309375 0.427777778125 0.70987654375 0.427777778125 0.777777778125 0.45694444375 0.777777778125 0.4861111109375 0.777777778125
3 0.5708333328124999 0.1111111109375 0.5708333328124999 0.0703703703125 0.5708333328124999 0.0296296296875 0.5527777781250001 0.0296296296875 0.534722221875 0.0296296296875 0.534722221875 0.0703703703125 0.534722221875 0.1111111109375 0.5527777781250001 0.1111111109375 0.5708333328124999 0.1111111109375
3 0.9263888890624999 0.9061728390624999 0.9263888890624999 0.8469135796874999 0.9263888890624999 0.7876543203125 0.897222221875 0.7876543203125 0.8680555562500001 0.7876543203125 0.8680555562500001 0.8469135796874999 0.8680555562500001 0.9061728390624999 0.897222221875 0.9061728390624999 0.9263888890624999 0.9061728390624999
3 0.7875 0.8617283953125 0.7875 0.8098765437500001 0.7875 0.758024690625 0.7569444437499999 0.758024690625 0.7263888890625 0.758024690625 0.7263888890625 0.8098765437500001 0.7263888890625 0.8617283953125 0.7569444437499999 0.8617283953125 0.7875 0.8617283953125
3 0.109722221875 0.9604938265625 0.109722221875 0.9074074078125 0.109722221875 0.8543209875000001 0.07291666718749999 0.8543209875000001 0.0361111109375 0.8543209875000001 0.0361111109375 0.9074074078125 0.0361111109375 0.9604938265625 0.07291666718749999 0.9604938265625 0.109722221875 0.9604938265625