0 0.5263888890625 0.340740740625 0.5263888890625 0.2876543203125 0.5263888890625 0.23456790156250001 0.49652777812500004 0.23456790156250001 0.46666666718750005 0.23456790156250001 0.46666666718750005 0.2876543203125 0.46666666718750005 0.340740740625 0.49652777812500004 0.340740740625 0.5263888890625 0.340740740625
1 0.23611111093749998 0.8790123453125 0.23611111093749998 0.8197530859375 0.23611111093749998 0.7604938265625 0.21944444375 0.7604938265625 0.20277777812500003 0.7604938265625 0.20277777812500003 0.8197530859375 0.20277777812500003 0.8790123453125 0.21944444375 0.8790123453125 0.23611111093749998 0.8790123453125
1 0.415277778125 0.7160493828125001 0.415277778125 0.6802469140625 0.415277778125 0.64444444375 0.3763888890625 0.64444444375 0.3375 0.64444444375 0.3375 0.6802469140625 0.3375 0.7160493828125001 0.3763888890625 0.7160493828125001 0.415277778125 0.7160493828125001
0 0.5305555562500001 0.649382715625 0.5305555562500001 0.59012345625 0.5305555562500001 0.530864196875 0.5 0.530864196875 0.46944444374999994 0.530864196875 0.46944444374999994 0.59012345625 0.46944444374999994 0.649382715625 0.5 0.649382715625 0.5305555562500001 0.649382715625
0 0.652777778125 0.9703703703125001 0.652777778125 0.8925925921875001 0.652777778125 0.8148148140625 0.61875 0.8148148140625 0.584722221875 0.8148148140625 0.584722221875 0.8925925921875001 0.584722221875 0.9703703703125001 0.61875 0.9703703703125001 0.652777778125 0.9703703703125001
0 0.7958333328125 0.6246913578125 0.7958333328125 0.576543209375 0.7958333328125 0.5283950625 0.7729166671875001 0.5283950625 0.75 0.5283950625 0.75 0.576543209375 0.75 0.6246913578125 0.7729166671875001 0.6246913578125 0.7958333328125 0.6246913578125
0 0.852777778125 0.2123456796875 0.852777778125 0.18148148125000002 0.852777778125 0.150617284375 0.8361111109375001 0.150617284375 0.8194444437499999 0.150617284375 0.8194444437499999 0.18148148125000002 0.8194444437499999 0.2123456796875 0.8361111109375001 0.2123456796875 0.852777778125 0.2123456796875
0 0.42083333281249996 0.20246913593750002 0.42083333281249996 0.1740740734375 0.42083333281249996 0.14567901249999998 0.40208333281249997 0.14567901249999998 0.38333333281250004 0.14567901249999998 0.38333333281250004 0.1740740734375 0.38333333281250004 0.20246913593750002 0.40208333281249997 0.20246913593750002 0.42083333281249996 0.20246913593750002
0 0.302777778125 0.3111111109375 0.302777778125 0.2790123453125 0.302777778125 0.2469135796875 0.28472222187499996 0.2469135796875 0.2666666671875 0.2469135796875 0.2666666671875 0.2790123453125 0.2666666671875 0.3111111109375 0.28472222187499996 0.3111111109375 0.302777778125 0.3111111109375
3 0.5361111109375 0.77283950625 0.5361111109375 0.7370370375 0.5361111109375 0.7012345671875 0.5125 0.7012345671875 0.4888888890625 0.7012345671875 0.4888888890625 0.7370370375 0.4888888890625 0.77283950625 0.5125 0.77283950625 0.5361111109375 0.77283950625
1 0.665277778125 0.6666666671875 0.665277778125 0.6370370375000001 0.665277778125 0.6074074078125 0.6263888890625 0.6074074078125 0.5875 0.6074074078125 0.5875 0.6370370375000001 0.5875 0.6666666671875 0.6263888890625 0.6666666671875 0.665277778125 0.6666666671875
1 0.7486111109375 0.6469135796875001 0.7486111109375 0.6086419750000001 0.7486111109375 0.5703703703125 0.7194444437499999 0.5703703703125 0.690277778125 0.5703703703125 0.690277778125 0.6086419750000001 0.690277778125 0.6469135796875001 0.7194444437499999 0.6469135796875001 0.7486111109375 0.6469135796875001