2 0.9208333328125 0.8197530859375 0.9208333328125 0.795061728125 0.9208333328125 0.7703703703125 0.9076388890624999 0.7703703703125 0.89444444375 0.7703703703125 0.89444444375 0.795061728125 0.89444444375 0.8197530859375 0.9076388890624999 0.8197530859375 0.9208333328125 0.8197530859375
3 0.797222221875 0.9358024687500001 0.797222221875 0.8975308640625 0.797222221875 0.859259259375 0.775 0.859259259375 0.752777778125 0.859259259375 0.752777778125 0.8975308640625 0.752777778125 0.9358024687500001 0.775 0.9358024687500001 0.797222221875 0.9358024687500001
3 0.6875 0.91851851875 0.6875 0.8629629624999999 0.6875 0.8074074078125 0.659027778125 0.8074074078125 0.63055555625 0.8074074078125 0.63055555625 0.8629629624999999 0.63055555625 0.91851851875 0.659027778125 0.91851851875 0.6875 0.91851851875
3 0.40694444374999994 0.777777778125 0.40694444374999994 0.7296296296875 0.40694444374999994 0.68148148125 0.3770833328125 0.68148148125 0.34722222187499996 0.68148148125 0.34722222187499996 0.7296296296875 0.34722222187499996 0.777777778125 0.3770833328125 0.777777778125 0.40694444374999994 0.777777778125
0 0.15277777812499999 0.950617284375 0.15277777812499999 0.8851851859375 0.15277777812499999 0.8197530859375 0.103472221875 0.8197530859375 0.054166667187499996 0.8197530859375 0.054166667187499996 0.8851851859375 0.054166667187499996 0.950617284375 0.103472221875 0.950617284375 0.15277777812499999 0.950617284375
0 0.35694444375 0.10123456718749999 0.35694444375 0.077777778125 0.35694444375 0.054320987499999994 0.3416666671875 0.054320987499999994 0.3263888890625 0.054320987499999994 0.3263888890625 0.077777778125 0.3263888890625 0.10123456718749999 0.3416666671875 0.10123456718749999 0.35694444375 0.10123456718749999
0 0.49305555625 0.12345679062499999 0.49305555625 0.0888888890625 0.49305555625 0.054320987499999994 0.47222222187499996 0.054320987499999994 0.4513888890625 0.054320987499999994 0.4513888890625 0.0888888890625 0.4513888890625 0.12345679062499999 0.47222222187499996 0.12345679062499999 0.49305555625 0.12345679062499999
0 0.3763888890625 0.6370370375000001 0.3763888890625 0.5987654328125 0.3763888890625 0.5604938265625 0.34861111093749997 0.5604938265625 0.32083333281250004 0.5604938265625 0.32083333281250004 0.5987654328125 0.32083333281250004 0.6370370375000001 0.34861111093749997 0.6370370375000001 0.3763888890625 0.6370370375000001
0 0.9013888890624999 0.7333333328125 0.9013888890624999 0.6888888890625 0.9013888890624999 0.64444444375 0.8791666671874999 0.64444444375 0.85694444375 0.64444444375 0.85694444375 0.6888888890625 0.85694444375 0.7333333328125 0.8791666671874999 0.7333333328125 0.9013888890624999 0.7333333328125
0 0.827777778125 0.8691358031249999 0.827777778125 0.8098765437500001 0.827777778125 0.750617284375 0.8 0.750617284375 0.772222221875 0.750617284375 0.772222221875 0.8098765437500001 0.772222221875 0.8691358031249999 0.8 0.8691358031249999 0.827777778125 0.8691358031249999
0 0.5916666671875 0.641975309375 0.5916666671875 0.5888888890625 0.5916666671875 0.53580246875 0.56805555625 0.53580246875 0.54444444375 0.53580246875 0.54444444375 0.5888888890625 0.54444444375 0.641975309375 0.56805555625 0.641975309375 0.5916666671875 0.641975309375
0 0.375 0.4296296296875 0.375 0.3802469140625 0.375 0.330864196875 0.34861111093749997 0.330864196875 0.322222221875 0.330864196875 0.322222221875 0.3802469140625 0.322222221875 0.4296296296875 0.34861111093749997 0.4296296296875 0.375 0.4296296296875