0 0.059722221875 0.2469135796875 0.059722221875 0.141975309375 0.059722221875 0.037037037499999995 0.030555556249999997 0.037037037499999995 0.0013888890625 0.037037037499999995 0.0013888890625 0.141975309375 0.0013888890625 0.2469135796875 0.030555556249999997 0.2469135796875 0.059722221875 0.2469135796875
0 0.20138888906250002 0.5753086421875 0.20138888906250002 0.4839506171875 0.20138888906250002 0.3925925921875 0.1451388890625 0.3925925921875 0.0888888890625 0.3925925921875 0.0888888890625 0.4839506171875 0.0888888890625 0.5753086421875 0.1451388890625 0.5753086421875 0.20138888906250002 0.5753086421875
0 0.325 0.5975308640625 0.325 0.508641975 0.325 0.4197530859375 0.275 0.4197530859375 0.225 0.4197530859375 0.225 0.508641975 0.225 0.5975308640625 0.275 0.5975308640625 0.325 0.5975308640625
0 0.4361111109375 0.632098765625 0.4361111109375 0.5333333328125 0.4361111109375 0.43456790156249997 0.384722221875 0.43456790156249997 0.3333333328125 0.43456790156249997 0.3333333328125 0.5333333328125 0.3333333328125 0.632098765625 0.384722221875 0.632098765625 0.4361111109375 0.632098765625
0 0.5625 0.6716049374999999 0.5625 0.5753086421875 0.5625 0.47901234531250003 0.5097222218749999 0.47901234531250003 0.45694444375 0.47901234531250003 0.45694444375 0.5753086421875 0.45694444375 0.6716049374999999 0.5097222218749999 0.6716049374999999 0.5625 0.6716049374999999
0 0.709722221875 0.6567901234375 0.709722221875 0.5641975312499999 0.709722221875 0.4716049375 0.64305555625 0.4716049375 0.5763888890625 0.4716049375 0.5763888890625 0.5641975312499999 0.5763888890625 0.6567901234375 0.64305555625 0.6567901234375 0.709722221875 0.6567901234375
0 0.7430555562500001 0.350617284375 0.7430555562500001 0.25679012343749996 0.7430555562500001 0.1629629625 0.6895833328125 0.1629629625 0.6361111109375 0.1629629625 0.6361111109375 0.25679012343749996 0.6361111109375 0.350617284375 0.6895833328125 0.350617284375 0.7430555562500001 0.350617284375
0 0.502777778125 0.4987654328125 0.502777778125 0.4012345671875 0.502777778125 0.303703703125 0.4479166671875 0.303703703125 0.39305555625 0.303703703125 0.39305555625 0.4012345671875 0.39305555625 0.4987654328125 0.4479166671875 0.4987654328125 0.502777778125 0.4987654328125
0 0.4 0.459259259375 0.4 0.38148148125 0.4 0.303703703125 0.3548611109375 0.303703703125 0.309722221875 0.303703703125 0.309722221875 0.38148148125 0.309722221875 0.459259259375 0.3548611109375 0.459259259375 0.4 0.459259259375
0 0.6777777781250001 1 0.6777777781250001 0.940740740625 0.6777777781250001 0.88148148125 0.61875 0.88148148125 0.559722221875 0.88148148125 0.559722221875 0.940740740625 0.559722221875 1 0.61875 1 0.6777777781250001 1
3 0.26944444375 0.713580246875 0.26944444375 0.649382715625 0.26944444375 0.5851851859375 0.23611111093749998 0.5851851859375 0.20277777812500003 0.5851851859375 0.20277777812500003 0.649382715625 0.20277777812500003 0.713580246875 0.23611111093749998 0.713580246875 0.26944444375 0.713580246875
3 0.240277778125 0.940740740625 0.240277778125 0.8469135796874999 0.240277778125 0.7530864203125 0.1923611109375 0.7530864203125 0.14444444375 0.7530864203125 0.14444444375 0.8469135796874999 0.14444444375 0.940740740625 0.1923611109375 0.940740740625 0.240277778125 0.940740740625
3 0.7430555562500001 0.9308641968750001 0.7430555562500001 0.8370370375 0.7430555562500001 0.7432098765624999 0.6972222218749999 0.7432098765624999 0.6513888890625 0.7432098765624999 0.6513888890625 0.8370370375 0.6513888890625 0.9308641968750001 0.6972222218749999 0.9308641968750001 0.7430555562500001 0.9308641968750001
3 0.7083333328125 0.7012345671875 0.7083333328125 0.6530864203125 0.7083333328125 0.604938271875 0.675 0.604938271875 0.6416666671875 0.604938271875 0.6416666671875 0.6530864203125 0.6416666671875 0.7012345671875 0.675 0.7012345671875 0.7083333328125 0.7012345671875
3 0.86944444375 0.8790123453125 0.86944444375 0.7395061734375 0.86944444375 0.6 0.7909722218749999 0.6 0.7125 0.6 0.7125 0.7395061734375 0.7125 0.8790123453125 0.7909722218749999 0.8790123453125 0.86944444375 0.8790123453125
3 0.83055555625 1 0.83055555625 0.9432098765625 0.83055555625 0.886419753125 0.7743055562500001 0.886419753125 0.7180555562500001 0.886419753125 0.7180555562500001 0.9432098765625 0.7180555562500001 1 0.7743055562500001 1 0.83055555625 1
3 0.33194444375 0.2370370375 0.33194444375 0.1567901234375 0.33194444375 0.076543209375 0.27291666718749996 0.076543209375 0.2138888890625 0.076543209375 0.2138888890625 0.1567901234375 0.2138888890625 0.2370370375 0.27291666718749996 0.2370370375 0.33194444375 0.2370370375