0 0.26944444375 0.5604938265625 0.26944444375 0.5135802468749999 0.26944444375 0.46666666718750005 0.23472222187499997 0.46666666718750005 0.2 0.46666666718750005 0.2 0.5135802468749999 0.2 0.5604938265625 0.23472222187499997 0.5604938265625 0.26944444375 0.5604938265625
0 0.43333333281249997 0.3432098765625 0.43333333281249997 0.296296296875 0.43333333281249997 0.249382715625 0.40416666718750005 0.249382715625 0.375 0.249382715625 0.375 0.296296296875 0.375 0.3432098765625 0.40416666718750005 0.3432098765625 0.43333333281249997 0.3432098765625
0 0.3513888890625 0.2123456796875 0.3513888890625 0.16790123437499999 0.3513888890625 0.12345679062499999 0.32083333281250004 0.12345679062499999 0.290277778125 0.12345679062499999 0.290277778125 0.16790123437499999 0.290277778125 0.2123456796875 0.32083333281250004 0.2123456796875 0.3513888890625 0.2123456796875
0 0.5013888890625 0.3283950625 0.5013888890625 0.2790123453125 0.5013888890625 0.2296296296875 0.47430555625000004 0.2296296296875 0.447222221875 0.2296296296875 0.447222221875 0.2790123453125 0.447222221875 0.3283950625 0.47430555625000004 0.3283950625 0.5013888890625 0.3283950625
0 0.55694444375 0.323456790625 0.55694444375 0.26419753125 0.55694444375 0.204938271875 0.528472221875 0.204938271875 0.5 0.204938271875 0.5 0.26419753125 0.5 0.323456790625 0.528472221875 0.323456790625 0.55694444375 0.323456790625
0 0.6166666671875001 0.35802469062500003 0.6166666671875001 0.313580246875 0.6166666671875001 0.269135803125 0.590277778125 0.269135803125 0.5638888890625 0.269135803125 0.5638888890625 0.313580246875 0.5638888890625 0.35802469062500003 0.590277778125 0.35802469062500003 0.6166666671875001 0.35802469062500003
0 0.6888888890625 0.35555555625 0.6888888890625 0.31234567968750004 0.6888888890625 0.269135803125 0.659722221875 0.269135803125 0.63055555625 0.269135803125 0.63055555625 0.31234567968750004 0.63055555625 0.35555555625 0.659722221875 0.35555555625 0.6888888890625 0.35555555625
0 0.722222221875 0.269135803125 0.722222221875 0.2246913578125 0.722222221875 0.18024691406249999 0.69305555625 0.18024691406249999 0.6638888890625 0.18024691406249999 0.6638888890625 0.2246913578125 0.6638888890625 0.269135803125 0.69305555625 0.269135803125 0.722222221875 0.269135803125
0 0.55694444375 0.5333333328125 0.55694444375 0.47407407343749997 0.55694444375 0.4148148140625 0.5083333328124999 0.4148148140625 0.459722221875 0.4148148140625 0.459722221875 0.47407407343749997 0.459722221875 0.5333333328125 0.5083333328124999 0.5333333328125 0.55694444375 0.5333333328125
0 0.490277778125 0.6370370375000001 0.490277778125 0.5925925921874999 0.490277778125 0.5481481484375 0.46180555625 0.5481481484375 0.43333333281249997 0.5481481484375 0.43333333281249997 0.5925925921874999 0.43333333281249997 0.6370370375000001 0.46180555625 0.6370370375000001 0.490277778125 0.6370370375000001
0 0.5541666671875001 0.7925925921875 0.5541666671875001 0.732098765625 0.5541666671875001 0.6716049374999999 0.5215277781250001 0.6716049374999999 0.4888888890625 0.6716049374999999 0.4888888890625 0.732098765625 0.4888888890625 0.7925925921875 0.5215277781250001 0.7925925921875 0.5541666671875001 0.7925925921875
0 0.68194444375 0.8617283953125 0.68194444375 0.7938271609374999 0.68194444375 0.7259259265625 0.6361111109375 0.7259259265625 0.590277778125 0.7259259265625 0.590277778125 0.7938271609374999 0.590277778125 0.8617283953125 0.6361111109375 0.8617283953125 0.68194444375 0.8617283953125
0 0.627777778125 0.7432098765624999 0.627777778125 0.6753086421875001 0.627777778125 0.6074074078125 0.5895833328125 0.6074074078125 0.5513888890625 0.6074074078125 0.5513888890625 0.6753086421875001 0.5513888890625 0.7432098765624999 0.5895833328125 0.7432098765624999 0.627777778125 0.7432098765624999
3 0.3513888890625 0.6888888890625 0.3513888890625 0.641975309375 0.3513888890625 0.5950617281249999 0.31944444375000003 0.5950617281249999 0.2875 0.5950617281249999 0.2875 0.641975309375 0.2875 0.6888888890625 0.31944444375000003 0.6888888890625 0.3513888890625 0.6888888890625