0 0.1 0.6123456796875 0.1 0.46419753124999996 0.1 0.3160493828125 0.05069444375 0.3160493828125 0.0013888890625 0.3160493828125 0.0013888890625 0.46419753124999996 0.0013888890625 0.6123456796875 0.05069444375 0.6123456796875 0.1 0.6123456796875
0 0.222222221875 0.6123456796875 0.222222221875 0.49629629687500004 0.222222221875 0.3802469140625 0.16805555625 0.3802469140625 0.11388888906250001 0.3802469140625 0.11388888906250001 0.49629629687500004 0.11388888906250001 0.6123456796875 0.16805555625 0.6123456796875 0.222222221875 0.6123456796875
0 0.3125 0.7012345671875 0.3125 0.5802469140625 0.3125 0.459259259375 0.25694444375000003 0.459259259375 0.20138888906250002 0.459259259375 0.20138888906250002 0.5802469140625 0.20138888906250002 0.7012345671875 0.25694444375000003 0.7012345671875 0.3125 0.7012345671875
0 0.272222221875 1 0.272222221875 0.8506172843750001 0.272222221875 0.7012345671875 0.184722221875 0.7012345671875 0.097222221875 0.7012345671875 0.097222221875 0.8506172843750001 0.097222221875 1 0.184722221875 1 0.272222221875 1
0 0.3888888890625 1 0.3888888890625 0.858024690625 0.3888888890625 0.7160493828125001 0.3333333328125 0.7160493828125001 0.27777777812500004 0.7160493828125001 0.27777777812500004 0.858024690625 0.27777777812500004 1 0.3333333328125 1 0.3888888890625 1
0 0.4875 0.9086419749999999 0.4875 0.8086419749999999 0.4875 0.708641975 0.43194444374999996 0.708641975 0.3763888890625 0.708641975 0.3763888890625 0.8086419749999999 0.3763888890625 0.9086419749999999 0.43194444374999996 0.9086419749999999 0.4875 0.9086419749999999
0 0.5583333328125 0.540740740625 0.5583333328125 0.43827160468750004 0.5583333328125 0.33580246874999997 0.5048611109375 0.33580246874999997 0.4513888890625 0.33580246874999997 0.4513888890625 0.43827160468750004 0.4513888890625 0.540740740625 0.5048611109375 0.540740740625 0.5583333328125 0.540740740625
0 0.5 0.313580246875 0.5 0.2469135796875 0.5 0.18024691406249999 0.45416666718750004 0.18024691406249999 0.40833333281249995 0.18024691406249999 0.40833333281249995 0.2469135796875 0.40833333281249995 0.313580246875 0.45416666718750004 0.313580246875 0.5 0.313580246875
0 0.36944444375 0.3456790125 0.36944444375 0.2604938265625 0.36944444375 0.1753086421875 0.31944444375000003 0.1753086421875 0.26944444375 0.1753086421875 0.26944444375 0.2604938265625 0.26944444375 0.3456790125 0.31944444375000003 0.3456790125 0.36944444375 0.3456790125
0 0.32777777812500003 0.16790123437499999 0.32777777812500003 0.0925925921875 0.32777777812500003 0.01728395 0.29305555625 0.01728395 0.25833333281250004 0.01728395 0.25833333281250004 0.0925925921875 0.25833333281250004 0.16790123437499999 0.29305555625 0.16790123437499999 0.32777777812500003 0.16790123437499999
0 0.9638888890624999 0.3851851859375 0.9638888890624999 0.296296296875 0.9638888890624999 0.20740740781250003 0.9208333328125 0.20740740781250003 0.877777778125 0.20740740781250003 0.877777778125 0.296296296875 0.877777778125 0.3851851859375 0.9208333328125 0.3851851859375 0.9638888890624999 0.3851851859375
2 0.8041666671875 0.6666666671875 0.8041666671875 0.604938271875 0.8041666671875 0.5432098765625 0.772222221875 0.5432098765625 0.7402777781250001 0.5432098765625 0.7402777781250001 0.604938271875 0.7402777781250001 0.6666666671875 0.772222221875 0.6666666671875 0.8041666671875 0.6666666671875
2 0.8680555562500001 0.45432098749999994 0.8680555562500001 0.3802469140625 0.8680555562500001 0.3061728390625 0.8340277781250001 0.3061728390625 0.8 0.3061728390625 0.8 0.3802469140625 0.8 0.45432098749999994 0.8340277781250001 0.45432098749999994 0.8680555562500001 0.45432098749999994