0 0.2708333328125 0.3432098765625 0.2708333328125 0.2123456796875 0.2708333328125 0.08148148125 0.197222221875 0.08148148125 0.12361111093749999 0.08148148125 0.12361111093749999 0.2123456796875 0.12361111093749999 0.3432098765625 0.197222221875 0.3432098765625 0.2708333328125 0.3432098765625
0 0.40833333281249995 0.20246913593750002 0.40833333281249995 0.11358024687499998 0.40833333281249995 0.024691357812500002 0.3451388890625 0.024691357812500002 0.28194444375 0.024691357812500002 0.28194444375 0.11358024687499998 0.28194444375 0.20246913593750002 0.3451388890625 0.20246913593750002 0.40833333281249995 0.20246913593750002
0 0.41944444374999995 0.4024691359375 0.41944444374999995 0.29135802499999996 0.41944444374999995 0.18024691406249999 0.34930555625 0.18024691406249999 0.2791666671875 0.18024691406249999 0.2791666671875 0.29135802499999996 0.2791666671875 0.4024691359375 0.34930555625 0.4024691359375 0.41944444374999995 0.4024691359375
0 0.3 0.5259259265625 0.3 0.403703703125 0.3 0.28148148125 0.2375 0.28148148125 0.175 0.28148148125 0.175 0.403703703125 0.175 0.5259259265625 0.2375 0.5259259265625 0.3 0.5259259265625
0 0.1888888890625 0.4839506171875 0.1888888890625 0.3925925921875 0.1888888890625 0.30123456718749997 0.1291666671875 0.30123456718749997 0.06944444375 0.30123456718749997 0.06944444375 0.3925925921875 0.06944444375 0.4839506171875 0.1291666671875 0.4839506171875 0.1888888890625 0.4839506171875
0 0.30555555624999997 0.8123456796875 0.30555555624999997 0.6530864203125 0.30555555624999997 0.49382716093749995 0.2173611109375 0.49382716093749995 0.1291666671875 0.49382716093749995 0.1291666671875 0.6530864203125 0.1291666671875 0.8123456796875 0.2173611109375 0.8123456796875 0.30555555624999997 0.8123456796875
0 0.36944444375 0.9901234562499999 0.36944444375 0.8691358031249999 0.36944444375 0.7481481484375 0.30694444375 0.7481481484375 0.24444444375000002 0.7481481484375 0.24444444375000002 0.8691358031249999 0.24444444375000002 0.9901234562499999 0.30694444375 0.9901234562499999 0.36944444375 0.9901234562499999
0 0.427777778125 0.62716049375 0.427777778125 0.503703703125 0.427777778125 0.3802469140625 0.3604166671875 0.3802469140625 0.29305555625 0.3802469140625 0.29305555625 0.503703703125 0.29305555625 0.62716049375 0.3604166671875 0.62716049375 0.427777778125 0.62716049375
0 0.5722222218749999 0.8740740734375001 0.5722222218749999 0.7345679015625 0.5722222218749999 0.5950617281249999 0.5 0.5950617281249999 0.427777778125 0.5950617281249999 0.427777778125 0.7345679015625 0.427777778125 0.8740740734375001 0.5 0.8740740734375001 0.5722222218749999 0.8740740734375001
0 0.5875 0.6370370375000001 0.5875 0.540740740625 0.5875 0.44444444375 0.5409722218749999 0.44444444375 0.49444444374999996 0.44444444375 0.49444444374999996 0.540740740625 0.49444444374999996 0.6370370375000001 0.5409722218749999 0.6370370375000001 0.5875 0.6370370375000001
0 0.7763888890625 0.977777778125 0.7763888890625 0.8481481484375 0.7763888890625 0.7185185187500001 0.71319444375 0.7185185187500001 0.65 0.7185185187500001 0.65 0.8481481484375 0.65 0.977777778125 0.71319444375 0.977777778125 0.7763888890625 0.977777778125
0 0.6708333328125 0.49382716093749995 0.6708333328125 0.4074074078125 0.6708333328125 0.3209876546875 0.621527778125 0.3209876546875 0.5722222218749999 0.3209876546875 0.5722222218749999 0.4074074078125 0.5722222218749999 0.49382716093749995 0.621527778125 0.49382716093749995 0.6708333328125 0.49382716093749995
0 0.6083333328125 0.3333333328125 0.6083333328125 0.2629629625 0.6083333328125 0.1925925921875 0.5583333328125 0.1925925921875 0.5083333328124999 0.1925925921875 0.5083333328124999 0.2629629625 0.5083333328124999 0.3333333328125 0.5583333328125 0.3333333328125 0.6083333328125 0.3333333328125
0 0.5833333328125 0.45432098749999994 0.5833333328125 0.377777778125 0.5833333328125 0.30123456718749997 0.5319444437499999 0.30123456718749997 0.48055555625 0.30123456718749997 0.48055555625 0.377777778125 0.48055555625 0.45432098749999994 0.5319444437499999 0.45432098749999994 0.5833333328125 0.45432098749999994
0 0.5125 0.3481481484375 0.5125 0.2617283953125 0.5125 0.1753086421875 0.46875 0.1753086421875 0.425 0.1753086421875 0.425 0.2617283953125 0.425 0.3481481484375 0.46875 0.3481481484375 0.5125 0.3481481484375
0 0.70694444375 0.40987654375 0.70694444375 0.3432098765625 0.70694444375 0.276543209375 0.6791666671875001 0.276543209375 0.6513888890625 0.276543209375 0.6513888890625 0.3432098765625 0.6513888890625 0.40987654375 0.6791666671875001 0.40987654375 0.70694444375 0.40987654375
0 0.690277778125 0.2938271609375 0.690277778125 0.23333333281250002 0.690277778125 0.17283950625 0.65 0.17283950625 0.609722221875 0.17283950625 0.609722221875 0.23333333281250002 0.609722221875 0.2938271609375 0.65 0.2938271609375 0.690277778125 0.2938271609375
0 0.672222221875 0.18024691406249999 0.672222221875 0.11728395 0.672222221875 0.054320987499999994 0.6361111109375 0.054320987499999994 0.6 0.054320987499999994 0.6 0.11728395 0.6 0.18024691406249999 0.6361111109375 0.18024691406249999 0.672222221875 0.18024691406249999
0 0.6361111109375 0.09629629687499999 0.6361111109375 0.050617284375 0.6361111109375 0.004938271875 0.5979166671875 0.004938271875 0.559722221875 0.004938271875 0.559722221875 0.050617284375 0.559722221875 0.09629629687499999 0.5979166671875 0.09629629687499999 0.6361111109375 0.09629629687499999