0 0.14444444375 0.632098765625 0.14444444375 0.5296296296875 0.14444444375 0.42716049375000004 0.07638888906249999 0.42716049375000004 0.0083333328125 0.42716049375000004 0.0083333328125 0.5296296296875 0.0083333328125 0.632098765625 0.07638888906249999 0.632098765625 0.14444444375 0.632098765625
0 0.25694444375000003 0.3111111109375 0.25694444375000003 0.23456790156250001 0.25694444375000003 0.158024690625 0.20972222187499998 0.158024690625 0.1625 0.158024690625 0.1625 0.23456790156250001 0.1625 0.3111111109375 0.20972222187499998 0.3111111109375 0.25694444375000003 0.3111111109375
0 0.1666666671875 0.21728394999999998 0.1666666671875 0.1432098765625 0.1666666671875 0.06913580312499999 0.11805555625 0.06913580312499999 0.06944444375 0.06913580312499999 0.06944444375 0.1432098765625 0.06944444375 0.21728394999999998 0.11805555625 0.21728394999999998 0.1666666671875 0.21728394999999998
0 0.3125 0.1876543203125 0.3125 0.10123456718749999 0.3125 0.0148148140625 0.25347222187499996 0.0148148140625 0.19444444375 0.0148148140625 0.19444444375 0.10123456718749999 0.19444444375 0.1876543203125 0.25347222187499996 0.1876543203125 0.3125 0.1876543203125
0 0.43333333281249997 0.276543209375 0.43333333281249997 0.177777778125 0.43333333281249997 0.0790123453125 0.3791666671875 0.0790123453125 0.325 0.0790123453125 0.325 0.177777778125 0.325 0.276543209375 0.3791666671875 0.276543209375 0.43333333281249997 0.276543209375
0 0.3083333328125 0.9481481484375 0.3083333328125 0.8567901234375 0.3083333328125 0.7654320984375 0.25486111093749997 0.7654320984375 0.20138888906250002 0.7654320984375 0.20138888906250002 0.8567901234375 0.20138888906250002 0.9481481484375 0.25486111093749997 0.9481481484375 0.3083333328125 0.9481481484375
0 0.45694444375 0.8222222218749999 0.45694444375 0.730864196875 0.45694444375 0.6395061734375 0.415277778125 0.6395061734375 0.3736111109375 0.6395061734375 0.3736111109375 0.730864196875 0.3736111109375 0.8222222218749999 0.415277778125 0.8222222218749999 0.45694444375 0.8222222218749999
0 0.4 1 0.4 0.91851851875 0.4 0.8370370375 0.3576388890625 0.8370370375 0.315277778125 0.8370370375 0.315277778125 0.91851851875 0.315277778125 1 0.3576388890625 1 0.4 1
0 0.5 1 0.5 0.9358024687500001 0.5 0.8716049375000001 0.45277777812500003 0.8716049375000001 0.40555555625000006 0.8716049375000001 0.40555555625000006 0.9358024687500001 0.40555555625000006 1 0.45277777812500003 1 0.5 1
0 0.5583333328125 0.8888888890625 0.5583333328125 0.7790123453125 0.5583333328125 0.669135803125 0.5048611109375 0.669135803125 0.4513888890625 0.669135803125 0.4513888890625 0.7790123453125 0.4513888890625 0.8888888890625 0.5048611109375 0.8888888890625 0.5583333328125 0.8888888890625
0 0.6208333328125 1 0.6208333328125 0.941975309375 0.6208333328125 0.8839506171875 0.5694444437499999 0.8839506171875 0.51805555625 0.8839506171875 0.51805555625 0.941975309375 0.51805555625 1 0.5694444437499999 1 0.6208333328125 1
0 0.7666666671875 1 0.7666666671875 0.9209876546875 0.7666666671875 0.841975309375 0.7076388890625 0.841975309375 0.6486111109375 0.841975309375 0.6486111109375 0.9209876546875 0.6486111109375 1 0.7076388890625 1 0.7666666671875 1
0 0.809722221875 0.659259259375 0.809722221875 0.558024690625 0.809722221875 0.45679012343750003 0.7520833328125 0.45679012343750003 0.6944444437499999 0.45679012343750003 0.6944444437499999 0.558024690625 0.6944444437499999 0.659259259375 0.7520833328125 0.659259259375 0.809722221875 0.659259259375
2 0.725 0.32592592656249997 0.725 0.2456790125 0.725 0.1654320984375 0.684722221875 0.1654320984375 0.64444444375 0.1654320984375 0.64444444375 0.2456790125 0.64444444375 0.32592592656249997 0.684722221875 0.32592592656249997 0.725 0.32592592656249997
3 0.38194444375000003 0.5679012343750001 0.38194444375000003 0.47407407343749997 0.38194444375000003 0.3802469140625 0.3229166671875 0.3802469140625 0.2638888890625 0.3802469140625 0.2638888890625 0.47407407343749997 0.2638888890625 0.5679012343750001 0.3229166671875 0.5679012343750001 0.38194444375000003 0.5679012343750001
3 0.5263888890625 0.10123456718749999 0.5263888890625 0.054320987499999994 0.5263888890625 0.0074074078125 0.49305555625 0.0074074078125 0.459722221875 0.0074074078125 0.459722221875 0.054320987499999994 0.459722221875 0.10123456718749999 0.49305555625 0.10123456718749999 0.5263888890625 0.10123456718749999