0 0.6138888890625 0.2395061734375 0.6138888890625 0.12098765468749999 0.6138888890625 0.0024691359375 0.546527778125 0.0024691359375 0.4791666671875 0.0024691359375 0.4791666671875 0.12098765468749999 0.4791666671875 0.2395061734375 0.546527778125 0.2395061734375 0.6138888890625 0.2395061734375
1 0.8625 0.6666666671875 0.8625 0.5790123453125 0.8625 0.491358025 0.7354166671875 0.491358025 0.6083333328125 0.491358025 0.6083333328125 0.5790123453125 0.6083333328125 0.6666666671875 0.7354166671875 0.6666666671875 0.8625 0.6666666671875
3 0.49583333281249997 0.62716049375 0.49583333281249997 0.540740740625 0.49583333281249997 0.45432098749999994 0.46805555625000006 0.45432098749999994 0.440277778125 0.45432098749999994 0.440277778125 0.540740740625 0.440277778125 0.62716049375 0.46805555625000006 0.62716049375 0.49583333281249997 0.62716049375
3 0.5305555562500001 0.7382716046875 0.5305555562500001 0.667901234375 0.5305555562500001 0.5975308640625 0.4916666671875 0.5975308640625 0.45277777812500003 0.5975308640625 0.45277777812500003 0.667901234375 0.45277777812500003 0.7382716046875 0.4916666671875 0.7382716046875 0.5305555562500001 0.7382716046875
3 0.5236111109375 1 0.5236111109375 0.9296296296875 0.5236111109375 0.859259259375 0.4826388890625 0.859259259375 0.44166666718750003 0.859259259375 0.44166666718750003 0.9296296296875 0.44166666718750003 1 0.4826388890625 1 0.5236111109375 1
3 0.590277778125 0.3432098765625 0.590277778125 0.28148148125 0.590277778125 0.2197530859375 0.55625 0.2197530859375 0.522222221875 0.2197530859375 0.522222221875 0.28148148125 0.522222221875 0.3432098765625 0.55625 0.3432098765625 0.590277778125 0.3432098765625
3 0.5111111109375 0.41234567968749997 0.5111111109375 0.3567901234375 0.5111111109375 0.30123456718749997 0.48194444374999995 0.30123456718749997 0.45277777812500003 0.30123456718749997 0.45277777812500003 0.3567901234375 0.45277777812500003 0.41234567968749997 0.48194444374999995 0.41234567968749997 0.5111111109375 0.41234567968749997
3 0.609722221875 0.5061728390625 0.609722221875 0.4370370375 0.609722221875 0.367901234375 0.5770833328125 0.367901234375 0.54444444375 0.367901234375 0.54444444375 0.4370370375 0.54444444375 0.5061728390625 0.5770833328125 0.5061728390625 0.609722221875 0.5061728390625
3 0.85 0.86419753125 0.85 0.7604938265625 0.85 0.6567901234375 0.803472221875 0.6567901234375 0.7569444437499999 0.6567901234375 0.7569444437499999 0.7604938265625 0.7569444437499999 0.86419753125 0.803472221875 0.86419753125 0.85 0.86419753125
3 0.7430555562500001 0.8098765437500001 0.7430555562500001 0.713580246875 0.7430555562500001 0.61728395 0.7041666671875 0.61728395 0.665277778125 0.61728395 0.665277778125 0.713580246875 0.665277778125 0.8098765437500001 0.7041666671875 0.8098765437500001 0.7430555562500001 0.8098765437500001
3 0.95555555625 0.8222222218749999 0.95555555625 0.74444444375 0.95555555625 0.6666666671875 0.909027778125 0.6666666671875 0.8625 0.6666666671875 0.8625 0.74444444375 0.8625 0.8222222218749999 0.909027778125 0.8222222218749999 0.95555555625 0.8222222218749999
3 0.9930555562500001 0.31851851875000003 0.9930555562500001 0.1604938265625 0.9930555562500001 0.0024691359375 0.8645833328125001 0.0024691359375 0.7361111109375 0.0024691359375 0.7361111109375 0.1604938265625 0.7361111109375 0.31851851875000003 0.8645833328125001 0.31851851875000003 0.9930555562500001 0.31851851875000003
3 0.6375 0.0987654328125 0.6375 0.050617284375 0.6375 0.0024691359375 0.5923611109375 0.0024691359375 0.547222221875 0.0024691359375 0.547222221875 0.050617284375 0.547222221875 0.0987654328125 0.5923611109375 0.0987654328125 0.6375 0.0987654328125