0 0.3625 0.97283950625 0.3625 0.896296296875 0.3625 0.8197530859375 0.321527778125 0.8197530859375 0.28055555625 0.8197530859375 0.28055555625 0.896296296875 0.28055555625 0.97283950625 0.321527778125 0.97283950625 0.3625 0.97283950625
0 0.5138888890625 0.3209876546875 0.5138888890625 0.1629629625 0.5138888890625 0.004938271875 0.42430555625000005 0.004938271875 0.334722221875 0.004938271875 0.334722221875 0.1629629625 0.334722221875 0.3209876546875 0.42430555625000005 0.3209876546875 0.5138888890625 0.3209876546875
1 0.7541666671875 0.9580246906250001 0.7541666671875 0.7753086421875001 0.7541666671875 0.5925925921874999 0.6145833328125 0.5925925921874999 0.475 0.5925925921874999 0.475 0.7753086421875001 0.475 0.9580246906250001 0.6145833328125 0.9580246906250001 0.7541666671875 0.9580246906250001
3 0.5388888890625 0.195061728125 0.5388888890625 0.0987654328125 0.5388888890625 0.0024691359375 0.4798611109375 0.0024691359375 0.42083333281249996 0.0024691359375 0.42083333281249996 0.0987654328125 0.42083333281249996 0.195061728125 0.4798611109375 0.195061728125 0.5388888890625 0.195061728125
3 1 0.0024691359375 0.840277778125 0.0024691359375 0.6805555562500001 0.0024691359375 0.6805555562500001 0.386419753125 0.6805555562500001 0.7703703703125 0.840277778125 0.7703703703125 1 0.7703703703125 1 0.386419753125 1 0.0024691359375
3 0.6569444437499999 0.641975309375 0.6569444437499999 0.503703703125 0.6569444437499999 0.3654320984375 0.5826388890625 0.3654320984375 0.5083333328124999 0.3654320984375 0.5083333328124999 0.503703703125 0.5083333328124999 0.641975309375 0.5826388890625 0.641975309375 0.6569444437499999 0.641975309375
3 0.502777778125 0.577777778125 0.502777778125 0.49506172812499993 0.502777778125 0.41234567968749997 0.4548611109375 0.41234567968749997 0.40694444374999994 0.41234567968749997 0.40694444374999994 0.49506172812499993 0.40694444374999994 0.577777778125 0.4548611109375 0.577777778125 0.502777778125 0.577777778125
3 0.4513888890625 0.4617283953125 0.4513888890625 0.4061728390625 0.4513888890625 0.350617284375 0.42083333281249996 0.350617284375 0.39027777812500003 0.350617284375 0.39027777812500003 0.4061728390625 0.39027777812500003 0.4617283953125 0.42083333281249996 0.4617283953125 0.4513888890625 0.4617283953125
3 0.49305555625 0.3802469140625 0.49305555625 0.2987654328125 0.49305555625 0.21728394999999998 0.44930555625 0.21728394999999998 0.40555555625000006 0.21728394999999998 0.40555555625000006 0.2987654328125 0.40555555625000006 0.3802469140625 0.44930555625 0.3802469140625 0.49305555625 0.3802469140625
3 0.40138888906250003 0.42469135781249995 0.40138888906250003 0.3654320984375 0.40138888906250003 0.3061728390625 0.3729166671875 0.3061728390625 0.34444444375 0.3061728390625 0.34444444375 0.3654320984375 0.34444444375 0.42469135781249995 0.3729166671875 0.42469135781249995 0.40138888906250003 0.42469135781249995
3 0.372222221875 0.6666666671875 0.372222221875 0.5753086421875 0.372222221875 0.4839506171875 0.33055555625 0.4839506171875 0.2888888890625 0.4839506171875 0.2888888890625 0.5753086421875 0.2888888890625 0.6666666671875 0.33055555625 0.6666666671875 0.372222221875 0.6666666671875
3 0.24305555625 0.8098765437500001 0.24305555625 0.7469135796875 0.24305555625 0.6839506171874999 0.20347222187499997 0.6839506171874999 0.16388888906250001 0.6839506171874999 0.16388888906250001 0.7469135796875 0.16388888906250001 0.8098765437500001 0.20347222187499997 0.8098765437500001 0.24305555625 0.8098765437500001