0 0.315277778125 0.5012345671875 0.315277778125 0.45185185156249996 0.315277778125 0.4024691359375 0.2826388890625 0.4024691359375 0.25 0.4024691359375 0.25 0.45185185156249996 0.25 0.5012345671875 0.2826388890625 0.5012345671875 0.315277778125 0.5012345671875
0 0.22916666718749998 0.3432098765625 0.22916666718749998 0.30740740781250003 0.22916666718749998 0.2716049375 0.19930555625 0.2716049375 0.16944444375 0.2716049375 0.16944444375 0.30740740781250003 0.16944444375 0.3432098765625 0.19930555625 0.3432098765625 0.22916666718749998 0.3432098765625
0 0.13888888906250002 0.5111111109375 0.13888888906250002 0.46666666718750005 0.13888888906250002 0.42222222187499997 0.109722221875 0.42222222187499997 0.08055555625000001 0.42222222187499997 0.08055555625000001 0.46666666718750005 0.08055555625000001 0.5111111109375 0.109722221875 0.5111111109375 0.13888888906250002 0.5111111109375
0 0.8833333328125 0.6024691359375 0.8833333328125 0.530864196875 0.8833333328125 0.459259259375 0.85 0.459259259375 0.8166666671874999 0.459259259375 0.8166666671874999 0.530864196875 0.8166666671874999 0.6024691359375 0.85 0.6024691359375 0.8833333328125 0.6024691359375
0 0.91805555625 0.7209876546875 0.91805555625 0.658024690625 0.91805555625 0.5950617281249999 0.88055555625 0.5950617281249999 0.8430555562500001 0.5950617281249999 0.8430555562500001 0.658024690625 0.8430555562500001 0.7209876546875 0.88055555625 0.7209876546875 0.91805555625 0.7209876546875
0 0.9763888890624999 0.5333333328125 0.9763888890624999 0.45185185156249996 0.9763888890624999 0.3703703703125 0.9236111109375 0.3703703703125 0.8708333328125001 0.3703703703125 0.8708333328125001 0.45185185156249996 0.8708333328125001 0.5333333328125 0.9236111109375 0.5333333328125 0.9763888890624999 0.5333333328125
0 1 0.20987654375 0.9729166671874999 0.20987654375 0.9458333328125 0.20987654375 0.9458333328125 0.2851851859375 0.9458333328125 0.3604938265625 0.9729166671874999 0.3604938265625 1 0.3604938265625 1 0.2851851859375 1 0.20987654375
0 0.5263888890625 0.7629629625 0.5263888890625 0.7185185187500001 0.5263888890625 0.6740740734374999 0.5069444437499999 0.6740740734374999 0.4875 0.6740740734374999 0.4875 0.7185185187500001 0.4875 0.7629629625 0.5069444437499999 0.7629629625 0.5263888890625 0.7629629625
0 0.47222222187499996 0.8765432093750001 0.47222222187499996 0.8222222218749999 0.47222222187499996 0.767901234375 0.4486111109375 0.767901234375 0.425 0.767901234375 0.425 0.8222222218749999 0.425 0.8765432093750001 0.4486111109375 0.8765432093750001 0.47222222187499996 0.8765432093750001
0 0.6944444437499999 0.1925925921875 0.6944444437499999 0.150617284375 0.6944444437499999 0.10864197499999999 0.67569444375 0.10864197499999999 0.6569444437499999 0.10864197499999999 0.6569444437499999 0.150617284375 0.6569444437499999 0.1925925921875 0.67569444375 0.1925925921875 0.6944444437499999 0.1925925921875
0 0.3083333328125 0.222222221875 0.3083333328125 0.1851851859375 0.3083333328125 0.1481481484375 0.2854166671875 0.1481481484375 0.2625 0.1481481484375 0.2625 0.1851851859375 0.2625 0.222222221875 0.2854166671875 0.222222221875 0.3083333328125 0.222222221875
0 0.2833333328125 0.2790123453125 0.2833333328125 0.2432098765625 0.2833333328125 0.20740740781250003 0.2645833328125 0.20740740781250003 0.24583333281250003 0.20740740781250003 0.24583333281250003 0.2432098765625 0.24583333281250003 0.2790123453125 0.2645833328125 0.2790123453125 0.2833333328125 0.2790123453125