0 0.42083333281249996 0.64444444375 0.42083333281249996 0.59012345625 0.42083333281249996 0.53580246875 0.39097222187499997 0.53580246875 0.3611111109375 0.53580246875 0.3611111109375 0.59012345625 0.3611111109375 0.64444444375 0.39097222187499997 0.64444444375 0.42083333281249996 0.64444444375
0 0.7388888890625 0.269135803125 0.7388888890625 0.2296296296875 0.7388888890625 0.19012345625 0.7111111109375 0.19012345625 0.6833333328125 0.19012345625 0.6833333328125 0.2296296296875 0.6833333328125 0.269135803125 0.7111111109375 0.269135803125 0.7388888890625 0.269135803125
0 0.7388888890625 0.40493827187500003 0.7388888890625 0.3567901234375 0.7388888890625 0.308641975 0.7138888890625 0.308641975 0.6888888890625 0.308641975 0.6888888890625 0.3567901234375 0.6888888890625 0.40493827187500003 0.7138888890625 0.40493827187500003 0.7388888890625 0.40493827187500003
1 0.777777778125 0.9925925921875001 0.777777778125 0.88148148125 0.777777778125 0.7703703703125 0.7416666671875001 0.7703703703125 0.70555555625 0.7703703703125 0.70555555625 0.88148148125 0.70555555625 0.9925925921875001 0.7416666671875001 0.9925925921875001 0.777777778125 0.9925925921875001
1 0.8013888890624999 0.73580246875 0.8013888890624999 0.6975308640625 0.8013888890624999 0.659259259375 0.7541666671875 0.659259259375 0.70694444375 0.659259259375 0.70694444375 0.6975308640625 0.70694444375 0.73580246875 0.7541666671875 0.73580246875 0.8013888890624999 0.73580246875
1 0.8819444437499999 0.9975308640625 0.8819444437499999 0.886419753125 0.8819444437499999 0.7753086421875001 0.8361111109375001 0.7753086421875001 0.790277778125 0.7753086421875001 0.790277778125 0.886419753125 0.790277778125 0.9975308640625 0.8361111109375001 0.9975308640625 0.8819444437499999 0.9975308640625
3 0.20555555625 0.6617283953124999 0.20555555625 0.6 0.20555555625 0.5382716046875 0.1625 0.5382716046875 0.11944444375 0.5382716046875 0.11944444375 0.6 0.11944444375 0.6617283953124999 0.1625 0.6617283953124999 0.20555555625 0.6617283953124999
3 0.190277778125 0.395061728125 0.190277778125 0.350617284375 0.190277778125 0.3061728390625 0.1541666671875 0.3061728390625 0.11805555625 0.3061728390625 0.11805555625 0.350617284375 0.11805555625 0.395061728125 0.1541666671875 0.395061728125 0.190277778125 0.395061728125
3 0.522222221875 0.9037037031249999 0.522222221875 0.8481481484375 0.522222221875 0.7925925921875 0.48125 0.7925925921875 0.440277778125 0.7925925921875 0.440277778125 0.8481481484375 0.440277778125 0.9037037031249999 0.48125 0.9037037031249999 0.522222221875 0.9037037031249999
3 0.6861111109375 0.9012345671875 0.6861111109375 0.8469135796874999 0.6861111109375 0.7925925921875 0.6479166671875001 0.7925925921875 0.609722221875 0.7925925921875 0.609722221875 0.8469135796874999 0.609722221875 0.9012345671875 0.6479166671875001 0.9012345671875 0.6861111109375 0.9012345671875
3 0.9902777781250001 0.5950617281249999 0.9902777781250001 0.5555555562500001 0.9902777781250001 0.5160493828125 0.9541666671875 0.5160493828125 0.91805555625 0.5160493828125 0.91805555625 0.5555555562500001 0.91805555625 0.5950617281249999 0.9541666671875 0.5950617281249999 0.9902777781250001 0.5950617281249999