0 0.20138888906250002 0.3283950625 0.20138888906250002 0.2469135796875 0.20138888906250002 0.1654320984375 0.1416666671875 0.1654320984375 0.08194444375 0.1654320984375 0.08194444375 0.2469135796875 0.08194444375 0.3283950625 0.1416666671875 0.3283950625 0.20138888906250002 0.3283950625
0 0.83055555625 0.604938271875 0.83055555625 0.5395061734375 0.83055555625 0.47407407343749997 0.7909722218749999 0.47407407343749997 0.7513888890625 0.47407407343749997 0.7513888890625 0.5395061734375 0.7513888890625 0.604938271875 0.7909722218749999 0.604938271875 0.83055555625 0.604938271875
0 0.9875 0.40987654375 0.9875 0.3567901234375 0.9875 0.303703703125 0.95555555625 0.303703703125 0.9236111109375 0.303703703125 0.9236111109375 0.3567901234375 0.9236111109375 0.40987654375 0.95555555625 0.40987654375 0.9875 0.40987654375
0 0.64305555625 0.3456790125 0.64305555625 0.3024691359375 0.64305555625 0.259259259375 0.61875 0.259259259375 0.5944444437499999 0.259259259375 0.5944444437499999 0.3024691359375 0.5944444437499999 0.3456790125 0.61875 0.3456790125 0.64305555625 0.3456790125
0 0.6236111109375 0.10123456718749999 0.6236111109375 0.055555556250000006 0.6236111109375 0.00987654375 0.5930555562500001 0.00987654375 0.5625 0.00987654375 0.5625 0.055555556250000006 0.5625 0.10123456718749999 0.5930555562500001 0.10123456718749999 0.6236111109375 0.10123456718749999
1 0.734722221875 0.8 0.734722221875 0.7246913578124999 0.734722221875 0.649382715625 0.6895833328125 0.649382715625 0.64444444375 0.649382715625 0.64444444375 0.7246913578124999 0.64444444375 0.8 0.6895833328125 0.8 0.734722221875 0.8
1 0.622222221875 1 0.622222221875 0.9469135796874999 0.622222221875 0.8938271609375 0.5930555562500001 0.8938271609375 0.5638888890625 0.8938271609375 0.5638888890625 0.9469135796874999 0.5638888890625 1 0.5930555562500001 1 0.622222221875 1
3 0.177777778125 0.9283950624999999 0.177777778125 0.859259259375 0.177777778125 0.79012345625 0.1166666671875 0.79012345625 0.055555556250000006 0.79012345625 0.055555556250000006 0.859259259375 0.055555556250000006 0.9283950624999999 0.1166666671875 0.9283950624999999 0.177777778125 0.9283950624999999
3 0.1625 0.804938271875 0.1625 0.776543209375 0.1625 0.7481481484375 0.1298611109375 0.7481481484375 0.097222221875 0.7481481484375 0.097222221875 0.776543209375 0.097222221875 0.804938271875 0.1298611109375 0.804938271875 0.1625 0.804938271875
3 0.19305555624999998 0.7185185187500001 0.19305555624999998 0.67283950625 0.19305555624999998 0.62716049375 0.15 0.62716049375 0.10694444375 0.62716049375 0.10694444375 0.67283950625 0.10694444375 0.7185185187500001 0.15 0.7185185187500001 0.19305555624999998 0.7185185187500001
3 0.459722221875 0.7703703703125 0.459722221875 0.7197530859375 0.459722221875 0.669135803125 0.42083333281249996 0.669135803125 0.38194444375000003 0.669135803125 0.38194444375000003 0.7197530859375 0.38194444375000003 0.7703703703125 0.42083333281249996 0.7703703703125 0.459722221875 0.7703703703125
3 0.2708333328125 1 0.2708333328125 0.9617283953125 0.2708333328125 0.923456790625 0.23125 0.923456790625 0.1916666671875 0.923456790625 0.1916666671875 0.9617283953125 0.1916666671875 1 0.23125 1 0.2708333328125 1
3 0.7875 0.9135802468750001 0.7875 0.8691358031249999 0.7875 0.8246913578124999 0.7569444437499999 0.8246913578124999 0.7263888890625 0.8246913578124999 0.7263888890625 0.8691358031249999 0.7263888890625 0.9135802468750001 0.7569444437499999 0.9135802468750001 0.7875 0.9135802468750001
3 0.7333333328125 0.38271605000000003 0.7333333328125 0.350617284375 0.7333333328125 0.31851851875000003 0.7083333328125 0.31851851875000003 0.6833333328125 0.31851851875000003 0.6833333328125 0.350617284375 0.6833333328125 0.38271605000000003 0.7083333328125 0.38271605000000003 0.7333333328125 0.38271605000000003