0 0.23697916718749998 0.3333333328125 0.23697916718749998 0.3020833328125 0.23697916718749998 0.2708333328125 0.214453125 0.2708333328125 0.19192708281249998 0.2708333328125 0.19192708281249998 0.3020833328125 0.19192708281249998 0.3333333328125 0.214453125 0.3333333328125 0.23697916718749998 0.3333333328125
0 0.2981770828125 0.3421296296875 0.2981770828125 0.3071759265625 0.2981770828125 0.272222221875 0.27786458281250004 0.272222221875 0.2575520828125 0.272222221875 0.2575520828125 0.3071759265625 0.2575520828125 0.3421296296875 0.27786458281250004 0.3421296296875 0.2981770828125 0.3421296296875
0 0.353125 0.3421296296875 0.353125 0.30648148124999997 0.353125 0.2708333328125 0.33346354218749996 0.2708333328125 0.3138020828125 0.2708333328125 0.3138020828125 0.30648148124999997 0.3138020828125 0.3421296296875 0.33346354218749996 0.3421296296875 0.353125 0.3421296296875
0 0.054166667187499996 0.4796296296875 0.054166667187499996 0.4546296296875 0.054166667187499996 0.4296296296875 0.039453125 0.4296296296875 0.0247395828125 0.4296296296875 0.0247395828125 0.4546296296875 0.0247395828125 0.4796296296875 0.039453125 0.4796296296875 0.054166667187499996 0.4796296296875
0 0.0830729171875 0.3634259265625 0.0830729171875 0.3395833328125 0.0830729171875 0.315740740625 0.0700520828125 0.315740740625 0.05703125 0.315740740625 0.05703125 0.3395833328125 0.05703125 0.3634259265625 0.0700520828125 0.3634259265625 0.0830729171875 0.3634259265625
0 0.1984375 0.24583333281250003 0.1984375 0.21782407343750002 0.1984375 0.1898148140625 0.18046875 0.1898148140625 0.1625 0.1898148140625 0.1625 0.21782407343750002 0.1625 0.24583333281250003 0.18046875 0.24583333281250003 0.1984375 0.24583333281250003
0 0.2526041671875 0.20601851875000002 0.2526041671875 0.1833333328125 0.2526041671875 0.1606481484375 0.23502604218749998 0.1606481484375 0.21744791718749998 0.1606481484375 0.21744791718749998 0.1833333328125 0.21744791718749998 0.20601851875000002 0.23502604218749998 0.20601851875000002 0.2526041671875 0.20601851875000002
0 0.375 0.28194444375 0.375 0.25648148125 0.375 0.23101851875 0.36015625 0.23101851875 0.3453125 0.23101851875 0.3453125 0.25648148125 0.3453125 0.28194444375 0.36015625 0.28194444375 0.375 0.28194444375
0 0.48255208281249995 0.3671296296875 0.48255208281249995 0.3414351859375 0.48255208281249995 0.315740740625 0.4682291671875 0.315740740625 0.45390625 0.315740740625 0.45390625 0.3414351859375 0.45390625 0.3671296296875 0.4682291671875 0.3671296296875 0.48255208281249995 0.3671296296875
0 0.6572916671875 0.14444444375 0.6572916671875 0.1106481484375 0.6572916671875 0.07685185156249999 0.6385416671875 0.07685185156249999 0.6197916671875 0.07685185156249999 0.6197916671875 0.1106481484375 0.6197916671875 0.14444444375 0.6385416671875 0.14444444375 0.6572916671875 0.14444444375
0 0.7177083328125 0.0921296296875 0.7177083328125 0.0645833328125 0.7177083328125 0.037037037499999995 0.6958333328124999 0.037037037499999995 0.6739583328125 0.037037037499999995 0.6739583328125 0.0645833328125 0.6739583328125 0.0921296296875 0.6958333328124999 0.0921296296875 0.7177083328125 0.0921296296875
0 0.5606770828125 0.6398148140625 0.5606770828125 0.6074074078125 0.5606770828125 0.575 0.540625 0.575 0.5205729171875 0.575 0.5205729171875 0.6074074078125 0.5205729171875 0.6398148140625 0.540625 0.6398148140625 0.5606770828125 0.6398148140625
0 0.5375 0.7388888890625 0.5375 0.703240740625 0.5375 0.6675925921875 0.5153645828125 0.6675925921875 0.49322916718750004 0.6675925921875 0.49322916718750004 0.703240740625 0.49322916718750004 0.7388888890625 0.5153645828125 0.7388888890625 0.5375 0.7388888890625
0 0.13723958281249998 0.925 0.13723958281249998 0.9013888890624999 0.13723958281249998 0.877777778125 0.11640625 0.877777778125 0.0955729171875 0.877777778125 0.0955729171875 0.9013888890624999 0.0955729171875 0.925 0.11640625 0.925 0.13723958281249998 0.925
0 0.46588541718750004 0.9416666671874999 0.46588541718750004 0.9159722218749999 0.46588541718750004 0.890277778125 0.45143229218750003 0.890277778125 0.4369791671875 0.890277778125 0.4369791671875 0.9159722218749999 0.4369791671875 0.9416666671874999 0.45143229218750003 0.9416666671874999 0.46588541718750004 0.9416666671874999
0 0.6333333328124999 0.753703703125 0.6333333328124999 0.7293981484375001 0.6333333328124999 0.7050925921875 0.6205729171875001 0.7050925921875 0.6078125 0.7050925921875 0.6078125 0.7293981484375001 0.6078125 0.753703703125 0.6205729171875001 0.753703703125 0.6333333328124999 0.753703703125
0 0.6994791671875 0.7476851859375 0.6994791671875 0.7212962968750001 0.6994791671875 0.6949074078125 0.677734375 0.6949074078125 0.6559895828125 0.6949074078125 0.6559895828125 0.7212962968750001 0.6559895828125 0.7476851859375 0.677734375 0.7476851859375 0.6994791671875 0.7476851859375