3 0.36875 0.051851851562499995 0.36875 0.0268518515625 0.36875 0.0018518515625 0.35 0.0018518515625 0.33125 0.0018518515625 0.33125 0.0268518515625 0.33125 0.051851851562499995 0.35 0.051851851562499995 0.36875 0.051851851562499995
3 0.23203125 0.4796296296875 0.23203125 0.4483796296875 0.23203125 0.4171296296875 0.2134114578125 0.4171296296875 0.19479166718750002 0.4171296296875 0.19479166718750002 0.4483796296875 0.19479166718750002 0.4796296296875 0.2134114578125 0.4796296296875 0.23203125 0.4796296296875
0 0.9057291671875 0.946296296875 0.9057291671875 0.9069444437499999 0.9057291671875 0.8675925921875001 0.8782552078125001 0.8675925921875001 0.85078125 0.8675925921875001 0.85078125 0.9069444437499999 0.85078125 0.946296296875 0.8782552078125001 0.946296296875 0.9057291671875 0.946296296875
0 0.5606770828125 0.65 0.5606770828125 0.6210648140624999 0.5606770828125 0.5921296296875 0.54140625 0.5921296296875 0.5221354171875 0.5921296296875 0.5221354171875 0.6210648140624999 0.5221354171875 0.65 0.54140625 0.65 0.5606770828125 0.65
0 0.9359375 0.11435185156250001 0.9359375 0.078703703125 0.9359375 0.04305555625 0.9186197921874999 0.04305555625 0.9013020828125 0.04305555625 0.9013020828125 0.078703703125 0.9013020828125 0.11435185156250001 0.9186197921874999 0.11435185156250001 0.9359375 0.11435185156250001
0 1 0.47083333281249995 0.982421875 0.47083333281249995 0.96484375 0.47083333281249995 0.96484375 0.515277778125 0.96484375 0.559722221875 0.982421875 0.559722221875 1 0.559722221875 1 0.515277778125 1 0.47083333281249995
0 0.9458333328125 0.3796296296875 0.9458333328125 0.3358796296875 0.9458333328125 0.2921296296875 0.9173177078125001 0.2921296296875 0.8888020828125001 0.2921296296875 0.8888020828125001 0.3358796296875 0.8888020828125001 0.3796296296875 0.9173177078125001 0.3796296296875 0.9458333328125 0.3796296296875
0 0.6692708328125 0.7763888890625 0.6692708328125 0.7506944437499999 0.6692708328125 0.725 0.6502604171875 0.725 0.63125 0.725 0.63125 0.7506944437499999 0.63125 0.7763888890625 0.6502604171875 0.7763888890625 0.6692708328125 0.7763888890625
0 0.6635416671875001 0.7138888890625 0.6635416671875001 0.6793981484375 0.6635416671875001 0.6449074078125 0.6424479171875 0.6449074078125 0.6213541671875 0.6449074078125 0.6213541671875 0.6793981484375 0.6213541671875 0.7138888890625 0.6424479171875 0.7138888890625 0.6635416671875001 0.7138888890625
0 0.6213541671875 0.240740740625 0.6213541671875 0.20138888906250002 0.6213541671875 0.1620370375 0.6033854171875 0.1620370375 0.5854166671875001 0.1620370375 0.5854166671875001 0.20138888906250002 0.5854166671875001 0.240740740625 0.6033854171875 0.240740740625 0.6213541671875 0.240740740625
0 0.3138020828125 0.13703703750000001 0.3138020828125 0.10439814843749999 0.3138020828125 0.071759259375 0.2923177078125 0.071759259375 0.2708333328125 0.071759259375 0.2708333328125 0.10439814843749999 0.2708333328125 0.13703703750000001 0.2923177078125 0.13703703750000001 0.3138020828125 0.13703703750000001