0 0.9549479171874999 0.503703703125 0.9549479171874999 0.46296296249999996 0.9549479171874999 0.42222222187499997 0.9295572921874999 0.42222222187499997 0.9041666671874999 0.42222222187499997 0.9041666671874999 0.46296296249999996 0.9041666671874999 0.503703703125 0.9295572921874999 0.503703703125 0.9549479171874999 0.503703703125
0 0.89921875 0.2884259265625 0.89921875 0.2539351859375 0.89921875 0.21944444375 0.8760416671875 0.21944444375 0.8528645828125001 0.21944444375 0.8528645828125001 0.2539351859375 0.8528645828125001 0.2884259265625 0.8760416671875 0.2884259265625 0.89921875 0.2884259265625
0 0.9752604171874999 0.68101851875 0.9752604171874999 0.63101851875 0.9752604171874999 0.58101851875 0.948828125 0.58101851875 0.9223958328125 0.58101851875 0.9223958328125 0.63101851875 0.9223958328125 0.68101851875 0.948828125 0.68101851875 0.9752604171874999 0.68101851875
0 0.7395833328125 0.70648148125 0.7395833328125 0.6631944437499999 0.7395833328125 0.6199074078125 0.715625 0.6199074078125 0.6916666671875 0.6199074078125 0.6916666671875 0.6631944437499999 0.6916666671875 0.70648148125 0.715625 0.70648148125 0.7395833328125 0.70648148125
0 0.6705729171875 0.6773148140624999 0.6705729171875 0.64351851875 0.6705729171875 0.609722221875 0.6529947921875 0.609722221875 0.6354166671875 0.609722221875 0.6354166671875 0.64351851875 0.6354166671875 0.6773148140624999 0.6529947921875 0.6773148140624999 0.6705729171875 0.6773148140624999
0 0.5721354171875 0.791203703125 0.5721354171875 0.7569444437499999 0.5721354171875 0.7226851859375001 0.54921875 0.7226851859375001 0.5263020828125 0.7226851859375001 0.5263020828125 0.7569444437499999 0.5263020828125 0.791203703125 0.54921875 0.791203703125 0.5721354171875 0.791203703125
0 0.5705729171875 0.6175925921875 0.5705729171875 0.5768518515625 0.5705729171875 0.5361111109375 0.5490885421875 0.5361111109375 0.5276041671875 0.5361111109375 0.5276041671875 0.5768518515625 0.5276041671875 0.6175925921875 0.5490885421875 0.6175925921875 0.5705729171875 0.6175925921875
0 0.459375 0.9990740734375001 0.459375 0.9733796296874999 0.459375 0.9476851859375 0.437890625 0.9476851859375 0.41640625 0.9476851859375 0.41640625 0.9733796296874999 0.41640625 0.9990740734375001 0.437890625 0.9990740734375001 0.459375 0.9990740734375001
0 0.3651041671875 0.9115740734375001 0.3651041671875 0.8803240734375001 0.3651041671875 0.8490740734375001 0.349609375 0.8490740734375001 0.3341145828125 0.8490740734375001 0.3341145828125 0.8803240734375001 0.3341145828125 0.9115740734375001 0.349609375 0.9115740734375001 0.3651041671875 0.9115740734375001
0 0.2630208328125 0.8578703703125001 0.2630208328125 0.8263888890625 0.2630208328125 0.7949074078125 0.24153645781250002 0.7949074078125 0.22005208281250002 0.7949074078125 0.22005208281250002 0.8263888890625 0.22005208281250002 0.8578703703125001 0.24153645781250002 0.8578703703125001 0.2630208328125 0.8578703703125001
0 0.17578125 0.5125 0.17578125 0.490509259375 0.17578125 0.46851851875 0.1561197921875 0.46851851875 0.1364583328125 0.46851851875 0.1364583328125 0.490509259375 0.1364583328125 0.5125 0.1561197921875 0.5125 0.17578125 0.5125
0 0.1145833328125 0.3861111109375 0.1145833328125 0.36296296250000004 0.1145833328125 0.3398148140625 0.09765625 0.3398148140625 0.08072916718749999 0.3398148140625 0.08072916718749999 0.36296296250000004 0.08072916718749999 0.3861111109375 0.09765625 0.3861111109375 0.1145833328125 0.3861111109375
0 0.2286458328125 0.3171296296875 0.2286458328125 0.278472221875 0.2286458328125 0.2398148140625 0.2071614578125 0.2398148140625 0.1856770828125 0.2398148140625 0.1856770828125 0.278472221875 0.1856770828125 0.3171296296875 0.2071614578125 0.3171296296875 0.2286458328125 0.3171296296875
0 0.21875 0.1481481484375 0.21875 0.1113425921875 0.21875 0.0745370375 0.1993489578125 0.0745370375 0.1799479171875 0.0745370375 0.1799479171875 0.1113425921875 0.1799479171875 0.1481481484375 0.1993489578125 0.1481481484375 0.21875 0.1481481484375
0 0.04765625 0.1870370375 0.04765625 0.165740740625 0.04765625 0.14444444375 0.030078125 0.14444444375 0.0125 0.14444444375 0.0125 0.165740740625 0.0125 0.1870370375 0.030078125 0.1870370375 0.04765625 0.1870370375