0 0.547222221875 0.5654320984375001 0.547222221875 0.50987654375 0.547222221875 0.45432098749999994 0.5111111109375 0.45432098749999994 0.475 0.45432098749999994 0.475 0.50987654375 0.475 0.5654320984375001 0.5111111109375 0.5654320984375001 0.547222221875 0.5654320984375001
0 0.60694444375 0.449382715625 0.60694444375 0.408641975 0.60694444375 0.367901234375 0.575 0.367901234375 0.54305555625 0.367901234375 0.54305555625 0.408641975 0.54305555625 0.449382715625 0.575 0.449382715625 0.60694444375 0.449382715625
0 0.6791666671875001 0.5679012343750001 0.6791666671875001 0.5074074078125 0.6791666671875001 0.4469135796875 0.64375 0.4469135796875 0.6083333328125 0.4469135796875 0.6083333328125 0.5074074078125 0.6083333328125 0.5679012343750001 0.64375 0.5679012343750001 0.6791666671875001 0.5679012343750001
0 0.70694444375 0.28148148125 0.70694444375 0.2395061734375 0.70694444375 0.1975308640625 0.6798611109375 0.1975308640625 0.652777778125 0.1975308640625 0.652777778125 0.2395061734375 0.652777778125 0.28148148125 0.6798611109375 0.28148148125 0.70694444375 0.28148148125
0 0.6972222218749999 0.22716049374999997 0.6972222218749999 0.1888888890625 0.6972222218749999 0.150617284375 0.66944444375 0.150617284375 0.6416666671875 0.150617284375 0.6416666671875 0.1888888890625 0.6416666671875 0.22716049374999997 0.66944444375 0.22716049374999997 0.6972222218749999 0.22716049374999997
0 0.7430555562500001 0.259259259375 0.7430555562500001 0.21358024687500002 0.7430555562500001 0.16790123437499999 0.7194444437499999 0.16790123437499999 0.6958333328124999 0.16790123437499999 0.6958333328124999 0.21358024687500002 0.6958333328124999 0.259259259375 0.7194444437499999 0.259259259375 0.7430555562500001 0.259259259375
0 0.5722222218749999 0.2197530859375 0.5722222218749999 0.177777778125 0.5722222218749999 0.13580246875 0.5388888890625 0.13580246875 0.50555555625 0.13580246875 0.50555555625 0.177777778125 0.50555555625 0.2197530859375 0.5388888890625 0.2197530859375 0.5722222218749999 0.2197530859375
1 0.675 0.7802469140625 0.675 0.7160493828125001 0.675 0.6518518515625 0.64444444375 0.6518518515625 0.6138888890625 0.6518518515625 0.6138888890625 0.7160493828125001 0.6138888890625 0.7802469140625 0.64444444375 0.7802469140625 0.675 0.7802469140625
3 0.6361111109375 0.45679012343750003 0.6361111109375 0.42839506250000003 0.6361111109375 0.4 0.61875 0.4 0.6013888890625 0.4 0.6013888890625 0.42839506250000003 0.6013888890625 0.45679012343750003 0.61875 0.45679012343750003 0.6361111109375 0.45679012343750003
3 0.5541666671875001 0.46666666718750005 0.5541666671875001 0.42839506250000003 0.5541666671875001 0.39012345625 0.522222221875 0.39012345625 0.490277778125 0.39012345625 0.490277778125 0.42839506250000003 0.490277778125 0.46666666718750005 0.522222221875 0.46666666718750005 0.5541666671875001 0.46666666718750005
3 0.48055555625 0.6024691359375 0.48055555625 0.559259259375 0.48055555625 0.5160493828125 0.45277777812500003 0.5160493828125 0.425 0.5160493828125 0.425 0.559259259375 0.425 0.6024691359375 0.45277777812500003 0.6024691359375 0.48055555625 0.6024691359375
3 0.48472222187499997 0.6716049374999999 0.48472222187499997 0.6382716046875 0.48472222187499997 0.604938271875 0.45625 0.604938271875 0.427777778125 0.604938271875 0.427777778125 0.6382716046875 0.427777778125 0.6716049374999999 0.45625 0.6716049374999999 0.48472222187499997 0.6716049374999999
3 0.3958333328125 0.5703703703125 0.3958333328125 0.51728395 0.3958333328125 0.46419753124999996 0.3645833328125 0.46419753124999996 0.3333333328125 0.46419753124999996 0.3333333328125 0.51728395 0.3333333328125 0.5703703703125 0.3645833328125 0.5703703703125 0.3958333328125 0.5703703703125