0 0.6555555562500001 0.40987654375 0.6555555562500001 0.3283950625 0.6555555562500001 0.2469135796875 0.6104166671875 0.2469135796875 0.565277778125 0.2469135796875 0.565277778125 0.3283950625 0.565277778125 0.40987654375 0.6104166671875 0.40987654375 0.6555555562500001 0.40987654375
0 0.6555555562500001 0.5975308640625 0.6555555562500001 0.508641975 0.6555555562500001 0.4197530859375 0.6180555562500001 0.4197530859375 0.58055555625 0.4197530859375 0.58055555625 0.508641975 0.58055555625 0.5975308640625 0.6180555562500001 0.5975308640625 0.6555555562500001 0.5975308640625
0 0.7861111109375 0.2123456796875 0.7861111109375 0.14691357968750002 0.7861111109375 0.08148148125 0.73819444375 0.08148148125 0.690277778125 0.08148148125 0.690277778125 0.14691357968750002 0.690277778125 0.2123456796875 0.73819444375 0.2123456796875 0.7861111109375 0.2123456796875
1 0.73194444375 0.5333333328125 0.73194444375 0.46419753124999996 0.73194444375 0.395061728125 0.6777777781250001 0.395061728125 0.6236111109375 0.395061728125 0.6236111109375 0.46419753124999996 0.6236111109375 0.5333333328125 0.6777777781250001 0.5333333328125 0.73194444375 0.5333333328125
1 0.6777777781250001 0.2518518515625 0.6777777781250001 0.186419753125 0.6777777781250001 0.12098765468749999 0.63125 0.12098765468749999 0.584722221875 0.12098765468749999 0.584722221875 0.186419753125 0.584722221875 0.2518518515625 0.63125 0.2518518515625 0.6777777781250001 0.2518518515625
1 0.752777778125 0.31851851875000003 0.752777778125 0.2666666671875 0.752777778125 0.2148148140625 0.7208333328125 0.2148148140625 0.6888888890625 0.2148148140625 0.6888888890625 0.2666666671875 0.6888888890625 0.31851851875000003 0.7208333328125 0.31851851875000003 0.752777778125 0.31851851875000003
1 0.6125 0.8716049375000001 0.6125 0.8135802468750001 0.6125 0.75555555625 0.57430555625 0.75555555625 0.5361111109375 0.75555555625 0.5361111109375 0.8135802468750001 0.5361111109375 0.8716049375000001 0.57430555625 0.8716049375000001 0.6125 0.8716049375000001
3 0.7402777781250001 0.41728395 0.7402777781250001 0.35555555625 0.7402777781250001 0.2938271609375 0.696527778125 0.2938271609375 0.652777778125 0.2938271609375 0.652777778125 0.35555555625 0.652777778125 0.41728395 0.696527778125 0.41728395 0.7402777781250001 0.41728395
3 0.775 0.4888888890625 0.775 0.432098765625 0.775 0.3753086421875 0.734027778125 0.3753086421875 0.69305555625 0.3753086421875 0.69305555625 0.432098765625 0.69305555625 0.4888888890625 0.734027778125 0.4888888890625 0.775 0.4888888890625
3 1 0.2740740734375 0.94375 0.2740740734375 0.8875 0.2740740734375 0.8875 0.3481481484375 0.8875 0.42222222187499997 0.94375 0.42222222187499997 1 0.42222222187499997 1 0.3481481484375 1 0.2740740734375
3 0.6569444437499999 0.9975308640625 0.6569444437499999 0.9259259265625 0.6569444437499999 0.8543209875000001 0.5951388890625 0.8543209875000001 0.5333333328125 0.8543209875000001 0.5333333328125 0.9259259265625 0.5333333328125 0.9975308640625 0.5951388890625 0.9975308640625 0.6569444437499999 0.9975308640625