0 0.0596354171875 0.7699074078125 0.0596354171875 0.721759259375 0.0596354171875 0.6736111109375 0.0354166671875 0.6736111109375 0.0111979171875 0.6736111109375 0.0111979171875 0.721759259375 0.0111979171875 0.7699074078125 0.0354166671875 0.7699074078125 0.0596354171875 0.7699074078125
0 0.11041666718750001 0.7625 0.11041666718750001 0.709259259375 0.11041666718750001 0.6560185187500001 0.08268229218749999 0.6560185187500001 0.054947917187499994 0.6560185187500001 0.054947917187499994 0.709259259375 0.054947917187499994 0.7625 0.08268229218749999 0.7625 0.11041666718750001 0.7625
0 0.1328125 0.703703703125 0.1328125 0.653009259375 0.1328125 0.6023148140625 0.10260416718750001 0.6023148140625 0.0723958328125 0.6023148140625 0.0723958328125 0.653009259375 0.0723958328125 0.703703703125 0.10260416718750001 0.703703703125 0.1328125 0.703703703125
3 0.8111979171874999 0.40833333281249995 0.8111979171874999 0.3729166671875 0.8111979171874999 0.3375 0.7859375 0.3375 0.7606770828125 0.3375 0.7606770828125 0.3729166671875 0.7606770828125 0.40833333281249995 0.7859375 0.40833333281249995 0.8111979171874999 0.40833333281249995
0 1 0.8615740734375 0.9640625 0.8615740734375 0.928125 0.8615740734375 0.928125 0.928472221875 0.928125 0.9953703703125001 0.9640625 0.9953703703125001 1 0.9953703703125001 1 0.928472221875 1 0.8615740734375
0 0.45885416718750005 0.7625 0.45885416718750005 0.66180555625 0.45885416718750005 0.5611111109375 0.396875 0.5611111109375 0.3348958328125 0.5611111109375 0.3348958328125 0.66180555625 0.3348958328125 0.7625 0.396875 0.7625 0.45885416718750005 0.7625
0 0.7578125 0.38101851875000003 0.7578125 0.3391203703125 0.7578125 0.29722222187499997 0.732421875 0.29722222187499997 0.70703125 0.29722222187499997 0.70703125 0.3391203703125 0.70703125 0.38101851875000003 0.732421875 0.38101851875000003 0.7578125 0.38101851875000003
3 0.4369791671875 0.2884259265625 0.4369791671875 0.25833333281250004 0.4369791671875 0.228240740625 0.400390625 0.228240740625 0.36380208281250004 0.228240740625 0.36380208281250004 0.25833333281250004 0.36380208281250004 0.2884259265625 0.400390625 0.2884259265625 0.4369791671875 0.2884259265625
3 0.51640625 0.1833333328125 0.51640625 0.13819444375 0.51640625 0.09305555625 0.4907552078125 0.09305555625 0.46510416718750003 0.09305555625 0.46510416718750003 0.13819444375 0.46510416718750003 0.1833333328125 0.4907552078125 0.1833333328125 0.51640625 0.1833333328125
3 0.5544270828125 0.3958333328125 0.5544270828125 0.35578703749999996 0.5544270828125 0.315740740625 0.5161458328124999 0.315740740625 0.4778645828125 0.315740740625 0.4778645828125 0.35578703749999996 0.4778645828125 0.3958333328125 0.5161458328124999 0.3958333328125 0.5544270828125 0.3958333328125
3 0.7627604171875 0.69398148125 0.7627604171875 0.6418981484375 0.7627604171875 0.5898148140624999 0.7385416671875 0.5898148140624999 0.7143229171875001 0.5898148140624999 0.7143229171875001 0.6418981484375 0.7143229171875001 0.69398148125 0.7385416671875 0.69398148125 0.7627604171875 0.69398148125
3 0.8041666671875 0.8449074078125 0.8041666671875 0.7831018515625 0.8041666671875 0.7212962968750001 0.7634114578125 0.7212962968750001 0.72265625 0.7212962968750001 0.72265625 0.7831018515625 0.72265625 0.8449074078125 0.7634114578125 0.8449074078125 0.8041666671875 0.8449074078125
3 0.2166666671875 0.16944444375 0.2166666671875 0.1289351859375 0.2166666671875 0.0884259265625 0.1895833328125 0.0884259265625 0.1625 0.0884259265625 0.1625 0.1289351859375 0.1625 0.16944444375 0.1895833328125 0.16944444375 0.2166666671875 0.16944444375
0 0.87734375 0.2759259265625 0.87734375 0.24444444375000002 0.87734375 0.21296296250000002 0.8485677078125 0.21296296250000002 0.8197916671875 0.21296296250000002 0.8197916671875 0.24444444375000002 0.8197916671875 0.2759259265625 0.8485677078125 0.2759259265625 0.87734375 0.2759259265625
0 0.6875 0.3361111109375 0.6875 0.30601851875 0.6875 0.2759259265625 0.6666666671875 0.2759259265625 0.6458333328125 0.2759259265625 0.6458333328125 0.30601851875 0.6458333328125 0.3361111109375 0.6666666671875 0.3361111109375 0.6875 0.3361111109375
0 0.27786458281250004 0.41111111093749997 0.27786458281250004 0.36157407343750003 0.27786458281250004 0.3120370375 0.24583333281250003 0.3120370375 0.21380208281250002 0.3120370375 0.21380208281250002 0.36157407343750003 0.21380208281250002 0.41111111093749997 0.24583333281250003 0.41111111093749997 0.27786458281250004 0.41111111093749997