3 0.6078125 0.0921296296875 0.6078125 0.06944444375 0.6078125 0.046759259375 0.5912760421875001 0.046759259375 0.5747395828124999 0.046759259375 0.5747395828124999 0.06944444375 0.5747395828124999 0.0921296296875 0.5912760421875001 0.0921296296875 0.6078125 0.0921296296875
3 0.11171875 0.9629629625 0.11171875 0.909027778125 0.11171875 0.8550925921875001 0.080859375 0.8550925921875001 0.05 0.8550925921875001 0.05 0.909027778125 0.05 0.9629629625 0.080859375 0.9629629625 0.11171875 0.9629629625
3 0.5494791671875 1 0.5494791671875 0.946990740625 0.5494791671875 0.89398148125 0.50546875 0.89398148125 0.4614583328125 0.89398148125 0.4614583328125 0.946990740625 0.4614583328125 1 0.50546875 1 0.5494791671875 1
3 0.7627604171875 0.3523148140625 0.7627604171875 0.31921296250000003 0.7627604171875 0.28611111093749997 0.7342447921875 0.28611111093749997 0.7057291671875 0.28611111093749997 0.7057291671875 0.31921296250000003 0.7057291671875 0.3523148140625 0.7342447921875 0.3523148140625 0.7627604171875 0.3523148140625
3 0.659375 0.2796296296875 0.659375 0.2476851859375 0.659375 0.21574074062499998 0.63359375 0.21574074062499998 0.6078125 0.21574074062499998 0.6078125 0.2476851859375 0.6078125 0.2796296296875 0.63359375 0.2796296296875 0.659375 0.2796296296875
3 0.64375 0.32083333281250004 0.64375 0.2770833328125 0.64375 0.23333333281250002 0.6127604171875001 0.23333333281250002 0.5817708328125 0.23333333281250002 0.5817708328125 0.2770833328125 0.5817708328125 0.32083333281250004 0.6127604171875001 0.32083333281250004 0.64375 0.32083333281250004
3 0.2484375 0.5384259265625 0.2484375 0.5016203703125 0.2484375 0.46481481406249997 0.2319010421875 0.46481481406249997 0.2153645828125 0.46481481406249997 0.2153645828125 0.5016203703125 0.2153645828125 0.5384259265625 0.2319010421875 0.5384259265625 0.2484375 0.5384259265625
0 0.2877604171875 0.47592592656250005 0.2877604171875 0.4421296296875 0.2877604171875 0.40833333281249995 0.2669270828125 0.40833333281249995 0.24609375 0.40833333281249995 0.24609375 0.4421296296875 0.24609375 0.47592592656250005 0.2669270828125 0.47592592656250005 0.2877604171875 0.47592592656250005
0 0.3609375 0.3324074078125 0.3609375 0.30416666718749996 0.3609375 0.2759259265625 0.3444010421875 0.2759259265625 0.3278645828125 0.2759259265625 0.3278645828125 0.30416666718749996 0.3278645828125 0.3324074078125 0.3444010421875 0.3324074078125 0.3609375 0.3324074078125
0 0.3572916671875 0.2986111109375 0.3572916671875 0.2710648140625 0.3572916671875 0.24351851875000002 0.3397135421875 0.24351851875000002 0.3221354171875 0.24351851875000002 0.3221354171875 0.2710648140625 0.3221354171875 0.2986111109375 0.3397135421875 0.2986111109375 0.3572916671875 0.2986111109375
0 0.3216145828125 0.1634259265625 0.3216145828125 0.140740740625 0.3216145828125 0.11805555625 0.3057291671875 0.11805555625 0.28984375 0.11805555625 0.28984375 0.140740740625 0.28984375 0.1634259265625 0.3057291671875 0.1634259265625 0.3216145828125 0.1634259265625
0 0.4453125 0.1356481484375 0.4453125 0.11643518593749999 0.4453125 0.097222221875 0.431640625 0.097222221875 0.41796875 0.097222221875 0.41796875 0.11643518593749999 0.41796875 0.1356481484375 0.431640625 0.1356481484375 0.4453125 0.1356481484375
0 0.6276041671875 0.47361111093749997 0.6276041671875 0.40231481406249997 0.6276041671875 0.33101851875 0.58359375 0.33101851875 0.5395833328124999 0.33101851875 0.5395833328124999 0.40231481406249997 0.5395833328124999 0.47361111093749997 0.58359375 0.47361111093749997 0.6276041671875 0.47361111093749997
0 0.5052083328125 0.758796296875 0.5052083328125 0.6768518515624999 0.5052083328125 0.5949074078125001 0.460546875 0.5949074078125001 0.41588541718750005 0.5949074078125001 0.41588541718750005 0.6768518515624999 0.41588541718750005 0.758796296875 0.460546875 0.758796296875 0.5052083328125 0.758796296875
0 0.6408854171875 0.7824074078125001 0.6408854171875 0.6805555562500001 0.6408854171875 0.578703703125 0.5881510421875 0.578703703125 0.5354166671875 0.578703703125 0.5354166671875 0.6805555562500001 0.5354166671875 0.7824074078125001 0.5881510421875 0.7824074078125001 0.6408854171875 0.7824074078125001