0 0.3596354171875 0.6388888890625 0.3596354171875 0.609953703125 0.3596354171875 0.58101851875 0.336328125 0.58101851875 0.31302083281250004 0.58101851875 0.31302083281250004 0.609953703125 0.31302083281250004 0.6388888890625 0.336328125 0.6388888890625 0.3596354171875 0.6388888890625
0 0.1583333328125 0.7361111109375 0.1583333328125 0.69930555625 0.1583333328125 0.6625 0.13125 0.6625 0.1041666671875 0.6625 0.1041666671875 0.69930555625 0.1041666671875 0.7361111109375 0.13125 0.7361111109375 0.1583333328125 0.7361111109375
0 0.49921875 0.9958333328125001 0.49921875 0.9328703703125001 0.49921875 0.8699074078125 0.4609375 0.8699074078125 0.42265625 0.8699074078125 0.42265625 0.9328703703125001 0.42265625 0.9958333328125001 0.4609375 0.9958333328125001 0.49921875 0.9958333328125001
3 0.8028645828125001 0.5125 0.8028645828125001 0.4824074078125 0.8028645828125001 0.45231481406249996 0.7821614578125 0.45231481406249996 0.7614583328125 0.45231481406249996 0.7614583328125 0.4824074078125 0.7614583328125 0.5125 0.7821614578125 0.5125 0.8028645828125001 0.5125
0 0.49192708281249997 0.3273148140625 0.49192708281249997 0.29652777812500003 0.49192708281249997 0.26574074062499997 0.4700520828125 0.26574074062499997 0.44817708281249996 0.26574074062499997 0.44817708281249996 0.29652777812500003 0.44817708281249996 0.3273148140625 0.4700520828125 0.3273148140625 0.49192708281249997 0.3273148140625
0 0.8041666671875 0.5824074078125 0.8041666671875 0.5511574078125 0.8041666671875 0.5199074078125 0.78515625 0.5199074078125 0.7661458328124999 0.5199074078125 0.7661458328124999 0.5511574078125 0.7661458328124999 0.5824074078125 0.78515625 0.5824074078125 0.8041666671875 0.5824074078125
0 0.42213541718750003 1 0.42213541718750003 0.9356481484374999 0.42213541718750003 0.871296296875 0.36966145781250004 0.871296296875 0.3171875 0.871296296875 0.3171875 0.9356481484374999 0.3171875 1 0.36966145781250004 1 0.42213541718750003 1
0 0.23984375 0.9490740734375 0.23984375 0.8870370375000001 0.23984375 0.825 0.201171875 0.825 0.1625 0.825 0.1625 0.8870370375000001 0.1625 0.9490740734375 0.201171875 0.9490740734375 0.23984375 0.9490740734375
3 0.2075520828125 0.8990740734375 0.2075520828125 0.8421296296874999 0.2075520828125 0.7851851859375001 0.1600260421875 0.7851851859375001 0.1125 0.7851851859375001 0.1125 0.8421296296874999 0.1125 0.8990740734375 0.1600260421875 0.8990740734375 0.2075520828125 0.8990740734375
3 0.5614583328125 0.70648148125 0.5614583328125 0.6796296296875 0.5614583328125 0.652777778125 0.5428385421875 0.652777778125 0.52421875 0.652777778125 0.52421875 0.6796296296875 0.52421875 0.70648148125 0.5428385421875 0.70648148125 0.5614583328125 0.70648148125
0 0.1940104171875 0.74398148125 0.1940104171875 0.7083333328125 0.1940104171875 0.6726851859375 0.16067708281249998 0.6726851859375 0.12734375 0.6726851859375 0.12734375 0.7083333328125 0.12734375 0.74398148125 0.16067708281249998 0.74398148125 0.1940104171875 0.74398148125