0 0.4994791671875 0.5986111109375 0.4994791671875 0.5768518515625 0.4994791671875 0.5550925921875 0.48997395781249997 0.5550925921875 0.48046875 0.5550925921875 0.48046875 0.5768518515625 0.48046875 0.5986111109375 0.48997395781249997 0.5986111109375 0.4994791671875 0.5986111109375
0 0.9934895828125001 0.608796296875 0.9934895828125001 0.565509259375 0.9934895828125001 0.522222221875 0.9759114578125001 0.522222221875 0.9583333328125001 0.522222221875 0.9583333328125001 0.565509259375 0.9583333328125001 0.608796296875 0.9759114578125001 0.608796296875 0.9934895828125001 0.608796296875
0 0.9153645828125001 0.48842592656250006 0.9153645828125001 0.45601851875 0.9153645828125001 0.4236111109375 0.8897135421875 0.4236111109375 0.8640625 0.4236111109375 0.8640625 0.45601851875 0.8640625 0.48842592656250006 0.8897135421875 0.48842592656250006 0.9153645828125001 0.48842592656250006
0 0.74453125 0.42592592656250006 0.74453125 0.39976851875 0.74453125 0.3736111109375 0.7240885421875001 0.3736111109375 0.7036458328124999 0.3736111109375 0.7036458328124999 0.39976851875 0.7036458328124999 0.42592592656250006 0.7240885421875001 0.42592592656250006 0.74453125 0.42592592656250006
0 0.6986979171875001 0.6111111109375 0.6986979171875001 0.5706018515625 0.6986979171875001 0.5300925921874999 0.6751302078125 0.5300925921874999 0.6515625 0.5300925921874999 0.6515625 0.5706018515625 0.6515625 0.6111111109375 0.6751302078125 0.6111111109375 0.6986979171875001 0.6111111109375
0 0.63125 0.8027777781250001 0.63125 0.765046296875 0.63125 0.7273148140625 0.6079427078124999 0.7273148140625 0.5846354171875 0.7273148140625 0.5846354171875 0.765046296875 0.5846354171875 0.8027777781250001 0.6079427078124999 0.8027777781250001 0.63125 0.8027777781250001
0 0.53828125 0.7398148140624999 0.53828125 0.7067129624999999 0.53828125 0.6736111109375 0.5174479171875 0.6736111109375 0.4966145828125 0.6736111109375 0.4966145828125 0.7067129624999999 0.4966145828125 0.7398148140624999 0.5174479171875 0.7398148140624999 0.53828125 0.7398148140624999
0 0.2088541671875 0.7550925921875 0.2088541671875 0.7263888890625 0.2088541671875 0.6976851859375001 0.193359375 0.6976851859375001 0.1778645828125 0.6976851859375001 0.1778645828125 0.7263888890625 0.1778645828125 0.7550925921875 0.193359375 0.7550925921875 0.2088541671875 0.7550925921875
0 0.1208333328125 0.9726851859375 0.1208333328125 0.9458333328125 0.1208333328125 0.91898148125 0.0997395828125 0.91898148125 0.07864583281250001 0.91898148125 0.07864583281250001 0.9458333328125 0.07864583281250001 0.9726851859375 0.0997395828125 0.9726851859375 0.1208333328125 0.9726851859375
3 0.44895833281249997 0.6111111109375 0.44895833281249997 0.5886574078125 0.44895833281249997 0.566203703125 0.431640625 0.566203703125 0.41432291718750003 0.566203703125 0.41432291718750003 0.5886574078125 0.41432291718750003 0.6111111109375 0.431640625 0.6111111109375 0.44895833281249997 0.6111111109375
3 0.62421875 0.66851851875 0.62421875 0.6361111109375 0.62421875 0.603703703125 0.595703125 0.603703703125 0.5671875 0.603703703125 0.5671875 0.6361111109375 0.5671875 0.66851851875 0.595703125 0.66851851875 0.62421875 0.66851851875