0 0.6739583328125 0.8726851859375 0.6739583328125 0.8 0.6739583328125 0.7273148140625 0.6278645828125 0.7273148140625 0.5817708328125 0.7273148140625 0.5817708328125 0.8 0.5817708328125 0.8726851859375 0.6278645828125 0.8726851859375 0.6739583328125 0.8726851859375
0 0.68828125 0.75648148125 0.68828125 0.708796296875 0.68828125 0.6611111109375 0.652734375 0.6611111109375 0.6171875 0.6611111109375 0.6171875 0.708796296875 0.6171875 0.75648148125 0.652734375 0.75648148125 0.68828125 0.75648148125
0 0.99921875 0.6986111109375 0.99921875 0.6011574078125 0.99921875 0.503703703125 0.9678385421875 0.503703703125 0.9364583328125 0.503703703125 0.9364583328125 0.6011574078125 0.9364583328125 0.6986111109375 0.9678385421875 0.6986111109375 0.99921875 0.6986111109375
0 0.90625 0.75648148125 0.90625 0.66875 0.90625 0.58101851875 0.850390625 0.58101851875 0.79453125 0.58101851875 0.79453125 0.66875 0.79453125 0.75648148125 0.850390625 0.75648148125 0.90625 0.75648148125
3 0.3890625 0.9888888890624999 0.3890625 0.9546296296874999 0.3890625 0.9203703703125001 0.35494791718749996 0.9203703703125001 0.32083333281250004 0.9203703703125001 0.32083333281250004 0.9546296296874999 0.32083333281250004 0.9888888890624999 0.35494791718749996 0.9888888890624999 0.3890625 0.9888888890624999
3 0.6276041671875 0.628703703125 0.6276041671875 0.5817129624999999 0.6276041671875 0.534722221875 0.6079427078124999 0.534722221875 0.58828125 0.534722221875 0.58828125 0.5817129624999999 0.58828125 0.628703703125 0.6079427078124999 0.628703703125 0.6276041671875 0.628703703125
3 0.7880208328125 0.6773148140624999 0.7880208328125 0.6173611109375 0.7880208328125 0.5574074078125 0.76171875 0.5574074078125 0.7354166671875 0.5574074078125 0.7354166671875 0.6173611109375 0.7354166671875 0.6773148140624999 0.76171875 0.6773148140624999 0.7880208328125 0.6773148140624999
3 0.7325520828125 0.7787037031249999 0.7325520828125 0.7543981484375 0.7325520828125 0.7300925921875 0.7057291671875 0.7300925921875 0.67890625 0.7300925921875 0.67890625 0.7543981484375 0.67890625 0.7787037031249999 0.7057291671875 0.7787037031249999 0.7325520828125 0.7787037031249999
3 0.7895833328124999 0.08425925937499999 0.7895833328124999 0.053703703125 0.7895833328124999 0.0231481484375 0.7705729171875 0.0231481484375 0.7515625 0.0231481484375 0.7515625 0.053703703125 0.7515625 0.08425925937499999 0.7705729171875 0.08425925937499999 0.7895833328124999 0.08425925937499999
0 0.7661458328124999 0.0981481484375 0.7661458328124999 0.05069444375 0.7661458328124999 0.003240740625 0.7359375 0.003240740625 0.7057291671875 0.003240740625 0.7057291671875 0.05069444375 0.7057291671875 0.0981481484375 0.7359375 0.0981481484375 0.7661458328124999 0.0981481484375
0 0.5994791671875 0.36990740781250003 0.5994791671875 0.3240740734375 0.5994791671875 0.278240740625 0.5748697921875 0.278240740625 0.5502604171875001 0.278240740625 0.5502604171875001 0.3240740734375 0.5502604171875001 0.36990740781250003 0.5748697921875 0.36990740781250003 0.5994791671875 0.36990740781250003