0 0.3265625 0.753703703125 0.3265625 0.6893518515625 0.3265625 0.625 0.2813802078125 0.625 0.2361979171875 0.625 0.2361979171875 0.6893518515625 0.2361979171875 0.753703703125 0.2813802078125 0.753703703125 0.3265625 0.753703703125
0 0.1455729171875 0.5324074078125001 0.1455729171875 0.4791666671875 0.1455729171875 0.42592592656250006 0.1118489578125 0.42592592656250006 0.078125 0.42592592656250006 0.078125 0.4791666671875 0.078125 0.5324074078125001 0.1118489578125 0.5324074078125001 0.1455729171875 0.5324074078125001
0 0.2299479171875 0.3398148140625 0.2299479171875 0.2898148140625 0.2299479171875 0.2398148140625 0.200390625 0.2398148140625 0.1708333328125 0.2398148140625 0.1708333328125 0.2898148140625 0.1708333328125 0.3398148140625 0.200390625 0.3398148140625 0.2299479171875 0.3398148140625
0 0.11875 0.2384259265625 0.11875 0.1826388890625 0.11875 0.1268518515625 0.0856770828125 0.1268518515625 0.052604167187499995 0.1268518515625 0.052604167187499995 0.1826388890625 0.052604167187499995 0.2384259265625 0.0856770828125 0.2384259265625 0.11875 0.2384259265625
0 0.1848958328125 0.10694444375 0.1848958328125 0.066203703125 0.1848958328125 0.025462962500000002 0.1561197921875 0.025462962500000002 0.12734375 0.025462962500000002 0.12734375 0.066203703125 0.12734375 0.10694444375 0.1561197921875 0.10694444375 0.1848958328125 0.10694444375
3 0.1989583328125 1 0.1989583328125 0.9731481484375 0.1989583328125 0.946296296875 0.168359375 0.946296296875 0.1377604171875 0.946296296875 0.1377604171875 0.9731481484375 0.1377604171875 1 0.168359375 1 0.1989583328125 1
3 0.234375 1 0.234375 0.9583333328125001 0.234375 0.9166666671874999 0.2104166671875 0.9166666671874999 0.1864583328125 0.9166666671874999 0.1864583328125 0.9583333328125001 0.1864583328125 1 0.2104166671875 1 0.234375 1
1 0.8606770828125001 0.3296296296875 0.8606770828125001 0.23958333281250002 0.8606770828125001 0.1495370375 0.7962239578125 0.1495370375 0.7317708328125 0.1495370375 0.7317708328125 0.23958333281250002 0.7317708328125 0.3296296296875 0.7962239578125 0.3296296296875 0.8606770828125001 0.3296296296875
1 0.8231770828125 0.3458333328125 0.8231770828125 0.27384259218749996 0.8231770828125 0.2018518515625 0.75703125 0.2018518515625 0.6908854171875001 0.2018518515625 0.6908854171875001 0.27384259218749996 0.6908854171875001 0.3458333328125 0.75703125 0.3458333328125 0.8231770828125 0.3458333328125
0 0.75 0.5236111109375 0.75 0.3821759265625 0.75 0.240740740625 0.67890625 0.240740740625 0.6078125 0.240740740625 0.6078125 0.3821759265625 0.6078125 0.5236111109375 0.67890625 0.5236111109375 0.75 0.5236111109375
3 0.0356770828125 0.70648148125 0.0356770828125 0.6668981484375001 0.0356770828125 0.6273148140625 0.019140625 0.6273148140625 0.0026041671875 0.6273148140625 0.0026041671875 0.6668981484375001 0.0026041671875 0.70648148125 0.019140625 0.70648148125 0.0356770828125 0.70648148125
0 0.559375 0.45 0.559375 0.38171296250000003 0.559375 0.3134259265625 0.5234375 0.3134259265625 0.4875 0.3134259265625 0.4875 0.38171296250000003 0.4875 0.45 0.5234375 0.45 0.559375 0.45