3 0.48359375 0.952777778125 0.48359375 0.8449074078125 0.48359375 0.7370370375 0.44036458281249996 0.7370370375 0.3971354171875 0.7370370375 0.3971354171875 0.8449074078125 0.3971354171875 0.952777778125 0.44036458281249996 0.952777778125 0.48359375 0.952777778125
0 0.53125 0.2736111109375 0.53125 0.2518518515625 0.53125 0.23009259218749997 0.5220052078124999 0.23009259218749997 0.5127604171875 0.23009259218749997 0.5127604171875 0.2518518515625 0.5127604171875 0.2736111109375 0.5220052078124999 0.2736111109375 0.53125 0.2736111109375
0 0.515625 0.3365740734375 0.515625 0.3104166671875 0.515625 0.284259259375 0.502734375 0.284259259375 0.48984375 0.284259259375 0.48984375 0.3104166671875 0.48984375 0.3365740734375 0.502734375 0.3365740734375 0.515625 0.3365740734375
0 0.5481770828125 0.378703703125 0.5481770828125 0.34305555625 0.5481770828125 0.30740740781250003 0.5319010421875 0.30740740781250003 0.515625 0.30740740781250003 0.515625 0.34305555625 0.515625 0.378703703125 0.5319010421875 0.378703703125 0.5481770828125 0.378703703125
0 0.3583333328125 0.9768518515625001 0.3583333328125 0.9175925921875001 0.3583333328125 0.8583333328125 0.3296875 0.8583333328125 0.3010416671875 0.8583333328125 0.3010416671875 0.9175925921875001 0.3010416671875 0.9768518515625001 0.3296875 0.9768518515625001 0.3583333328125 0.9768518515625001
0 0.6075520828125 0.2504629625 0.6075520828125 0.21828703749999998 0.6075520828125 0.1861111109375 0.5911458328125 0.1861111109375 0.5747395828124999 0.1861111109375 0.5747395828124999 0.21828703749999998 0.5747395828124999 0.2504629625 0.5911458328125 0.2504629625 0.6075520828125 0.2504629625
0 0.6877604171875 0.1356481484375 0.6877604171875 0.1113425921875 0.6877604171875 0.0870370375 0.6725260421875 0.0870370375 0.6572916671875 0.0870370375 0.6572916671875 0.1113425921875 0.6572916671875 0.1356481484375 0.6725260421875 0.1356481484375 0.6877604171875 0.1356481484375
0 0.7859375 0.1546296296875 0.7859375 0.125 0.7859375 0.0953703703125 0.7658854171875 0.0953703703125 0.7458333328125 0.0953703703125 0.7458333328125 0.125 0.7458333328125 0.1546296296875 0.7658854171875 0.1546296296875 0.7859375 0.1546296296875
0 0.9513020828125001 0.23333333281250002 0.9513020828125001 0.1759259265625 0.9513020828125001 0.11851851875 0.9009114578125 0.11851851875 0.8505208328125 0.11851851875 0.8505208328125 0.1759259265625 0.8505208328125 0.23333333281250002 0.9009114578125 0.23333333281250002 0.9513020828125001 0.23333333281250002
0 1 0.766203703125 0.921875 0.766203703125 0.84375 0.766203703125 0.84375 0.8831018515625001 0.84375 1 0.921875 1 1 1 1 0.8831018515625001 1 0.766203703125
0 1 0.384722221875 0.95625 0.384722221875 0.9125 0.384722221875 0.9125 0.5391203703125 0.9125 0.69351851875 0.95625 0.69351851875 1 0.69351851875 1 0.5391203703125 1 0.384722221875
0 0.5619791671875001 0.7865740734375 0.5619791671875001 0.6916666671875 0.5619791671875001 0.596759259375 0.5098958328125 0.596759259375 0.4578125 0.596759259375 0.4578125 0.6916666671875 0.4578125 0.7865740734375 0.5098958328125 0.7865740734375 0.5619791671875001 0.7865740734375