3 0.3546875 0.7861111109375 0.3546875 0.759953703125 0.3546875 0.733796296875 0.3346354171875 0.733796296875 0.3145833328125 0.733796296875 0.3145833328125 0.759953703125 0.3145833328125 0.7861111109375 0.3346354171875 0.7861111109375 0.3546875 0.7861111109375
2 0.48619791718750005 0.7550925921875 0.48619791718750005 0.73125 0.48619791718750005 0.7074074078125 0.47252604218750005 0.7074074078125 0.45885416718750005 0.7074074078125 0.45885416718750005 0.73125 0.45885416718750005 0.7550925921875 0.47252604218750005 0.7550925921875 0.48619791718750005 0.7550925921875
2 0.41015625 0.8013888890624999 0.41015625 0.775 0.41015625 0.7486111109375 0.3954427078125 0.7486111109375 0.3807291671875 0.7486111109375 0.3807291671875 0.775 0.3807291671875 0.8013888890624999 0.3954427078125 0.8013888890624999 0.41015625 0.8013888890624999
0 0.5059895828125 0.6888888890625 0.5059895828125 0.652546296875 0.5059895828125 0.616203703125 0.477734375 0.616203703125 0.44947916718750003 0.616203703125 0.44947916718750003 0.652546296875 0.44947916718750003 0.6888888890625 0.477734375 0.6888888890625 0.5059895828125 0.6888888890625
0 0.2723958328125 0.5314814812499999 0.2723958328125 0.5071759265625 0.2723958328125 0.4828703703125 0.2557291671875 0.4828703703125 0.2390625 0.4828703703125 0.2390625 0.5071759265625 0.2390625 0.5314814812499999 0.2557291671875 0.5314814812499999 0.2723958328125 0.5314814812499999
0 0.2861979171875 0.39351851875 0.2861979171875 0.3636574078125 0.2861979171875 0.333796296875 0.2731770828125 0.333796296875 0.26015625 0.333796296875 0.26015625 0.3636574078125 0.26015625 0.39351851875 0.2731770828125 0.39351851875 0.2861979171875 0.39351851875
0 0.35078125 0.30601851875 0.35078125 0.2759259265625 0.35078125 0.24583333281250003 0.3358072921875 0.24583333281250003 0.32083333281250004 0.24583333281250003 0.32083333281250004 0.2759259265625 0.32083333281250004 0.30601851875 0.3358072921875 0.30601851875 0.35078125 0.30601851875
0 0.3255208328125 0.32453703749999996 0.3255208328125 0.29652777812500003 0.3255208328125 0.26851851875 0.3078125 0.26851851875 0.2901041671875 0.26851851875 0.2901041671875 0.29652777812500003 0.2901041671875 0.32453703749999996 0.3078125 0.32453703749999996 0.3255208328125 0.32453703749999996
0 0.0260416671875 0.458796296875 0.0260416671875 0.43032407343749995 0.0260416671875 0.4018518515625 0.0131510421875 0.4018518515625 0.0002604171875 0.4018518515625 0.0002604171875 0.43032407343749995 0.0002604171875 0.458796296875 0.0131510421875 0.458796296875 0.0260416671875 0.458796296875
0 0.0627604171875 0.303703703125 0.0627604171875 0.28125 0.0627604171875 0.258796296875 0.048828125 0.258796296875 0.0348958328125 0.258796296875 0.0348958328125 0.28125 0.0348958328125 0.303703703125 0.048828125 0.303703703125 0.0627604171875 0.303703703125
0 0.08463541718749999 0.2615740734375 0.08463541718749999 0.24444444375000002 0.08463541718749999 0.2273148140625 0.0720052078125 0.2273148140625 0.059375 0.2273148140625 0.059375 0.24444444375000002 0.059375 0.2615740734375 0.0720052078125 0.2615740734375 0.08463541718749999 0.2615740734375
0 0.1205729171875 0.278240740625 0.1205729171875 0.2557870375 0.1205729171875 0.23333333281250002 0.10625 0.23333333281250002 0.0919270828125 0.23333333281250002 0.0919270828125 0.2557870375 0.0919270828125 0.278240740625 0.10625 0.278240740625 0.1205729171875 0.278240740625
0 0.17239583281249998 0.215277778125 0.17239583281249998 0.196527778125 0.17239583281249998 0.177777778125 0.1595052078125 0.177777778125 0.1466145828125 0.177777778125 0.1466145828125 0.196527778125 0.1466145828125 0.215277778125 0.1595052078125 0.215277778125 0.17239583281249998 0.215277778125
0 0.1955729171875 0.177777778125 0.1955729171875 0.1583333328125 0.1955729171875 0.13888888906250002 0.180859375 0.13888888906250002 0.1661458328125 0.13888888906250002 0.1661458328125 0.1583333328125 0.1661458328125 0.177777778125 0.180859375 0.177777778125 0.1955729171875 0.177777778125