2 0.42994791718750003 0.259722221875 0.42994791718750003 0.2358796296875 0.42994791718750003 0.21203703749999997 0.41510416718750004 0.21203703749999997 0.40026041718750005 0.21203703749999997 0.40026041718750005 0.2358796296875 0.40026041718750005 0.259722221875 0.41510416718750004 0.259722221875 0.42994791718750003 0.259722221875
2 0.49895833281249996 0.21574074062499998 0.49895833281249996 0.1925925921875 0.49895833281249996 0.16944444375 0.48515625 0.16944444375 0.4713541671875 0.16944444375 0.4713541671875 0.1925925921875 0.4713541671875 0.21574074062499998 0.48515625 0.21574074062499998 0.49895833281249996 0.21574074062499998
0 0.2984375 0.13194444375 0.2984375 0.1016203703125 0.2984375 0.071296296875 0.28268229218749996 0.071296296875 0.2669270828125 0.071296296875 0.2669270828125 0.1016203703125 0.2669270828125 0.13194444375 0.28268229218749996 0.13194444375 0.2984375 0.13194444375
0 0.48229166718750005 0.102777778125 0.48229166718750005 0.0754629625 0.48229166718750005 0.048148148437499996 0.4703125 0.048148148437499996 0.4583333328125 0.048148148437499996 0.4583333328125 0.0754629625 0.4583333328125 0.102777778125 0.4703125 0.102777778125 0.48229166718750005 0.102777778125
0 0.553125 0.1361111109375 0.553125 0.09629629687499999 0.553125 0.05648148125 0.53671875 0.05648148125 0.5203125 0.05648148125 0.5203125 0.09629629687499999 0.5203125 0.1361111109375 0.53671875 0.1361111109375 0.553125 0.1361111109375
0 0.5270833328125 0.059259259375 0.5270833328125 0.033796296875 0.5270833328125 0.0083333328125 0.5138020828125 0.0083333328125 0.5005208328124999 0.0083333328125 0.5005208328124999 0.033796296875 0.5005208328124999 0.059259259375 0.5138020828125 0.059259259375 0.5270833328125 0.059259259375
0 0.5544270828125 0.039814814062499995 0.5544270828125 0.020138889062500002 0.5544270828125 0.0004629625 0.5434895828124999 0.0004629625 0.5325520828125 0.0004629625 0.5325520828125 0.020138889062500002 0.5325520828125 0.039814814062499995 0.5434895828124999 0.039814814062499995 0.5544270828125 0.039814814062499995
0 0.08932291718749999 0.49629629687500004 0.08932291718749999 0.4574074078125 0.08932291718749999 0.41851851875 0.05859375 0.41851851875 0.0278645828125 0.41851851875 0.0278645828125 0.4574074078125 0.0278645828125 0.49629629687500004 0.05859375 0.49629629687500004 0.08932291718749999 0.49629629687500004
0 0.3963541671875 0.6828703703125 0.3963541671875 0.621527778125 0.3963541671875 0.5601851859375 0.35859375 0.5601851859375 0.32083333281250004 0.5601851859375 0.32083333281250004 0.621527778125 0.32083333281250004 0.6828703703125 0.35859375 0.6828703703125 0.3963541671875 0.6828703703125
0 0.35703125 1 0.35703125 0.9449074078124999 0.35703125 0.8898148140625001 0.322265625 0.8898148140625001 0.2875 0.8898148140625001 0.2875 0.9449074078124999 0.2875 1 0.322265625 1 0.35703125 1
0 0.4700520828125 0.859259259375 0.4700520828125 0.7976851859375 0.4700520828125 0.7361111109375 0.4348958328125 0.7361111109375 0.3997395828125 0.7361111109375 0.3997395828125 0.7976851859375 0.3997395828125 0.859259259375 0.4348958328125 0.859259259375 0.4700520828125 0.859259259375
0 0.6552083328125 0.24305555625 0.6552083328125 0.20972222187499998 0.6552083328125 0.1763888890625 0.634375 0.1763888890625 0.6135416671875 0.1763888890625 0.6135416671875 0.20972222187499998 0.6135416671875 0.24305555625 0.634375 0.24305555625 0.6552083328125 0.24305555625
3 0.65390625 0.8824074078124999 0.65390625 0.8261574078124999 0.65390625 0.7699074078125 0.6184895828125 0.7699074078125 0.5830729171875 0.7699074078125 0.5830729171875 0.8261574078124999 0.5830729171875 0.8824074078124999 0.6184895828125 0.8824074078124999 0.65390625 0.8824074078124999