0 0.7114583328124999 0.38240740781250004 0.7114583328124999 0.346759259375 0.7114583328124999 0.3111111109375 0.6938802078124999 0.3111111109375 0.6763020828124999 0.3111111109375 0.6763020828124999 0.346759259375 0.6763020828124999 0.38240740781250004 0.6938802078124999 0.38240740781250004 0.7114583328124999 0.38240740781250004
0 0.84296875 0.56851851875 0.84296875 0.5261574078125 0.84296875 0.48379629687500003 0.821875 0.48379629687500003 0.80078125 0.48379629687500003 0.80078125 0.5261574078125 0.80078125 0.56851851875 0.821875 0.56851851875 0.84296875 0.56851851875
0 0.38203125 0.047222221875 0.38203125 0.028472221875 0.38203125 0.009722221875000001 0.36770833281250004 0.009722221875000001 0.3533854171875 0.009722221875000001 0.3533854171875 0.028472221875 0.3533854171875 0.047222221875 0.36770833281250004 0.047222221875 0.38203125 0.047222221875
0 0.44895833281249997 0.047222221875 0.44895833281249997 0.02476851875 0.44895833281249997 0.0023148140625 0.4390625 0.0023148140625 0.4291666671875 0.0023148140625 0.4291666671875 0.02476851875 0.4291666671875 0.047222221875 0.4390625 0.047222221875 0.44895833281249997 0.047222221875
0 0.471875 0.0300925921875 0.471875 0.015277778124999999 0.471875 0.0004629625 0.4583333328125 0.0004629625 0.4447916671875 0.0004629625 0.4447916671875 0.015277778124999999 0.4447916671875 0.0300925921875 0.4583333328125 0.0300925921875 0.471875 0.0300925921875
0 0.4739583328125 0.1231481484375 0.4739583328125 0.0979166671875 0.4739583328125 0.0726851859375 0.459375 0.0726851859375 0.4447916671875 0.0726851859375 0.4447916671875 0.0979166671875 0.4447916671875 0.1231481484375 0.459375 0.1231481484375 0.4739583328125 0.1231481484375
0 0.4734375 0.15972222187500001 0.4734375 0.1331018515625 0.4734375 0.10648148125000001 0.4536458328125 0.10648148125000001 0.43385416718750003 0.10648148125000001 0.43385416718750003 0.1331018515625 0.43385416718750003 0.15972222187500001 0.4536458328125 0.15972222187500001 0.4734375 0.15972222187500001
0 0.159375 0.36898148124999997 0.159375 0.3460648140625 0.159375 0.3231481484375 0.146484375 0.3231481484375 0.13359375 0.3231481484375 0.13359375 0.3460648140625 0.13359375 0.36898148124999997 0.146484375 0.36898148124999997 0.159375 0.36898148124999997
0 0.08932291718749999 0.46342592656250003 0.08932291718749999 0.4386574078125 0.08932291718749999 0.4138888890625 0.07265625 0.4138888890625 0.05598958281250001 0.4138888890625 0.05598958281250001 0.4386574078125 0.05598958281250001 0.46342592656250003 0.07265625 0.46342592656250003 0.08932291718749999 0.46342592656250003
0 0.0348958328125 0.5726851859375001 0.0348958328125 0.5416666671875 0.0348958328125 0.5106481484375001 0.017578125 0.5106481484375001 0.0002604171875 0.5106481484375001 0.0002604171875 0.5416666671875 0.0002604171875 0.5726851859375001 0.017578125 0.5726851859375001 0.0348958328125 0.5726851859375001
0 0.40260416718750003 0.4199074078125 0.40260416718750003 0.3865740734375 0.40260416718750003 0.353240740625 0.3811197921875 0.353240740625 0.3596354171875 0.353240740625 0.3596354171875 0.3865740734375 0.3596354171875 0.4199074078125 0.3811197921875 0.4199074078125 0.40260416718750003 0.4199074078125
0 0.42578125 0.46851851875 0.42578125 0.4291666671875 0.42578125 0.3898148140625 0.401171875 0.3898148140625 0.3765625 0.3898148140625 0.3765625 0.4291666671875 0.3765625 0.46851851875 0.401171875 0.46851851875 0.42578125 0.46851851875
0 0.3799479171875 0.5675925921875 0.3799479171875 0.527777778125 0.3799479171875 0.4879629625 0.3548177078125 0.4879629625 0.3296875 0.4879629625 0.3296875 0.527777778125 0.3296875 0.5675925921875 0.3548177078125 0.5675925921875 0.3799479171875 0.5675925921875
0 0.2875 0.7615740734374999 0.2875 0.7129629625 0.2875 0.6643518515625 0.258203125 0.6643518515625 0.22890625 0.6643518515625 0.22890625 0.7129629625 0.22890625 0.7615740734374999 0.258203125 0.7615740734374999 0.2875 0.7615740734374999
0 0.190625 0.7203703703125 0.190625 0.6731481484375 0.190625 0.6259259265625 0.153515625 0.6259259265625 0.11640625 0.6259259265625 0.11640625 0.6731481484375 0.11640625 0.7203703703125 0.153515625 0.7203703703125 0.190625 0.7203703703125
0 0.14453125 0.9125 0.14453125 0.8388888890624999 0.14453125 0.765277778125 0.0977864578125 0.765277778125 0.051041667187499994 0.765277778125 0.051041667187499994 0.8388888890624999 0.051041667187499994 0.9125 0.0977864578125 0.9125 0.14453125 0.9125