0 0.5341145828125 0.5800925921875 0.5341145828125 0.5206018515624999 0.5341145828125 0.4611111109375 0.5087239578125 0.4611111109375 0.48333333281249996 0.4611111109375 0.48333333281249996 0.5206018515624999 0.48333333281249996 0.5800925921875 0.5087239578125 0.5800925921875 0.5341145828125 0.5800925921875
0 0.6044270828125 0.3671296296875 0.6044270828125 0.31597222187499996 0.6044270828125 0.2648148140625 0.5752604171875 0.2648148140625 0.54609375 0.2648148140625 0.54609375 0.31597222187499996 0.54609375 0.3671296296875 0.5752604171875 0.3671296296875 0.6044270828125 0.3671296296875
0 0.4653645828125 0.1268518515625 0.4653645828125 0.0824074078125 0.4653645828125 0.0379629625 0.44921875 0.0379629625 0.4330729171875 0.0379629625 0.4330729171875 0.0824074078125 0.4330729171875 0.1268518515625 0.44921875 0.1268518515625 0.4653645828125 0.1268518515625
0 0.3010416671875 0.934722221875 0.3010416671875 0.9083333328125001 0.3010416671875 0.8819444437499999 0.2819010421875 0.8819444437499999 0.2627604171875 0.8819444437499999 0.2627604171875 0.9083333328125001 0.2627604171875 0.934722221875 0.2819010421875 0.934722221875 0.3010416671875 0.934722221875
0 0.42578125 0.3324074078125 0.42578125 0.28472222187499996 0.42578125 0.2370370375 0.3993489578125 0.2370370375 0.3729166671875 0.2370370375 0.3729166671875 0.28472222187499996 0.3729166671875 0.3324074078125 0.3993489578125 0.3324074078125 0.42578125 0.3324074078125
0 0.35598958281250004 0.2870370375 0.35598958281250004 0.23402777812500003 0.35598958281250004 0.18101851875 0.33059895781250004 0.18101851875 0.30520833281250004 0.18101851875 0.30520833281250004 0.23402777812500003 0.30520833281250004 0.2870370375 0.33059895781250004 0.2870370375 0.35598958281250004 0.2870370375
0 0.1963541671875 0.6050925921875 0.1963541671875 0.5643518515625 0.1963541671875 0.5236111109375 0.1734375 0.5236111109375 0.1505208328125 0.5236111109375 0.1505208328125 0.5643518515625 0.1505208328125 0.6050925921875 0.1734375 0.6050925921875 0.1963541671875 0.6050925921875
0 0.15182291718750002 0.6550925921874999 0.15182291718750002 0.6319444437499999 0.15182291718750002 0.608796296875 0.13671875 0.608796296875 0.1216145828125 0.608796296875 0.1216145828125 0.6319444437499999 0.1216145828125 0.6550925921874999 0.13671875 0.6550925921874999 0.15182291718750002 0.6550925921874999
0 0.0934895828125 0.403703703125 0.0934895828125 0.38055555625 0.0934895828125 0.3574074078125 0.0779947921875 0.3574074078125 0.0625 0.3574074078125 0.0625 0.38055555625 0.0625 0.403703703125 0.0779947921875 0.403703703125 0.0934895828125 0.403703703125
0 0.0455729171875 0.09305555625 0.0455729171875 0.0675925921875 0.0455729171875 0.042129629687499996 0.0325520828125 0.042129629687499996 0.01953125 0.042129629687499996 0.01953125 0.0675925921875 0.01953125 0.09305555625 0.0325520828125 0.09305555625 0.0455729171875 0.09305555625
0 0.1546875 0.521296296875 0.1546875 0.4923611109375 0.1546875 0.46342592656250003 0.1364583328125 0.46342592656250003 0.11822916718750001 0.46342592656250003 0.11822916718750001 0.4923611109375 0.11822916718750001 0.521296296875 0.1364583328125 0.521296296875 0.1546875 0.521296296875