3 0.35625 0.9018518515625 0.35625 0.878240740625 0.35625 0.8546296296874999 0.340625 0.8546296296874999 0.325 0.8546296296874999 0.325 0.878240740625 0.325 0.9018518515625 0.340625 0.9018518515625 0.35625 0.9018518515625
0 0.35703125 0.7625 0.35703125 0.7317129625 0.35703125 0.7009259265625001 0.3416666671875 0.7009259265625001 0.3263020828125 0.7009259265625001 0.3263020828125 0.7317129625 0.3263020828125 0.7625 0.3416666671875 0.7625 0.35703125 0.7625
0 0.4713541671875 1 0.4713541671875 0.9581018515625 0.4713541671875 0.916203703125 0.44544270781249995 0.916203703125 0.41953125 0.916203703125 0.41953125 0.9581018515625 0.41953125 1 0.44544270781249995 1 0.4713541671875 1
0 0.6544270828125 0.6486111109375 0.6544270828125 0.615509259375 0.6544270828125 0.5824074078125 0.6377604171875 0.5824074078125 0.62109375 0.5824074078125 0.62109375 0.615509259375 0.62109375 0.6486111109375 0.6377604171875 0.6486111109375 0.6544270828125 0.6486111109375
0 0.7369791671875 0.634259259375 0.7369791671875 0.6129629624999999 0.7369791671875 0.5916666671875 0.723046875 0.5916666671875 0.7091145828125 0.5916666671875 0.7091145828125 0.6129629624999999 0.7091145828125 0.634259259375 0.723046875 0.634259259375 0.7369791671875 0.634259259375
0 0.8322916671874999 0.602777778125 0.8322916671874999 0.5731481484375001 0.8322916671874999 0.54351851875 0.812890625 0.54351851875 0.7934895828124999 0.54351851875 0.7934895828124999 0.5731481484375001 0.7934895828124999 0.602777778125 0.812890625 0.602777778125 0.8322916671874999 0.602777778125
0 0.8888020828125001 0.42222222187499997 0.8888020828125001 0.396296296875 0.8888020828125001 0.3703703703125 0.8696614578125 0.3703703703125 0.8505208328125 0.3703703703125 0.8505208328125 0.396296296875 0.8505208328125 0.42222222187499997 0.8696614578125 0.42222222187499997 0.8888020828125001 0.42222222187499997
0 0.9630208328125001 0.3620370375 0.9630208328125001 0.32569444375 0.9630208328125001 0.2893518515625 0.9415364578125001 0.2893518515625 0.9200520828125001 0.2893518515625 0.9200520828125001 0.32569444375 0.9200520828125001 0.3620370375 0.9415364578125001 0.3620370375 0.9630208328125001 0.3620370375
0 1 0.2708333328125 0.9845052078125001 0.2708333328125 0.9690104171874999 0.2708333328125 0.9690104171874999 0.3023148140625 0.9690104171874999 0.333796296875 0.9845052078125001 0.333796296875 1 0.333796296875 1 0.3023148140625 1 0.2708333328125
0 0.98359375 0.5171296296875 0.98359375 0.48425925937500003 0.98359375 0.4513888890625 0.9654947921874999 0.4513888890625 0.9473958328125001 0.4513888890625 0.9473958328125001 0.48425925937500003 0.9473958328125001 0.5171296296875 0.9654947921874999 0.5171296296875 0.98359375 0.5171296296875
0 0.6354166671875 0.36805555624999997 0.6354166671875 0.347453703125 0.6354166671875 0.32685185156249996 0.6225260421875001 0.32685185156249996 0.6096354171875 0.32685185156249996 0.6096354171875 0.347453703125 0.6096354171875 0.36805555624999997 0.6225260421875001 0.36805555624999997 0.6354166671875 0.36805555624999997
0 0.6252604171875 0.31805555625 0.6252604171875 0.29814814843750004 0.6252604171875 0.278240740625 0.6130208328125 0.278240740625 0.60078125 0.278240740625 0.60078125 0.29814814843750004 0.60078125 0.31805555625 0.6130208328125 0.31805555625 0.6252604171875 0.31805555625
0 0.6796875 0.22870370312500002 0.6796875 0.2104166671875 0.6796875 0.1921296296875 0.666015625 0.1921296296875 0.65234375 0.1921296296875 0.65234375 0.2104166671875 0.65234375 0.22870370312500002 0.666015625 0.22870370312500002 0.6796875 0.22870370312500002
0 0.7049479171875 0.197222221875 0.7049479171875 0.1766203703125 0.7049479171875 0.15601851875 0.691015625 0.15601851875 0.6770833328125 0.15601851875 0.6770833328125 0.1766203703125 0.6770833328125 0.197222221875 0.691015625 0.197222221875 0.7049479171875 0.197222221875