3 0.7239583328125 0.8148148140625 0.7239583328125 0.7856481484375 0.7239583328125 0.75648148125 0.703515625 0.75648148125 0.6830729171875001 0.75648148125 0.6830729171875001 0.7856481484375 0.6830729171875001 0.8148148140625 0.703515625 0.8148148140625 0.7239583328125 0.8148148140625
0 0.43125 0.9925925921875001 0.43125 0.953240740625 0.43125 0.9138888890624999 0.4127604171875 0.9138888890624999 0.3942708328125 0.9138888890624999 0.3942708328125 0.953240740625 0.3942708328125 0.9925925921875001 0.4127604171875 0.9925925921875001 0.43125 0.9925925921875001
0 0.8083333328125001 0.99398148125 0.8083333328125001 0.9453703703125 0.8083333328125001 0.896759259375 0.7787760421875001 0.896759259375 0.74921875 0.896759259375 0.74921875 0.9453703703125 0.74921875 0.99398148125 0.7787760421875001 0.99398148125 0.8083333328125001 0.99398148125
0 0.7463541671875 0.965740740625 0.7463541671875 0.9199074078124999 0.7463541671875 0.8740740734375001 0.7208333328125 0.8740740734375001 0.6953125 0.8740740734375001 0.6953125 0.9199074078124999 0.6953125 0.965740740625 0.7208333328125 0.965740740625 0.7463541671875 0.965740740625
0 0.5911458328125 0.29305555625 0.5911458328125 0.2699074078125 0.5911458328125 0.246759259375 0.5799479171875 0.246759259375 0.56875 0.246759259375 0.56875 0.2699074078125 0.56875 0.29305555625 0.5799479171875 0.29305555625 0.5911458328125 0.29305555625
0 0.56328125 0.42731481406249994 0.56328125 0.3976851859375 0.56328125 0.36805555624999997 0.547265625 0.36805555624999997 0.53125 0.36805555624999997 0.53125 0.3976851859375 0.53125 0.42731481406249994 0.547265625 0.42731481406249994 0.56328125 0.42731481406249994
0 0.53046875 0.459722221875 0.53046875 0.4289351859375 0.53046875 0.3981481484375 0.5127604171875 0.3981481484375 0.49505208281249996 0.3981481484375 0.49505208281249996 0.4289351859375 0.49505208281249996 0.459722221875 0.5127604171875 0.459722221875 0.53046875 0.459722221875
0 0.37734375 0.2370370375 0.37734375 0.2166666671875 0.37734375 0.196296296875 0.3653645828125 0.196296296875 0.3533854171875 0.196296296875 0.3533854171875 0.2166666671875 0.3533854171875 0.2370370375 0.3653645828125 0.2370370375 0.37734375 0.2370370375
0 0.35546875 0.3 0.35546875 0.2770833328125 0.35546875 0.2541666671875 0.3436197921875 0.2541666671875 0.3317708328125 0.2541666671875 0.3317708328125 0.2770833328125 0.3317708328125 0.3 0.3436197921875 0.3 0.35546875 0.3
0 0.3057291671875 0.377777778125 0.3057291671875 0.35046296250000003 0.3057291671875 0.3231481484375 0.2932291671875 0.3231481484375 0.28072916718749996 0.3231481484375 0.28072916718749996 0.35046296250000003 0.28072916718749996 0.377777778125 0.2932291671875 0.377777778125 0.3057291671875 0.377777778125
0 0.28072916718749996 0.36666666718749996 0.28072916718749996 0.3423611109375 0.28072916718749996 0.31805555625 0.2684895828125 0.31805555625 0.25625 0.31805555625 0.25625 0.3423611109375 0.25625 0.36666666718749996 0.2684895828125 0.36666666718749996 0.28072916718749996 0.36666666718749996
0 0.25546875 0.41018518593750003 0.25546875 0.38773148125 0.25546875 0.365277778125 0.24153645781250002 0.365277778125 0.22760416718749998 0.365277778125 0.22760416718749998 0.38773148125 0.22760416718749998 0.41018518593750003 0.24153645781250002 0.41018518593750003 0.25546875 0.41018518593750003
0 0.4869791671875 0.5638888890625 0.4869791671875 0.5337962968750001 0.4869791671875 0.503703703125 0.472265625 0.503703703125 0.4575520828125 0.503703703125 0.4575520828125 0.5337962968750001 0.4575520828125 0.5638888890625 0.472265625 0.5638888890625 0.4869791671875 0.5638888890625
0 0.6231770828125 0.671759259375 0.6231770828125 0.63125 0.6231770828125 0.590740740625 0.60546875 0.590740740625 0.5877604171875 0.590740740625 0.5877604171875 0.63125 0.5877604171875 0.671759259375 0.60546875 0.671759259375 0.6231770828125 0.671759259375
0 0.4692708328125 0.8074074078125 0.4692708328125 0.76875 0.4692708328125 0.7300925921875 0.45325520781249995 0.7300925921875 0.43723958281249997 0.7300925921875 0.43723958281249997 0.76875 0.43723958281249997 0.8074074078125 0.45325520781249995 0.8074074078125 0.4692708328125 0.8074074078125
0 0.2989583328125 0.984259259375 0.2989583328125 0.94305555625 0.2989583328125 0.9018518515625 0.2751302078125 0.9018518515625 0.2513020828125 0.9018518515625 0.2513020828125 0.94305555625 0.2513020828125 0.984259259375 0.2751302078125 0.984259259375 0.2989583328125 0.984259259375
0 0.21875 0.628240740625 0.21875 0.5986111109375 0.21875 0.56898148125 0.20377604218749998 0.56898148125 0.1888020828125 0.56898148125 0.1888020828125 0.5986111109375 0.1888020828125 0.628240740625 0.20377604218749998 0.628240740625 0.21875 0.628240740625
0 0.2036458328125 0.55694444375 0.2036458328125 0.534490740625 0.2036458328125 0.5120370375000001 0.1897135421875 0.5120370375000001 0.17578125 0.5120370375000001 0.17578125 0.534490740625 0.17578125 0.55694444375 0.1897135421875 0.55694444375 0.2036458328125 0.55694444375