0 0.9252604171875 0.566203703125 0.9252604171875 0.53680555625 0.9252604171875 0.5074074078125 0.8977864578125001 0.5074074078125 0.8703125 0.5074074078125 0.8703125 0.53680555625 0.8703125 0.566203703125 0.8977864578125001 0.566203703125 0.9252604171875 0.566203703125
0 0.8619791671874999 0.8550925921875001 0.8619791671874999 0.8194444437499999 0.8619791671874999 0.7837962968750001 0.8380208328125001 0.7837962968750001 0.8140625 0.7837962968750001 0.8140625 0.8194444437499999 0.8140625 0.8550925921875001 0.8380208328125001 0.8550925921875001 0.8619791671874999 0.8550925921875001
0 0.7036458328124999 1 0.7036458328124999 0.9701388890624999 0.7036458328124999 0.940277778125 0.6807291671875 0.940277778125 0.6578125 0.940277778125 0.6578125 0.9701388890624999 0.6578125 1 0.6807291671875 1 0.7036458328124999 1
0 0.7966145828125 0.6611111109375 0.7966145828125 0.6331018515625 0.7966145828125 0.6050925921875 0.7782552078125 0.6050925921875 0.7598958328125 0.6050925921875 0.7598958328125 0.6331018515625 0.7598958328125 0.6611111109375 0.7782552078125 0.6611111109375 0.7966145828125 0.6611111109375
0 0.85 0.76898148125 0.85 0.7351851859375 0.85 0.7013888890625 0.8338541671874999 0.7013888890625 0.8177083328125001 0.7013888890625 0.8177083328125001 0.7351851859375 0.8177083328125001 0.76898148125 0.8338541671874999 0.76898148125 0.85 0.76898148125
0 0.8127604171874999 0.7601851859375001 0.8127604171874999 0.7238425921875 0.8127604171874999 0.6875 0.79375 0.6875 0.7747395828125 0.6875 0.7747395828125 0.7238425921875 0.7747395828125 0.7601851859375001 0.79375 0.7601851859375001 0.8127604171874999 0.7601851859375001
0 0.7239583328125 0.696296296875 0.7239583328125 0.6636574078125 0.7239583328125 0.63101851875 0.7067708328125 0.63101851875 0.6895833328125 0.63101851875 0.6895833328125 0.6636574078125 0.6895833328125 0.696296296875 0.7067708328125 0.696296296875 0.7239583328125 0.696296296875
0 0.5572916671875 0.2833333328125 0.5572916671875 0.26574074062499997 0.5572916671875 0.24814814843750002 0.544921875 0.24814814843750002 0.5325520828125 0.24814814843750002 0.5325520828125 0.26574074062499997 0.5325520828125 0.2833333328125 0.544921875 0.2833333328125 0.5572916671875 0.2833333328125
0 0.5432291671875 0.322222221875 0.5432291671875 0.3009259265625 0.5432291671875 0.2796296296875 0.5298177078124999 0.2796296296875 0.51640625 0.2796296296875 0.51640625 0.3009259265625 0.51640625 0.322222221875 0.5298177078124999 0.322222221875 0.5432291671875 0.322222221875
0 0.4518229171875 0.5337962968750001 0.4518229171875 0.5111111109375 0.4518229171875 0.48842592656250006 0.4380208328125 0.48842592656250006 0.42421875 0.48842592656250006 0.42421875 0.5111111109375 0.42421875 0.5337962968750001 0.4380208328125 0.5337962968750001 0.4518229171875 0.5337962968750001
0 0.45885416718750005 0.56851851875 0.45885416718750005 0.5453703703125 0.45885416718750005 0.522222221875 0.44505208281249997 0.522222221875 0.43125 0.522222221875 0.43125 0.5453703703125 0.43125 0.56851851875 0.44505208281249997 0.56851851875 0.45885416718750005 0.56851851875
0 0.425 0.6361111109375 0.425 0.6085648140625 0.425 0.58101851875 0.4088541671875 0.58101851875 0.3927083328125 0.58101851875 0.3927083328125 0.6085648140625 0.3927083328125 0.6361111109375 0.4088541671875 0.6361111109375 0.425 0.6361111109375
0 0.35885416718749996 0.7236111109375 0.35885416718749996 0.6942129625 0.35885416718749996 0.6648148140625 0.346484375 0.6648148140625 0.3341145828125 0.6648148140625 0.3341145828125 0.6942129625 0.3341145828125 0.7236111109375 0.346484375 0.7236111109375 0.35885416718749996 0.7236111109375
0 0.3307291671875 0.6888888890625 0.3307291671875 0.6576388890625 0.3307291671875 0.6263888890625 0.3138020828125 0.6263888890625 0.296875 0.6263888890625 0.296875 0.6576388890625 0.296875 0.6888888890625 0.3138020828125 0.6888888890625 0.3307291671875 0.6888888890625
0 0.3010416671875 0.75648148125 0.3010416671875 0.7263888890625 0.3010416671875 0.696296296875 0.28203125 0.696296296875 0.2630208328125 0.696296296875 0.2630208328125 0.7263888890625 0.2630208328125 0.75648148125 0.28203125 0.75648148125 0.3010416671875 0.75648148125
0 0.23072916718749997 0.9925925921875001 0.23072916718749997 0.95694444375 0.23072916718749997 0.921296296875 0.21354166718749998 0.921296296875 0.1963541671875 0.921296296875 0.1963541671875 0.95694444375 0.1963541671875 0.9925925921875001 0.21354166718749998 0.9925925921875001 0.23072916718749997 0.9925925921875001