3 0.24973958281250003 1 0.24973958281250003 0.9701388890624999 0.24973958281250003 0.940277778125 0.22786458281250002 0.940277778125 0.20598958281250002 0.940277778125 0.20598958281250002 0.9701388890624999 0.20598958281250002 1 0.22786458281250002 1 0.24973958281250003 1
3 0.22942708281250002 0.8726851859375 0.22942708281250002 0.8451388890624999 0.22942708281250002 0.8175925921875 0.20442708281250002 0.8175925921875 0.1794270828125 0.8175925921875 0.1794270828125 0.8451388890624999 0.1794270828125 0.8726851859375 0.20442708281250002 0.8726851859375 0.22942708281250002 0.8726851859375
3 0.18359375 0.902777778125 0.18359375 0.871296296875 0.18359375 0.8398148140625 0.16328125 0.8398148140625 0.14296875 0.8398148140625 0.14296875 0.871296296875 0.14296875 0.902777778125 0.16328125 0.902777778125 0.18359375 0.902777778125
3 0.19192708281249998 0.9712962968750001 0.19192708281249998 0.9481481484375 0.19192708281249998 0.925 0.17434895781249998 0.925 0.15677083281249998 0.925 0.15677083281249998 0.9481481484375 0.15677083281249998 0.9712962968750001 0.17434895781249998 0.9712962968750001 0.19192708281249998 0.9712962968750001
0 0.6515625 0.5675925921875 0.6515625 0.546759259375 0.6515625 0.5259259265625 0.6403645828125 0.5259259265625 0.6291666671875 0.5259259265625 0.6291666671875 0.546759259375 0.6291666671875 0.5675925921875 0.6403645828125 0.5675925921875 0.6515625 0.5675925921875
0 0.46640625 0.9125 0.46640625 0.8879629625 0.46640625 0.8634259265625 0.4515625 0.8634259265625 0.43671875 0.8634259265625 0.43671875 0.8879629625 0.43671875 0.9125 0.4515625 0.9125 0.46640625 0.9125
0 0.61640625 0.6138888890625 0.61640625 0.5875 0.61640625 0.5611111109375 0.60234375 0.5611111109375 0.58828125 0.5611111109375 0.58828125 0.5875 0.58828125 0.6138888890625 0.60234375 0.6138888890625 0.61640625 0.6138888890625
0 0.5416666671875 0.6175925921875 0.5416666671875 0.590046296875 0.5416666671875 0.5625 0.5265625 0.5625 0.5114583328125 0.5625 0.5114583328125 0.590046296875 0.5114583328125 0.6175925921875 0.5265625 0.6175925921875 0.5416666671875 0.6175925921875
0 0.5630208328124999 0.5300925921874999 0.5630208328124999 0.5048611109375 0.5630208328124999 0.4796296296875 0.55 0.4796296296875 0.5369791671875 0.4796296296875 0.5369791671875 0.5048611109375 0.5369791671875 0.5300925921874999 0.55 0.5300925921874999 0.5630208328124999 0.5300925921874999
0 0.49401041718750005 0.4824074078125 0.49401041718750005 0.4604166671875 0.49401041718750005 0.4384259265625 0.48346354218750004 0.4384259265625 0.47291666718750003 0.4384259265625 0.47291666718750003 0.4604166671875 0.47291666718750003 0.4824074078125 0.48346354218750004 0.4824074078125 0.49401041718750005 0.4824074078125
0 0.4791666671875 0.5935185187500001 0.4791666671875 0.5722222218749999 0.4791666671875 0.5509259265625001 0.4654947921875 0.5509259265625001 0.4518229171875 0.5509259265625001 0.4518229171875 0.5722222218749999 0.4518229171875 0.5935185187500001 0.4654947921875 0.5935185187500001 0.4791666671875 0.5935185187500001
0 0.44244791718750004 0.5361111109375 0.44244791718750004 0.515509259375 0.44244791718750004 0.49490740781250003 0.430859375 0.49490740781250003 0.4192708328125 0.49490740781250003 0.4192708328125 0.515509259375 0.4192708328125 0.5361111109375 0.430859375 0.5361111109375 0.44244791718750004 0.5361111109375
0 0.2546875 0.6824074078125 0.2546875 0.659953703125 0.2546875 0.6375 0.24309895781250002 0.6375 0.23151041718749998 0.6375 0.23151041718749998 0.659953703125 0.23151041718749998 0.6824074078125 0.24309895781250002 0.6824074078125 0.2546875 0.6824074078125
0 0.1455729171875 0.6537037031249999 0.1455729171875 0.6356481484375001 0.1455729171875 0.6175925921875 0.1319010421875 0.6175925921875 0.11822916718750001 0.6175925921875 0.11822916718750001 0.6356481484375001 0.11822916718750001 0.6537037031249999 0.1319010421875 0.6537037031249999 0.1455729171875 0.6537037031249999
0 0.1708333328125 1 0.1708333328125 0.9793981484375 0.1708333328125 0.958796296875 0.1532552078125 0.958796296875 0.1356770828125 0.958796296875 0.1356770828125 0.9793981484375 0.1356770828125 1 0.1532552078125 1 0.1708333328125 1