0 0.07734375 0.9050925921875 0.07734375 0.8775462968750001 0.07734375 0.85 0.06315104218749999 0.85 0.0489583328125 0.85 0.0489583328125 0.8775462968750001 0.0489583328125 0.9050925921875 0.06315104218749999 0.9050925921875 0.07734375 0.9050925921875
0 0.8252604171875 0.9351851859375 0.8252604171875 0.9083333328125001 0.8252604171875 0.88148148125 0.8052083328125 0.88148148125 0.78515625 0.88148148125 0.78515625 0.9083333328125001 0.78515625 0.9351851859375 0.8052083328125 0.9351851859375 0.8252604171875 0.9351851859375
0 0.2440104171875 0.383796296875 0.2440104171875 0.33634259218749996 0.2440104171875 0.2888888890625 0.2140625 0.2888888890625 0.18411458281249998 0.2888888890625 0.18411458281249998 0.33634259218749996 0.18411458281249998 0.383796296875 0.2140625 0.383796296875 0.2440104171875 0.383796296875
0 0.35598958281250004 0.7273148140625 0.35598958281250004 0.6891203703125 0.35598958281250004 0.6509259265625 0.3338541671875 0.6509259265625 0.31171875 0.6509259265625 0.31171875 0.6891203703125 0.31171875 0.7273148140625 0.3338541671875 0.7273148140625 0.35598958281250004 0.7273148140625
0 0.5044270828124999 0.99398148125 0.5044270828124999 0.9513888890625 0.5044270828124999 0.9087962968750001 0.4819010421875 0.9087962968750001 0.459375 0.9087962968750001 0.459375 0.9513888890625 0.459375 0.99398148125 0.4819010421875 0.99398148125 0.5044270828124999 0.99398148125
0 0.4799479171875 0.3523148140625 0.4799479171875 0.3071759265625 0.4799479171875 0.26203703749999996 0.457421875 0.26203703749999996 0.4348958328125 0.26203703749999996 0.4348958328125 0.3071759265625 0.4348958328125 0.3523148140625 0.457421875 0.3523148140625 0.4799479171875 0.3523148140625
0 0.61484375 0.61851851875 0.61484375 0.590972221875 0.61484375 0.5634259265625 0.5924479171875 0.5634259265625 0.5700520828125 0.5634259265625 0.5700520828125 0.590972221875 0.5700520828125 0.61851851875 0.5924479171875 0.61851851875 0.61484375 0.61851851875
0 0.5994791671875 0.7976851859375 0.5994791671875 0.75 0.5994791671875 0.7023148140625 0.5740885421875 0.7023148140625 0.5486979171875 0.7023148140625 0.5486979171875 0.75 0.5486979171875 0.7976851859375 0.5740885421875 0.7976851859375 0.5994791671875 0.7976851859375
0 0.50234375 0.74398148125 0.50234375 0.708796296875 0.50234375 0.6736111109375 0.47630208281249997 0.6736111109375 0.45026041718750004 0.6736111109375 0.45026041718750004 0.708796296875 0.45026041718750004 0.74398148125 0.47630208281249997 0.74398148125 0.50234375 0.74398148125
0 0.3828125 0.666203703125 0.3828125 0.6298611109375 0.3828125 0.5935185187500001 0.3602864578125 0.5935185187500001 0.3377604171875 0.5935185187500001 0.3377604171875 0.6298611109375 0.3377604171875 0.666203703125 0.3602864578125 0.666203703125 0.3828125 0.666203703125
0 0.290625 0.7148148140624999 0.290625 0.6805555562500001 0.290625 0.646296296875 0.2716145828125 0.646296296875 0.2526041671875 0.646296296875 0.2526041671875 0.6805555562500001 0.2526041671875 0.7148148140624999 0.2716145828125 0.7148148140624999 0.290625 0.7148148140624999
0 0.21171875 0.746296296875 0.21171875 0.7074074078125 0.21171875 0.66851851875 0.1930989578125 0.66851851875 0.1744791671875 0.66851851875 0.1744791671875 0.7074074078125 0.1744791671875 0.746296296875 0.1930989578125 0.746296296875 0.21171875 0.746296296875