0 0.7291666671875 0.09074074062500001 0.7291666671875 0.07569444374999999 0.7291666671875 0.06064814843750001 0.7166666671875 0.06064814843750001 0.7041666671875 0.06064814843750001 0.7041666671875 0.07569444374999999 0.7041666671875 0.09074074062500001 0.7166666671875 0.09074074062500001 0.7291666671875 0.09074074062500001
0 0.7177083328125 0.134722221875 0.7177083328125 0.11041666718750001 0.7177083328125 0.0861111109375 0.7045572921875001 0.0861111109375 0.69140625 0.0861111109375 0.69140625 0.11041666718750001 0.69140625 0.134722221875 0.7045572921875001 0.134722221875 0.7177083328125 0.134722221875
0 0.68359375 0.20416666718749998 0.68359375 0.177777778125 0.68359375 0.1513888890625 0.67109375 0.1513888890625 0.65859375 0.1513888890625 0.65859375 0.177777778125 0.65859375 0.20416666718749998 0.67109375 0.20416666718749998 0.68359375 0.20416666718749998
0 0.6106770828125 0.271296296875 0.6106770828125 0.24976851875 0.6106770828125 0.228240740625 0.5966145828125 0.228240740625 0.5825520828124999 0.228240740625 0.5825520828124999 0.24976851875 0.5825520828124999 0.271296296875 0.5966145828125 0.271296296875 0.6106770828125 0.271296296875
0 0.5791666671875 0.32083333281250004 0.5791666671875 0.2988425921875 0.5791666671875 0.2768518515625 0.566015625 0.2768518515625 0.5528645828125 0.2768518515625 0.5528645828125 0.2988425921875 0.5528645828125 0.32083333281250004 0.566015625 0.32083333281250004 0.5791666671875 0.32083333281250004
0 0.4994791671875 0.4800925921875 0.4994791671875 0.45995370312499995 0.4994791671875 0.43981481406249995 0.4876302078125 0.43981481406249995 0.47578125 0.43981481406249995 0.47578125 0.45995370312499995 0.47578125 0.4800925921875 0.4876302078125 0.4800925921875 0.4994791671875 0.4800925921875
0 0.48854166718750003 0.553240740625 0.48854166718750003 0.5305555562500001 0.48854166718750003 0.5078703703125 0.47578125 0.5078703703125 0.46302083281249995 0.5078703703125 0.46302083281249995 0.5305555562500001 0.46302083281249995 0.553240740625 0.47578125 0.553240740625 0.48854166718750003 0.553240740625
0 0.43671875 0.6560185187500001 0.43671875 0.63773148125 0.43671875 0.61944444375 0.42786458281249995 0.61944444375 0.41901041718750004 0.61944444375 0.41901041718750004 0.63773148125 0.41901041718750004 0.6560185187500001 0.42786458281249995 0.6560185187500001 0.43671875 0.6560185187500001
0 0.7924479171875001 0.553703703125 0.7924479171875001 0.50648148125 0.7924479171875001 0.459259259375 0.7600260421875 0.459259259375 0.7276041671875 0.459259259375 0.7276041671875 0.50648148125 0.7276041671875 0.553703703125 0.7600260421875 0.553703703125 0.7924479171875001 0.553703703125
0 0.7239583328125 0.5925925921874999 0.7239583328125 0.5432870375000001 0.7239583328125 0.49398148124999997 0.70234375 0.49398148124999997 0.6807291671875 0.49398148124999997 0.6807291671875 0.5432870375000001 0.6807291671875 0.5925925921874999 0.70234375 0.5925925921874999 0.7239583328125 0.5925925921874999
0 0.6174479171875 0.9976851859375 0.6174479171875 0.9416666671874999 0.6174479171875 0.8856481484375 0.5919270828125 0.8856481484375 0.56640625 0.8856481484375 0.56640625 0.9416666671874999 0.56640625 0.9976851859375 0.5919270828125 0.9976851859375 0.6174479171875 0.9976851859375
0 0.51953125 1 0.51953125 0.9712962968750001 0.51953125 0.9425925921875 0.49765625 0.9425925921875 0.47578125 0.9425925921875 0.47578125 0.9712962968750001 0.47578125 1 0.49765625 1 0.51953125 1
0 0.62578125 0.73101851875 0.62578125 0.6854166671875 0.62578125 0.6398148140625 0.6020833328124999 0.6398148140625 0.5783854171875 0.6398148140625 0.5783854171875 0.6854166671875 0.5783854171875 0.73101851875 0.6020833328124999 0.73101851875 0.62578125 0.73101851875