0 0.5747395828124999 1 0.5747395828124999 0.9509259265625 0.5747395828124999 0.9018518515625 0.5227864578125 0.9018518515625 0.47083333281249995 0.9018518515625 0.47083333281249995 0.9509259265625 0.47083333281249995 1 0.5227864578125 1 0.5747395828124999 1
3 0.571875 0.36296296250000004 0.571875 0.30578703749999997 0.571875 0.2486111109375 0.534765625 0.2486111109375 0.49765625 0.2486111109375 0.49765625 0.30578703749999997 0.49765625 0.36296296250000004 0.534765625 0.36296296250000004 0.571875 0.36296296250000004
3 0.5463541671875001 0.42268518593750004 0.5463541671875001 0.396296296875 0.5463541671875001 0.36990740781250003 0.5307291671875001 0.36990740781250003 0.5151041671875001 0.36990740781250003 0.5151041671875001 0.396296296875 0.5151041671875001 0.42268518593750004 0.5307291671875001 0.42268518593750004 0.5463541671875001 0.42268518593750004
3 0.5747395828124999 0.43101851875 0.5747395828124999 0.4018518515625 0.5747395828124999 0.3726851859375 0.5610677078124999 0.3726851859375 0.5473958328124999 0.3726851859375 0.5473958328124999 0.4018518515625 0.5473958328124999 0.43101851875 0.5610677078124999 0.43101851875 0.5747395828124999 0.43101851875
3 0.9239583328125001 0.30046296250000004 0.9239583328125001 0.253009259375 0.9239583328125001 0.20555555625 0.8966145828125001 0.20555555625 0.8692708328125001 0.20555555625 0.8692708328125001 0.253009259375 0.8692708328125001 0.30046296250000004 0.8966145828125001 0.30046296250000004 0.9239583328125001 0.30046296250000004
0 0.2638020828125 1 0.2638020828125 0.8946759265625 0.2638020828125 0.7893518515625 0.1985677078125 0.7893518515625 0.13333333281249998 0.7893518515625 0.13333333281249998 0.8946759265625 0.13333333281249998 1 0.1985677078125 1 0.2638020828125 1
0 0.50234375 0.334722221875 0.50234375 0.2671296296875 0.50234375 0.19953703750000001 0.46197916718750004 0.19953703750000001 0.42161458281249997 0.19953703750000001 0.42161458281249997 0.2671296296875 0.42161458281249997 0.334722221875 0.46197916718750004 0.334722221875 0.50234375 0.334722221875
0 0.5481770828125 0.203240740625 0.5481770828125 0.13773148125 0.5481770828125 0.072222221875 0.5138020828125 0.072222221875 0.47942708281249996 0.072222221875 0.47942708281249996 0.13773148125 0.47942708281249996 0.203240740625 0.5138020828125 0.203240740625 0.5481770828125 0.203240740625
0 0.6479166671875001 0.396759259375 0.6479166671875001 0.3203703703125 0.6479166671875001 0.24398148125 0.6044270828125 0.24398148125 0.5609375 0.24398148125 0.5609375 0.3203703703125 0.5609375 0.396759259375 0.6044270828125 0.396759259375 0.6479166671875001 0.396759259375
0 0.6315104171875 0.11574074062499999 0.6315104171875 0.0636574078125 0.6315104171875 0.0115740734375 0.6044270828125 0.0115740734375 0.57734375 0.0115740734375 0.57734375 0.0636574078125 0.57734375 0.11574074062499999 0.6044270828125 0.11574074062499999 0.6315104171875 0.11574074062499999
0 0.7341145828125 0.13287037031249999 0.7341145828125 0.0888888890625 0.7341145828125 0.0449074078125 0.70859375 0.0449074078125 0.6830729171875001 0.0449074078125 0.6830729171875001 0.0888888890625 0.6830729171875001 0.13287037031249999 0.70859375 0.13287037031249999 0.7341145828125 0.13287037031249999