2 0.7690104171875001 0.35972222187499997 0.7690104171875001 0.3270833328125 0.7690104171875001 0.29444444375 0.7493489578125 0.29444444375 0.7296875 0.29444444375 0.7296875 0.3270833328125 0.7296875 0.35972222187499997 0.7493489578125 0.35972222187499997 0.7690104171875001 0.35972222187499997
0 0.3763020828125 0.8449074078125 0.3763020828125 0.803009259375 0.3763020828125 0.7611111109375 0.353515625 0.7611111109375 0.3307291671875 0.7611111109375 0.3307291671875 0.803009259375 0.3307291671875 0.8449074078125 0.353515625 0.8449074078125 0.3763020828125 0.8449074078125
0 0.4419270828125 0.9629629625 0.4419270828125 0.9108796296874999 0.4419270828125 0.858796296875 0.4154947921875 0.858796296875 0.3890625 0.858796296875 0.3890625 0.9108796296874999 0.3890625 0.9629629625 0.4154947921875 0.9629629625 0.4419270828125 0.9629629625
0 0.27291666718749996 1 0.27291666718749996 0.9731481484375 0.27291666718749996 0.946296296875 0.24830729218749997 0.946296296875 0.22369791718749998 0.946296296875 0.22369791718749998 0.9731481484375 0.22369791718749998 1 0.24830729218749997 1 0.27291666718749996 1
0 0.3138020828125 0.9064814812499999 0.3138020828125 0.8671296296875 0.3138020828125 0.827777778125 0.28567708281250004 0.827777778125 0.2575520828125 0.827777778125 0.2575520828125 0.8671296296875 0.2575520828125 0.9064814812499999 0.28567708281250004 0.9064814812499999 0.3138020828125 0.9064814812499999
3 0.921875 0.5310185187500001 0.921875 0.49791666718750005 0.921875 0.46481481406249997 0.897265625 0.46481481406249997 0.87265625 0.46481481406249997 0.87265625 0.49791666718750005 0.87265625 0.5310185187500001 0.897265625 0.5310185187500001 0.921875 0.5310185187500001
3 0.5234375 0.996296296875 0.5234375 0.9513888890625 0.5234375 0.9064814812499999 0.491796875 0.9064814812499999 0.46015625 0.9064814812499999 0.46015625 0.9513888890625 0.46015625 0.996296296875 0.491796875 0.996296296875 0.5234375 0.996296296875
3 0.1533854171875 0.7824074078125001 0.1533854171875 0.73055555625 0.1533854171875 0.678703703125 0.12200520781249999 0.678703703125 0.090625 0.678703703125 0.090625 0.73055555625 0.090625 0.7824074078125001 0.12200520781249999 0.7824074078125001 0.1533854171875 0.7824074078125001
0 0.1513020828125 0.13333333281249998 0.1513020828125 0.0856481484375 0.1513020828125 0.0379629625 0.1259114578125 0.0379629625 0.10052083281249999 0.0379629625 0.10052083281249999 0.0856481484375 0.10052083281249999 0.13333333281249998 0.1259114578125 0.13333333281249998 0.1513020828125 0.13333333281249998
0 0.41171875 0.7125 0.41171875 0.67569444375 0.41171875 0.6388888890625 0.3923177078125 0.6388888890625 0.3729166671875 0.6388888890625 0.3729166671875 0.67569444375 0.3729166671875 0.7125 0.3923177078125 0.7125 0.41171875 0.7125
0 0.2947916671875 0.3546296296875 0.2947916671875 0.3321759265625 0.2947916671875 0.309722221875 0.27682291718749996 0.309722221875 0.2588541671875 0.309722221875 0.2588541671875 0.3321759265625 0.2588541671875 0.3546296296875 0.27682291718749996 0.3546296296875 0.2947916671875 0.3546296296875
0 0.49401041718750005 0.38240740781250004 0.49401041718750005 0.3490740734375 0.49401041718750005 0.315740740625 0.4752604171875 0.315740740625 0.4565104171875 0.315740740625 0.4565104171875 0.3490740734375 0.4565104171875 0.38240740781250004 0.4752604171875 0.38240740781250004 0.49401041718750005 0.38240740781250004
0 0.9752604171874999 0.4611111109375 0.9752604171874999 0.41921296249999995 0.9752604171874999 0.3773148140625 0.9475260421874999 0.3773148140625 0.9197916671874999 0.3773148140625 0.9197916671874999 0.41921296249999995 0.9197916671874999 0.4611111109375 0.9475260421874999 0.4611111109375 0.9752604171874999 0.4611111109375
0 0.8971354171874999 1 0.8971354171874999 0.9625 0.8971354171874999 0.925 0.8619791671874999 0.925 0.8268229171874999 0.925 0.8268229171874999 0.9625 0.8268229171874999 1 0.8619791671874999 1 0.8971354171874999 1
0 0.9434895828125001 0.10092592656249999 0.9434895828125001 0.071527778125 0.9434895828125001 0.042129629687499996 0.9174479171875 0.042129629687499996 0.89140625 0.042129629687499996 0.89140625 0.071527778125 0.89140625 0.10092592656249999 0.9174479171875 0.10092592656249999 0.9434895828125001 0.10092592656249999