0 0.8346354171874999 0.85 0.8346354171874999 0.821296296875 0.8346354171874999 0.7925925921875 0.82265625 0.7925925921875 0.8106770828125001 0.7925925921875 0.8106770828125001 0.821296296875 0.8106770828125001 0.85 0.82265625 0.85 0.8346354171874999 0.85
0 0.8359375 0.7763888890625 0.8359375 0.7481481484375 0.8359375 0.7199074078125001 0.822265625 0.7199074078125001 0.80859375 0.7199074078125001 0.80859375 0.7481481484375 0.80859375 0.7763888890625 0.822265625 0.7763888890625 0.8359375 0.7763888890625
0 0.6747395828125 0.272222221875 0.6747395828125 0.24097222187499998 0.6747395828125 0.20972222187499998 0.6606770828124999 0.20972222187499998 0.6466145828125 0.20972222187499998 0.6466145828125 0.24097222187499998 0.6466145828125 0.272222221875 0.6606770828124999 0.272222221875 0.6747395828125 0.272222221875
0 0.6408854171875 0.07685185156249999 0.6408854171875 0.0511574078125 0.6408854171875 0.025462962500000002 0.6265625 0.025462962500000002 0.6122395828125 0.025462962500000002 0.6122395828125 0.0511574078125 0.6122395828125 0.07685185156249999 0.6265625 0.07685185156249999 0.6408854171875 0.07685185156249999
0 0.5791666671875 0.1708333328125 0.5791666671875 0.134490740625 0.5791666671875 0.0981481484375 0.5591145828124999 0.0981481484375 0.5390625 0.0981481484375 0.5390625 0.134490740625 0.5390625 0.1708333328125 0.5591145828124999 0.1708333328125 0.5791666671875 0.1708333328125
0 0.4067708328125 0.1759259265625 0.4067708328125 0.15277777812499999 0.4067708328125 0.1296296296875 0.39401041718749996 0.1296296296875 0.38125 0.1296296296875 0.38125 0.15277777812499999 0.38125 0.1759259265625 0.39401041718749996 0.1759259265625 0.4067708328125 0.1759259265625
0 0.61640625 0.3574074078125 0.61640625 0.3379629625 0.61640625 0.31851851875000003 0.598046875 0.31851851875000003 0.5796875 0.31851851875000003 0.5796875 0.3379629625 0.5796875 0.3574074078125 0.598046875 0.3574074078125 0.61640625 0.3574074078125
0 0.6416666671875 0.41111111093749997 0.6416666671875 0.3835648140625 0.6416666671875 0.35601851875 0.626171875 0.35601851875 0.6106770828125 0.35601851875 0.6106770828125 0.3835648140625 0.6106770828125 0.41111111093749997 0.626171875 0.41111111093749997 0.6416666671875 0.41111111093749997
0 0.5684895828125 0.5699074078125 0.5684895828125 0.53726851875 0.5684895828125 0.5046296296875 0.5537760421875 0.5046296296875 0.5390625 0.5046296296875 0.5390625 0.53726851875 0.5390625 0.5699074078125 0.5537760421875 0.5699074078125 0.5684895828125 0.5699074078125
0 0.42005208281249995 0.9291666671875 0.42005208281249995 0.8891203703125001 0.42005208281249995 0.8490740734375001 0.402734375 0.8490740734375001 0.3854166671875 0.8490740734375001 0.3854166671875 0.8891203703125001 0.3854166671875 0.9291666671875 0.402734375 0.9291666671875 0.42005208281249995 0.9291666671875
0 0.346875 0.43240740781250003 0.346875 0.3949074078125 0.346875 0.3574074078125 0.325 0.3574074078125 0.303125 0.3574074078125 0.303125 0.3949074078125 0.303125 0.43240740781250003 0.325 0.43240740781250003 0.346875 0.43240740781250003
0 0.1546875 0.3421296296875 0.1546875 0.3120370375 0.1546875 0.28194444375 0.1319010421875 0.28194444375 0.1091145828125 0.28194444375 0.1091145828125 0.3120370375 0.1091145828125 0.3421296296875 0.1319010421875 0.3421296296875 0.1546875 0.3421296296875
0 0.2364583328125 0.5259259265625 0.2364583328125 0.4828703703125 0.2364583328125 0.43981481406249995 0.21393229218749998 0.43981481406249995 0.19140625 0.43981481406249995 0.19140625 0.4828703703125 0.19140625 0.5259259265625 0.21393229218749998 0.5259259265625 0.2364583328125 0.5259259265625
0 0.021614582812499998 0.48842592656250006 0.021614582812499998 0.45601851875 0.021614582812499998 0.4236111109375 0.0109375 0.4236111109375 0.0002604171875 0.4236111109375 0.0002604171875 0.45601851875 0.0002604171875 0.48842592656250006 0.0109375 0.48842592656250006 0.021614582812499998 0.48842592656250006
0 0.0450520828125 0.34861111093749997 0.0450520828125 0.3148148140625 0.0450520828125 0.28101851875 0.0263020828125 0.28101851875 0.0075520828124999995 0.28101851875 0.0075520828124999995 0.3148148140625 0.0075520828124999995 0.34861111093749997 0.0263020828125 0.34861111093749997 0.0450520828125 0.34861111093749997