0 0.41770833281249997 0.44305555625000004 0.41770833281249997 0.4074074078125 0.41770833281249997 0.371759259375 0.40078125 0.371759259375 0.3838541671875 0.371759259375 0.3838541671875 0.4074074078125 0.3838541671875 0.44305555625000004 0.40078125 0.44305555625000004 0.41770833281249997 0.44305555625000004
0 0.1502604171875 0.659259259375 0.1502604171875 0.6388888890625 0.1502604171875 0.61851851875 0.1375 0.61851851875 0.1247395828125 0.61851851875 0.1247395828125 0.6388888890625 0.1247395828125 0.659259259375 0.1375 0.659259259375 0.1502604171875 0.659259259375
0 0.5315104171875 0.6726851859375 0.5315104171875 0.6384259265625001 0.5315104171875 0.6041666671875 0.5096354171875 0.6041666671875 0.4877604171875 0.6041666671875 0.4877604171875 0.6384259265625001 0.4877604171875 0.6726851859375 0.5096354171875 0.6726851859375 0.5315104171875 0.6726851859375
0 0.5328125 0.46481481406249997 0.5328125 0.428009259375 0.5328125 0.391203703125 0.509375 0.391203703125 0.4859375 0.391203703125 0.4859375 0.428009259375 0.4859375 0.46481481406249997 0.509375 0.46481481406249997 0.5328125 0.46481481406249997
0 0.21953125 0.5523148140624999 0.21953125 0.5310185187500001 0.21953125 0.5097222218749999 0.208984375 0.5097222218749999 0.1984375 0.5097222218749999 0.1984375 0.5310185187500001 0.1984375 0.5523148140624999 0.208984375 0.5523148140624999 0.21953125 0.5523148140624999
3 0.4640625 0.7199074078125001 0.4640625 0.703240740625 0.4640625 0.6865740734375 0.44921875 0.6865740734375 0.434375 0.6865740734375 0.434375 0.703240740625 0.434375 0.7199074078125001 0.44921875 0.7199074078125001 0.4640625 0.7199074078125001
0 0.60625 0.521296296875 0.60625 0.47476851875000003 0.60625 0.428240740625 0.581640625 0.428240740625 0.55703125 0.428240740625 0.55703125 0.47476851875000003 0.55703125 0.521296296875 0.581640625 0.521296296875 0.60625 0.521296296875
0 0.6234375 0.3773148140625 0.6234375 0.3421296296875 0.6234375 0.30694444375 0.601171875 0.30694444375 0.57890625 0.30694444375 0.57890625 0.3421296296875 0.57890625 0.3773148140625 0.601171875 0.3773148140625 0.6234375 0.3773148140625
0 0.5213541671875 0.1273148140625 0.5213541671875 0.0921296296875 0.5213541671875 0.05694444375 0.5040364578125 0.05694444375 0.48671875 0.05694444375 0.48671875 0.0921296296875 0.48671875 0.1273148140625 0.5040364578125 0.1273148140625 0.5213541671875 0.1273148140625
0 0.3265625 0.43101851875 0.3265625 0.3986111109375 0.3265625 0.366203703125 0.30703125 0.366203703125 0.2875 0.366203703125 0.2875 0.3986111109375 0.2875 0.43101851875 0.30703125 0.43101851875 0.3265625 0.43101851875
0 0.3802083328125 0.4203703703125 0.3802083328125 0.3831018515625 0.3802083328125 0.3458333328125 0.3610677078125 0.3458333328125 0.3419270828125 0.3458333328125 0.3419270828125 0.3831018515625 0.3419270828125 0.4203703703125 0.3610677078125 0.4203703703125 0.3802083328125 0.4203703703125
0 0.45625 0.39444444375 0.45625 0.3548611109375 0.45625 0.315277778125 0.42786458281249995 0.315277778125 0.3994791671875 0.315277778125 0.3994791671875 0.3548611109375 0.3994791671875 0.39444444375 0.42786458281249995 0.39444444375 0.45625 0.39444444375