3 0.8348958328125 0.6648148140625 0.8348958328125 0.6247685187500001 0.8348958328125 0.584722221875 0.8243489578125001 0.584722221875 0.8138020828125001 0.584722221875 0.8138020828125001 0.6247685187500001 0.8138020828125001 0.6648148140625 0.8243489578125001 0.6648148140625 0.8348958328125 0.6648148140625
3 0.6302083328125 0.06898148125 0.6302083328125 0.0365740734375 0.6302083328125 0.0041666671875 0.6174479171875 0.0041666671875 0.6046875 0.0041666671875 0.6046875 0.0365740734375 0.6046875 0.06898148125 0.6174479171875 0.06898148125 0.6302083328125 0.06898148125
3 0.5122395828124999 0.4495370375 0.5122395828124999 0.42314814843750004 0.5122395828124999 0.396759259375 0.4947916671875 0.396759259375 0.47734375 0.396759259375 0.47734375 0.42314814843750004 0.47734375 0.4495370375 0.4947916671875 0.4495370375 0.5122395828124999 0.4495370375
3 0.1953125 0.7180555562500001 0.1953125 0.6861111109375 0.1953125 0.6541666671875 0.1721354171875 0.6541666671875 0.14895833281249998 0.6541666671875 0.14895833281249998 0.6861111109375 0.14895833281249998 0.7180555562500001 0.1721354171875 0.7180555562500001 0.1953125 0.7180555562500001
0 0.225 0.678703703125 0.225 0.63726851875 0.225 0.5958333328125 0.19921875 0.5958333328125 0.1734375 0.5958333328125 0.1734375 0.63726851875 0.1734375 0.678703703125 0.19921875 0.678703703125 0.225 0.678703703125
0 0.14895833281249998 0.7708333328125 0.14895833281249998 0.7395833328125 0.14895833281249998 0.7083333328125 0.131640625 0.7083333328125 0.11432291718750001 0.7083333328125 0.11432291718750001 0.7395833328125 0.11432291718750001 0.7708333328125 0.131640625 0.7708333328125 0.14895833281249998 0.7708333328125
0 0.5505208328125 0.29814814843750004 0.5505208328125 0.271296296875 0.5505208328125 0.24444444375000002 0.535546875 0.24444444375000002 0.5205729171875 0.24444444375000002 0.5205729171875 0.271296296875 0.5205729171875 0.29814814843750004 0.535546875 0.29814814843750004 0.5505208328125 0.29814814843750004
0 0.3497395828125 0.834722221875 0.3497395828125 0.8011574078124999 0.3497395828125 0.7675925921875 0.3317708328125 0.7675925921875 0.3138020828125 0.7675925921875 0.3138020828125 0.8011574078124999 0.3138020828125 0.834722221875 0.3317708328125 0.834722221875 0.3497395828125 0.834722221875
0 0.43046875 0.7953703703125 0.43046875 0.75601851875 0.43046875 0.7166666671875 0.4087239578125 0.7166666671875 0.3869791671875 0.7166666671875 0.3869791671875 0.75601851875 0.3869791671875 0.7953703703125 0.4087239578125 0.7953703703125 0.43046875 0.7953703703125
0 0.5723958328125 0.74351851875 0.5723958328125 0.7175925921874999 0.5723958328125 0.6916666671875 0.5544270828125 0.6916666671875 0.5364583328125 0.6916666671875 0.5364583328125 0.7175925921874999 0.5364583328125 0.74351851875 0.5544270828125 0.74351851875 0.5723958328125 0.74351851875
0 0.6033854171875 0.616203703125 0.6033854171875 0.571296296875 0.6033854171875 0.5263888890625 0.576953125 0.5263888890625 0.5505208328125 0.5263888890625 0.5505208328125 0.571296296875 0.5505208328125 0.616203703125 0.576953125 0.616203703125 0.6033854171875 0.616203703125
0 0.6380208328125 0.5425925921875 0.6380208328125 0.5053240734375 0.6380208328125 0.46805555625000006 0.6125 0.46805555625000006 0.5869791671875 0.46805555625000006 0.5869791671875 0.5053240734375 0.5869791671875 0.5425925921875 0.6125 0.5425925921875 0.6380208328125 0.5425925921875
0 0.63515625 0.45694444375 0.63515625 0.42175925937500003 0.63515625 0.3865740734375 0.6135416671875 0.3865740734375 0.5919270828125 0.3865740734375 0.5919270828125 0.42175925937500003 0.5919270828125 0.45694444375 0.6135416671875 0.45694444375 0.63515625 0.45694444375
0 0.5591145828124999 0.408796296875 0.5591145828124999 0.37245370312500004 0.5591145828124999 0.3361111109375 0.5380208328125 0.3361111109375 0.5169270828125 0.3361111109375 0.5169270828125 0.37245370312500004 0.5169270828125 0.408796296875 0.5380208328125 0.408796296875 0.5591145828124999 0.408796296875
0 0.38203125 0.2606481484375 0.38203125 0.23240740781250002 0.38203125 0.20416666718749998 0.3674479171875 0.20416666718749998 0.3528645828125 0.20416666718749998 0.3528645828125 0.23240740781250002 0.3528645828125 0.2606481484375 0.3674479171875 0.2606481484375 0.38203125 0.2606481484375
0 0.246875 0.25694444375000003 0.246875 0.23611111093749998 0.246875 0.215277778125 0.2322916671875 0.215277778125 0.21770833281250002 0.215277778125 0.21770833281250002 0.23611111093749998 0.21770833281250002 0.25694444375000003 0.2322916671875 0.25694444375000003 0.246875 0.25694444375000003
0 0.16171875 0.490740740625 0.16171875 0.46365740781250003 0.16171875 0.4365740734375 0.146875 0.4365740734375 0.13203125 0.4365740734375 0.13203125 0.46365740781250003 0.13203125 0.490740740625 0.146875 0.490740740625 0.16171875 0.490740740625
0 0.1184895828125 0.5699074078125 0.1184895828125 0.5449074078125 0.1184895828125 0.5199074078125 0.10052083281249999 0.5199074078125 0.08255208281250001 0.5199074078125 0.08255208281250001 0.5449074078125 0.08255208281250001 0.5699074078125 0.10052083281249999 0.5699074078125 0.1184895828125 0.5699074078125
0 0.054166667187499996 0.590277778125 0.054166667187499996 0.5643518515625 0.054166667187499996 0.5384259265625 0.0348958328125 0.5384259265625 0.015625 0.5384259265625 0.015625 0.5643518515625 0.015625 0.590277778125 0.0348958328125 0.590277778125 0.054166667187499996 0.590277778125