0 0.7408854171875 1 0.7408854171875 0.9638888890624999 0.7408854171875 0.9277777781250001 0.7134114578124999 0.9277777781250001 0.6859375 0.9277777781250001 0.6859375 0.9638888890624999 0.6859375 1 0.7134114578124999 1 0.7408854171875 1
0 0.9153645828125001 0.6300925921875 0.9153645828125001 0.6050925921875 0.9153645828125001 0.5800925921875 0.8998697921875 0.5800925921875 0.884375 0.5800925921875 0.884375 0.6050925921875 0.884375 0.6300925921875 0.8998697921875 0.6300925921875 0.9153645828125001 0.6300925921875
3 0.4078125 0.9384259265624999 0.4078125 0.9134259265625 0.4078125 0.8884259265625 0.3958333328125 0.8884259265625 0.3838541671875 0.8884259265625 0.3838541671875 0.9134259265625 0.3838541671875 0.9384259265624999 0.3958333328125 0.9384259265624999 0.4078125 0.9384259265624999
0 0.9901041671874999 0.47083333281249995 0.9901041671874999 0.4458333328125 0.9901041671874999 0.42083333281249996 0.9763020828125001 0.42083333281249996 0.9625 0.42083333281249996 0.9625 0.4458333328125 0.9625 0.47083333281249995 0.9763020828125001 0.47083333281249995 0.9901041671874999 0.47083333281249995
0 0.9252604171875 0.459722221875 0.9252604171875 0.43541666718750005 0.9252604171875 0.41111111093749997 0.913671875 0.41111111093749997 0.9020833328125001 0.41111111093749997 0.9020833328125001 0.43541666718750005 0.9020833328125001 0.459722221875 0.913671875 0.459722221875 0.9252604171875 0.459722221875
0 0.9223958328125 0.353240740625 0.9223958328125 0.3238425921875 0.9223958328125 0.29444444375 0.9091145828125 0.29444444375 0.8958333328125001 0.29444444375 0.8958333328125001 0.3238425921875 0.8958333328125001 0.353240740625 0.9091145828125 0.353240740625 0.9223958328125 0.353240740625
0 0.8838541671875 0.21944444375 0.8838541671875 0.1925925921875 0.8838541671875 0.165740740625 0.87109375 0.165740740625 0.8583333328125 0.165740740625 0.8583333328125 0.1925925921875 0.8583333328125 0.21944444375 0.87109375 0.21944444375 0.8838541671875 0.21944444375
0 0.8528645828125001 0.3023148140625 0.8528645828125001 0.27291666718749996 0.8528645828125001 0.24351851875000002 0.8390625 0.24351851875000002 0.8252604171875 0.24351851875000002 0.8252604171875 0.27291666718749996 0.8252604171875 0.3023148140625 0.8390625 0.3023148140625 0.8528645828125001 0.3023148140625
0 0.74296875 0.5875 0.74296875 0.559259259375 0.74296875 0.5310185187500001 0.7296875 0.5310185187500001 0.71640625 0.5310185187500001 0.71640625 0.559259259375 0.71640625 0.5875 0.7296875 0.5875 0.74296875 0.5875
0 0.5263020828125 0.733796296875 0.5263020828125 0.708796296875 0.5263020828125 0.683796296875 0.5153645828125 0.683796296875 0.5044270828124999 0.683796296875 0.5044270828124999 0.708796296875 0.5044270828124999 0.733796296875 0.5153645828125 0.733796296875 0.5263020828125 0.733796296875
0 0.6739583328125 0.6875 0.6739583328125 0.6587962968750001 0.6739583328125 0.6300925921875 0.6588541671875 0.6300925921875 0.64375 0.6300925921875 0.64375 0.6587962968750001 0.64375 0.6875 0.6588541671875 0.6875 0.6739583328125 0.6875
0 0.7184895828125 0.13333333281249998 0.7184895828125 0.1046296296875 0.7184895828125 0.0759259265625 0.705078125 0.0759259265625 0.6916666671875 0.0759259265625 0.6916666671875 0.1046296296875 0.6916666671875 0.13333333281249998 0.705078125 0.13333333281249998 0.7184895828125 0.13333333281249998
0 0.7565104171875 0.36851851875 0.7565104171875 0.3416666671875 0.7565104171875 0.3148148140625 0.7412760421875 0.3148148140625 0.7260416671875001 0.3148148140625 0.7260416671875001 0.3416666671875 0.7260416671875001 0.36851851875 0.7412760421875 0.36851851875 0.7565104171875 0.36851851875
0 0.5552083328124999 0.32592592656249997 0.5552083328124999 0.30023148125 0.5552083328124999 0.27453703749999997 0.5397135421875 0.27453703749999997 0.52421875 0.27453703749999997 0.52421875 0.30023148125 0.52421875 0.32592592656249997 0.5397135421875 0.32592592656249997 0.5552083328124999 0.32592592656249997
0 0.5981770828124999 0.5898148140624999 0.5981770828124999 0.5636574078125001 0.5981770828124999 0.5375 0.5837239578125 0.5375 0.5692708328125 0.5375 0.5692708328125 0.5636574078125001 0.5692708328125 0.5898148140624999 0.5837239578125 0.5898148140624999 0.5981770828124999 0.5898148140624999
0 0.51640625 0.6199074078125 0.51640625 0.5893518515625 0.51640625 0.558796296875 0.5013020828125 0.558796296875 0.48619791718750005 0.558796296875 0.48619791718750005 0.5893518515625 0.48619791718750005 0.6199074078125 0.5013020828125 0.6199074078125 0.51640625 0.6199074078125
0 0.1955729171875 0.48472222187499997 0.1955729171875 0.45856481406249994 0.1955729171875 0.43240740781250003 0.1807291671875 0.43240740781250003 0.1658854171875 0.43240740781250003 0.1658854171875 0.45856481406249994 0.1658854171875 0.48472222187499997 0.1807291671875 0.48472222187499997 0.1955729171875 0.48472222187499997
0 0.2075520828125 0.775 0.2075520828125 0.75 0.2075520828125 0.725 0.190625 0.725 0.1736979171875 0.725 0.1736979171875 0.75 0.1736979171875 0.775 0.190625 0.775 0.2075520828125 0.775
0 0.33828125 0.8412037031249999 0.33828125 0.8143518515625001 0.33828125 0.7875 0.32669270781250004 0.7875 0.3151041671875 0.7875 0.3151041671875 0.8143518515625001 0.3151041671875 0.8412037031249999 0.32669270781250004 0.8412037031249999 0.33828125 0.8412037031249999
0 0.32864583281250004 0.61851851875 0.32864583281250004 0.5930555562500001 0.32864583281250004 0.5675925921875 0.3145833328125 0.5675925921875 0.3005208328125 0.5675925921875 0.3005208328125 0.5930555562500001 0.3005208328125 0.61851851875 0.3145833328125 0.61851851875 0.32864583281250004 0.61851851875
0 0.25390625 0.7398148140624999 0.25390625 0.7231481484375 0.25390625 0.70648148125 0.239453125 0.70648148125 0.225 0.70648148125 0.225 0.7231481484375 0.225 0.7398148140624999 0.239453125 0.7398148140624999 0.25390625 0.7398148140624999
0 0.40520833281249996 0.43981481406249995 0.40520833281249996 0.42222222187499997 0.40520833281249996 0.4046296296875 0.39505208281250004 0.4046296296875 0.3848958328125 0.4046296296875 0.3848958328125 0.42222222187499997 0.3848958328125 0.43981481406249995 0.39505208281250004 0.43981481406249995 0.40520833281249996 0.43981481406249995
0 0.24973958281250003 0.16851851874999998 0.24973958281250003 0.13773148125 0.24973958281250003 0.10694444375 0.23359375 0.10694444375 0.21744791718749998 0.10694444375 0.21744791718749998 0.13773148125 0.21744791718749998 0.16851851874999998 0.23359375 0.16851851874999998 0.24973958281250003 0.16851851874999998
0 0.32083333281250004 0.12592592656249998 0.32083333281250004 0.0976851859375 0.32083333281250004 0.06944444375 0.3088541671875 0.06944444375 0.296875 0.06944444375 0.296875 0.0976851859375 0.296875 0.12592592656249998 0.3088541671875 0.12592592656249998 0.32083333281250004 0.12592592656249998
0 0.2877604171875 0.10555555624999999 0.2877604171875 0.07430555625 0.2877604171875 0.04305555625 0.272265625 0.04305555625 0.2567708328125 0.04305555625 0.2567708328125 0.07430555625 0.2567708328125 0.10555555624999999 0.272265625 0.10555555624999999 0.2877604171875 0.10555555624999999
0 0.05625 0.6361111109375 0.05625 0.6081018515625 0.05625 0.5800925921875 0.0389322921875 0.5800925921875 0.021614582812499998 0.5800925921875 0.021614582812499998 0.6081018515625 0.021614582812499998 0.6361111109375 0.0389322921875 0.6361111109375 0.05625 0.6361111109375
0 0.0140625 0.4875 0.0140625 0.4643518515625 0.0140625 0.44120370312499996 0.007161457812499999 0.44120370312499996 0.0002604171875 0.44120370312499996 0.0002604171875 0.4643518515625 0.0002604171875 0.4875 0.007161457812499999 0.4875 0.0140625 0.4875
0 0.05625 0.4574074078125 0.05625 0.43680555625000006 0.05625 0.416203703125 0.0397135421875 0.416203703125 0.0231770828125 0.416203703125 0.0231770828125 0.43680555625000006 0.0231770828125 0.4574074078125 0.0397135421875 0.4574074078125 0.05625 0.4574074078125