3 0.4369791671875 0.921296296875 0.4369791671875 0.8995370375 0.4369791671875 0.877777778125 0.4204427078125 0.877777778125 0.40390625 0.877777778125 0.40390625 0.8995370375 0.40390625 0.921296296875 0.4204427078125 0.921296296875 0.4369791671875 0.921296296875
0 0.8760416671875 0.9476851859375 0.8760416671875 0.921527778125 0.8760416671875 0.8953703703125001 0.8588541671875 0.8953703703125001 0.8416666671874999 0.8953703703125001 0.8416666671874999 0.921527778125 0.8416666671874999 0.9476851859375 0.8588541671875 0.9476851859375 0.8760416671875 0.9476851859375
0 0.8161458328125001 0.7101851859375 0.8161458328125001 0.6793981484375 0.8161458328125001 0.6486111109375 0.8014322921874999 0.6486111109375 0.78671875 0.6486111109375 0.78671875 0.6793981484375 0.78671875 0.7101851859375 0.8014322921874999 0.7101851859375 0.8161458328125001 0.7101851859375
0 0.771875 0.7 0.771875 0.67430555625 0.771875 0.6486111109375 0.7588541671875 0.6486111109375 0.7458333328125 0.6486111109375 0.7458333328125 0.67430555625 0.7458333328125 0.7 0.7588541671875 0.7 0.771875 0.7
0 0.6598958328125 0.9476851859375 0.6598958328125 0.9101851859375 0.6598958328125 0.8726851859375 0.6381510421875001 0.8726851859375 0.61640625 0.8726851859375 0.61640625 0.9101851859375 0.61640625 0.9476851859375 0.6381510421875001 0.9476851859375 0.6598958328125 0.9476851859375
0 0.7106770828125 0.45601851875 0.7106770828125 0.4361111109375 0.7106770828125 0.416203703125 0.698046875 0.416203703125 0.6854166671875 0.416203703125 0.6854166671875 0.4361111109375 0.6854166671875 0.45601851875 0.698046875 0.45601851875 0.7106770828125 0.45601851875
0 0.6622395828125 0.42731481406249994 0.6622395828125 0.4048611109375 0.6622395828125 0.38240740781250004 0.6498697921875001 0.38240740781250004 0.6375 0.38240740781250004 0.6375 0.4048611109375 0.6375 0.42731481406249994 0.6498697921875001 0.42731481406249994 0.6622395828125 0.42731481406249994
0 0.6643229171875 0.33101851875 0.6643229171875 0.3023148140625 0.6643229171875 0.2736111109375 0.6529947921875 0.2736111109375 0.6416666671875 0.2736111109375 0.6416666671875 0.3023148140625 0.6416666671875 0.33101851875 0.6529947921875 0.33101851875 0.6643229171875 0.33101851875
0 0.6544270828125 0.24444444375000002 0.6544270828125 0.22569444375 0.6544270828125 0.20694444375 0.64453125 0.20694444375 0.6346354171875 0.20694444375 0.6346354171875 0.22569444375 0.6346354171875 0.24444444375000002 0.64453125 0.24444444375000002 0.6544270828125 0.24444444375000002
0 0.60234375 0.20601851875000002 0.60234375 0.184722221875 0.60234375 0.1634259265625 0.5920572921875 0.1634259265625 0.5817708328125 0.1634259265625 0.5817708328125 0.184722221875 0.5817708328125 0.20601851875000002 0.5920572921875 0.20601851875000002 0.60234375 0.20601851875000002
0 0.6122395828125 0.2611111109375 0.6122395828125 0.23402777812500003 0.6122395828125 0.20694444375 0.6013020828125 0.20694444375 0.5903645828124999 0.20694444375 0.5903645828124999 0.23402777812500003 0.5903645828124999 0.2611111109375 0.6013020828125 0.2611111109375 0.6122395828125 0.2611111109375
0 0.6473958328125 0.18101851875 0.6473958328125 0.159027778125 0.6473958328125 0.13703703750000001 0.6354166671875 0.13703703750000001 0.6234375 0.13703703750000001 0.6234375 0.159027778125 0.6234375 0.18101851875 0.6354166671875 0.18101851875 0.6473958328125 0.18101851875
0 0.5072916671875001 0.2884259265625 0.5072916671875001 0.2571759265625 0.5072916671875001 0.2259259265625 0.49322916718750004 0.2259259265625 0.4791666671875 0.2259259265625 0.4791666671875 0.2571759265625 0.4791666671875 0.2884259265625 0.49322916718750004 0.2884259265625 0.5072916671875001 0.2884259265625
0 0.47421875 0.5324074078125001 0.47421875 0.4953703703125 0.47421875 0.4583333328125 0.45872395781249997 0.4583333328125 0.44322916718750005 0.4583333328125 0.44322916718750005 0.4953703703125 0.44322916718750005 0.5324074078125001 0.45872395781249997 0.5324074078125001 0.47421875 0.5324074078125001
0 0.31588541718749996 0.8425925921875 0.31588541718749996 0.8113425921875 0.31588541718749996 0.7800925921874999 0.30221354218749996 0.7800925921874999 0.28854166718749996 0.7800925921874999 0.28854166718749996 0.8113425921875 0.28854166718749996 0.8425925921875 0.30221354218749996 0.8425925921875 0.31588541718749996 0.8425925921875
0 0.3919270828125 0.6148148140624999 0.3919270828125 0.584259259375 0.3919270828125 0.553703703125 0.3739583328125 0.553703703125 0.35598958281250004 0.553703703125 0.35598958281250004 0.584259259375 0.35598958281250004 0.6148148140624999 0.3739583328125 0.6148148140624999 0.3919270828125 0.6148148140624999
0 0.3919270828125 1 0.3919270828125 0.9645833328125001 0.3919270828125 0.9291666671875 0.364453125 0.9291666671875 0.3369791671875 0.9291666671875 0.3369791671875 0.9645833328125001 0.3369791671875 1 0.364453125 1 0.3919270828125 1
0 0.2153645828125 0.9240740734375 0.2153645828125 0.8863425921875001 0.2153645828125 0.8486111109375001 0.1875 0.8486111109375001 0.15963541718750002 0.8486111109375001 0.15963541718750002 0.8863425921875001 0.15963541718750002 0.9240740734375 0.1875 0.9240740734375 0.2153645828125 0.9240740734375
0 0.19973958281249998 0.6486111109375 0.19973958281249998 0.615509259375 0.19973958281249998 0.5824074078125 0.1765625 0.5824074078125 0.1533854171875 0.5824074078125 0.1533854171875 0.615509259375 0.1533854171875 0.6486111109375 0.1765625 0.6486111109375 0.19973958281249998 0.6486111109375
0 0.3109375 0.48703703750000005 0.3109375 0.4546296296875 0.3109375 0.42222222187499997 0.2884114578125 0.42222222187499997 0.2658854171875 0.42222222187499997 0.2658854171875 0.4546296296875 0.2658854171875 0.48703703750000005 0.2884114578125 0.48703703750000005 0.3109375 0.48703703750000005
0 0.1989583328125 0.5009259265625 0.1989583328125 0.46342592656250003 0.1989583328125 0.42592592656250006 0.1736979171875 0.42592592656250006 0.1484375 0.42592592656250006 0.1484375 0.46342592656250003 0.1484375 0.5009259265625 0.1736979171875 0.5009259265625 0.1989583328125 0.5009259265625
0 0.0260416671875 0.2148148140625 0.0260416671875 0.18148148125000002 0.0260416671875 0.1481481484375 0.0131510421875 0.1481481484375 0.0002604171875 0.1481481484375 0.0002604171875 0.18148148125000002 0.0002604171875 0.2148148140625 0.0131510421875 0.2148148140625 0.0260416671875 0.2148148140625