0 0.86328125 0.41203703750000004 0.86328125 0.38773148125 0.86328125 0.3634259265625 0.8477864578125001 0.3634259265625 0.8322916671874999 0.3634259265625 0.8322916671874999 0.38773148125 0.8322916671874999 0.41203703750000004 0.8477864578125001 0.41203703750000004 0.86328125 0.41203703750000004
0 0.9388020828125001 0.8800925921875 0.9388020828125001 0.8495370375 0.9388020828125001 0.81898148125 0.9169270828125 0.81898148125 0.8950520828125 0.81898148125 0.8950520828125 0.8495370375 0.8950520828125 0.8800925921875 0.9169270828125 0.8800925921875 0.9388020828125001 0.8800925921875
0 0.11796875 0.1300925921875 0.11796875 0.09675925937499999 0.11796875 0.0634259265625 0.0973958328125 0.0634259265625 0.07682291718749999 0.0634259265625 0.07682291718749999 0.09675925937499999 0.07682291718749999 0.1300925921875 0.0973958328125 0.1300925921875 0.11796875 0.1300925921875
0 0.8296875 0.9865740734375 0.8296875 0.95023148125 0.8296875 0.9138888890624999 0.8078125 0.9138888890624999 0.7859375 0.9138888890624999 0.7859375 0.95023148125 0.7859375 0.9865740734375 0.8078125 0.9865740734375 0.8296875 0.9865740734375
0 0.8677083328125 0.76898148125 0.8677083328125 0.73773148125 0.8677083328125 0.70648148125 0.851171875 0.70648148125 0.8346354171874999 0.70648148125 0.8346354171874999 0.73773148125 0.8346354171874999 0.76898148125 0.851171875 0.76898148125 0.8677083328125 0.76898148125
0 0.79453125 0.808796296875 0.79453125 0.771990740625 0.79453125 0.7351851859375 0.7790364578125 0.7351851859375 0.7635416671875 0.7351851859375 0.7635416671875 0.771990740625 0.7635416671875 0.808796296875 0.7790364578125 0.808796296875 0.79453125 0.808796296875
0 0.5015625 0.4699074078125 0.5015625 0.434259259375 0.5015625 0.3986111109375 0.484765625 0.3986111109375 0.46796875 0.3986111109375 0.46796875 0.434259259375 0.46796875 0.4699074078125 0.484765625 0.4699074078125 0.5015625 0.4699074078125
0 0.55234375 0.23379629687499998 0.55234375 0.2067129625 0.55234375 0.17962962968750001 0.5361979171875 0.17962962968750001 0.5200520828124999 0.17962962968750001 0.5200520828124999 0.2067129625 0.5200520828124999 0.23379629687499998 0.5361979171875 0.23379629687499998 0.55234375 0.23379629687499998
0 0.7028645828125 0.547222221875 0.7028645828125 0.52476851875 0.7028645828125 0.5023148140625 0.6919270828124999 0.5023148140625 0.6809895828125 0.5023148140625 0.6809895828125 0.52476851875 0.6809895828125 0.547222221875 0.6919270828124999 0.547222221875 0.7028645828125 0.547222221875
0 0.5833333328125 0.827777778125 0.5833333328125 0.7925925921875 0.5833333328125 0.7574074078125 0.5572916671875 0.7574074078125 0.53125 0.7574074078125 0.53125 0.7925925921875 0.53125 0.827777778125 0.5572916671875 0.827777778125 0.5833333328125 0.827777778125
0 0.3216145828125 0.6 0.3216145828125 0.5611111109375 0.3216145828125 0.522222221875 0.2920572921875 0.522222221875 0.2625 0.522222221875 0.2625 0.5611111109375 0.2625 0.6 0.2920572921875 0.6 0.3216145828125 0.6
0 0.10260416718750001 0.728703703125 0.10260416718750001 0.6625 0.10260416718750001 0.5962962968750001 0.05143229218749999 0.5962962968750001 0.0002604171875 0.5962962968750001 0.0002604171875 0.6625 0.0002604171875 0.728703703125 0.05143229218749999 0.728703703125 0.10260416718750001 0.728703703125
0 0.1421875 0.584722221875 0.1421875 0.5391203703125 0.1421875 0.49351851875 0.099609375 0.49351851875 0.05703125 0.49351851875 0.05703125 0.5391203703125 0.05703125 0.584722221875 0.099609375 0.584722221875 0.1421875 0.584722221875