0 0.9330729171875 0.30601851875 0.9330729171875 0.25833333281250004 0.9330729171875 0.21064814843750002 0.90078125 0.21064814843750002 0.8684895828125001 0.21064814843750002 0.8684895828125001 0.25833333281250004 0.8684895828125001 0.30601851875 0.90078125 0.30601851875 0.9330729171875 0.30601851875
0 0.95546875 0.6865740734375 0.95546875 0.6266203703125 0.95546875 0.5666666671875 0.9147135421874999 0.5666666671875 0.8739583328125 0.5666666671875 0.8739583328125 0.6266203703125 0.8739583328125 0.6865740734375 0.9147135421874999 0.6865740734375 0.95546875 0.6865740734375
0 0.5528645828125 0.816203703125 0.5528645828125 0.7736111109375 0.5528645828125 0.73101851875 0.533984375 0.73101851875 0.5151041671875001 0.73101851875 0.5151041671875001 0.7736111109375 0.5151041671875001 0.816203703125 0.533984375 0.816203703125 0.5528645828125 0.816203703125
0 0.56875 0.5620370375 0.56875 0.5356481484375 0.56875 0.509259259375 0.5516927078125 0.509259259375 0.5346354171875001 0.509259259375 0.5346354171875001 0.5356481484375 0.5346354171875001 0.5620370375 0.5516927078125 0.5620370375 0.56875 0.5620370375
0 0.6908854171875001 0.45416666718750004 0.6908854171875001 0.4173611109375 0.6908854171875001 0.38055555625 0.6680989578125 0.38055555625 0.6453125 0.38055555625 0.6453125 0.4173611109375 0.6453125 0.45416666718750004 0.6680989578125 0.45416666718750004 0.6908854171875001 0.45416666718750004
0 0.6424479171875 0.47361111093749997 0.6424479171875 0.44282407343749997 0.6424479171875 0.41203703750000004 0.627734375 0.41203703750000004 0.6130208328125 0.41203703750000004 0.6130208328125 0.44282407343749997 0.6130208328125 0.47361111093749997 0.627734375 0.47361111093749997 0.6424479171875 0.47361111093749997
0 0.8880208328125001 0.108796296875 0.8880208328125001 0.07962962968750001 0.8880208328125001 0.0504629625 0.8692708328125001 0.0504629625 0.8505208328125 0.0504629625 0.8505208328125 0.07962962968750001 0.8505208328125 0.108796296875 0.8692708328125001 0.108796296875 0.8880208328125001 0.108796296875
0 0.68359375 0.13148148125 0.68359375 0.11388888906250001 0.68359375 0.09629629687499999 0.673046875 0.09629629687499999 0.6625 0.09629629687499999 0.6625 0.11388888906250001 0.6625 0.13148148125 0.673046875 0.13148148125 0.68359375 0.13148148125
0 0.6744791671875 0.1606481484375 0.6744791671875 0.14189814843749998 0.6744791671875 0.1231481484375 0.6641927078125 0.1231481484375 0.65390625 0.1231481484375 0.65390625 0.14189814843749998 0.65390625 0.1606481484375 0.6641927078125 0.1606481484375 0.6744791671875 0.1606481484375
0 0.6494791671875 0.20972222187499998 0.6494791671875 0.1879629625 0.6494791671875 0.166203703125 0.6373697921875 0.166203703125 0.6252604171875 0.166203703125 0.6252604171875 0.1879629625 0.6252604171875 0.20972222187499998 0.6373697921875 0.20972222187499998 0.6494791671875 0.20972222187499998
0 0.5546875 0.30046296250000004 0.5546875 0.27777777812500004 0.5546875 0.25509259218749997 0.5442708328125 0.25509259218749997 0.5338541671875 0.25509259218749997 0.5338541671875 0.27777777812500004 0.5338541671875 0.30046296250000004 0.5442708328125 0.30046296250000004 0.5546875 0.30046296250000004
0 0.48359375 0.42129629687500003 0.48359375 0.4050925921875 0.48359375 0.3888888890625 0.473828125 0.3888888890625 0.4640625 0.3888888890625 0.4640625 0.4050925921875 0.4640625 0.42129629687500003 0.473828125 0.42129629687500003 0.48359375 0.42129629687500003
0 0.4828125 0.7824074078125001 0.4828125 0.7543981484375 0.4828125 0.7263888890625 0.466796875 0.7263888890625 0.45078125 0.7263888890625 0.45078125 0.7543981484375 0.45078125 0.7824074078125001 0.466796875 0.7824074078125001 0.4828125 0.7824074078125001
0 0.4700520828125 0.4703703703125 0.4700520828125 0.4509259265625 0.4700520828125 0.43148148124999997 0.4609375 0.43148148124999997 0.4518229171875 0.43148148124999997 0.4518229171875 0.4509259265625 0.4518229171875 0.4703703703125 0.4609375 0.4703703703125 0.4700520828125 0.4703703703125