3 0.8861979171875 0.8518518515625001 0.8861979171875 0.80694444375 0.8861979171875 0.7620370375000001 0.85 0.7620370375000001 0.8138020828125001 0.7620370375000001 0.8138020828125001 0.80694444375 0.8138020828125001 0.8518518515625001 0.85 0.8518518515625001 0.8861979171875 0.8518518515625001
0 0.8684895828125001 1 0.8684895828125001 0.953472221875 0.8684895828125001 0.9069444437499999 0.833203125 0.9069444437499999 0.7979166671875 0.9069444437499999 0.7979166671875 0.953472221875 0.7979166671875 1 0.833203125 1 0.8684895828125001 1
0 0.41223958281249995 0.8143518515625001 0.41223958281249995 0.7763888890625 0.41223958281249995 0.7384259265625001 0.3928385421875 0.7384259265625001 0.3734375 0.7384259265625001 0.3734375 0.7763888890625 0.3734375 0.8143518515625001 0.3928385421875 0.8143518515625001 0.41223958281249995 0.8143518515625001
0 0.49765625 0.7824074078125001 0.49765625 0.753240740625 0.49765625 0.7240740734375 0.48151041718750004 0.7240740734375 0.4653645828125 0.7240740734375 0.4653645828125 0.753240740625 0.4653645828125 0.7824074078125001 0.48151041718750004 0.7824074078125001 0.49765625 0.7824074078125001
0 0.5825520828124999 0.7180555562500001 0.5825520828124999 0.6854166671875 0.5825520828124999 0.652777778125 0.5626302078125 0.652777778125 0.5427083328125 0.652777778125 0.5427083328125 0.6854166671875 0.5427083328125 0.7180555562500001 0.5626302078125 0.7180555562500001 0.5825520828124999 0.7180555562500001
0 0.7135416671875 0.5620370375 0.7135416671875 0.5305555562500001 0.7135416671875 0.4990740734375 0.6983072921875 0.4990740734375 0.6830729171875001 0.4990740734375 0.6830729171875001 0.5305555562500001 0.6830729171875001 0.5620370375 0.6983072921875 0.5620370375 0.7135416671875 0.5620370375
0 0.6369791671875 0.4703703703125 0.6369791671875 0.44097222187499996 0.6369791671875 0.41157407343749997 0.61953125 0.41157407343749997 0.6020833328124999 0.41157407343749997 0.6020833328124999 0.44097222187499996 0.6020833328124999 0.4703703703125 0.61953125 0.4703703703125 0.6369791671875 0.4703703703125
0 0.6940104171875 0.378240740625 0.6940104171875 0.3479166671875 0.6940104171875 0.31759259218749997 0.6776041671875 0.31759259218749997 0.6611979171875 0.31759259218749997 0.6611979171875 0.3479166671875 0.6611979171875 0.378240740625 0.6776041671875 0.378240740625 0.6940104171875 0.378240740625
0 0.73828125 0.3416666671875 0.73828125 0.3134259265625 0.73828125 0.2851851859375 0.7225260421875 0.2851851859375 0.7067708328125 0.2851851859375 0.7067708328125 0.3134259265625 0.7067708328125 0.3416666671875 0.7225260421875 0.3416666671875 0.73828125 0.3416666671875
0 0.5828125 0.1546296296875 0.5828125 0.13194444375 0.5828125 0.109259259375 0.5723958328125 0.109259259375 0.5619791671875001 0.109259259375 0.5619791671875001 0.13194444375 0.5619791671875001 0.1546296296875 0.5723958328125 0.1546296296875 0.5828125 0.1546296296875
0 0.5591145828124999 0.1976851859375 0.5591145828124999 0.178703703125 0.5591145828124999 0.15972222187500001 0.5484375 0.15972222187500001 0.5377604171875 0.15972222187500001 0.5377604171875 0.178703703125 0.5377604171875 0.1976851859375 0.5484375 0.1976851859375 0.5591145828124999 0.1976851859375
0 0.4739583328125 0.25509259218749997 0.4739583328125 0.2365740734375 0.4739583328125 0.21805555625 0.46328125 0.21805555625 0.4526041671875 0.21805555625 0.4526041671875 0.2365740734375 0.4526041671875 0.25509259218749997 0.46328125 0.25509259218749997 0.4739583328125 0.25509259218749997
0 0.45494791718750005 0.2875 0.45494791718750005 0.26921296250000004 0.45494791718750005 0.2509259265625 0.4421875 0.2509259265625 0.42942708281249997 0.2509259265625 0.42942708281249997 0.26921296250000004 0.42942708281249997 0.2875 0.4421875 0.2875 0.45494791718750005 0.2875
0 0.5005208328124999 0.2625 0.5005208328124999 0.24583333281250003 0.5005208328124999 0.22916666718749998 0.48802083281249997 0.22916666718749998 0.47552083281249996 0.22916666718749998 0.47552083281249996 0.24583333281250003 0.47552083281249996 0.2625 0.48802083281249997 0.2625 0.5005208328124999 0.2625
0 0.3916666671875 0.40555555625000006 0.3916666671875 0.38703703749999996 0.3916666671875 0.36851851875 0.37890625 0.36851851875 0.3661458328125 0.36851851875 0.3661458328125 0.38703703749999996 0.3661458328125 0.40555555625000006 0.37890625 0.40555555625000006 0.3916666671875 0.40555555625000006
0 0.3966145828125 0.45370370312499997 0.3966145828125 0.43263888906250003 0.3966145828125 0.41157407343749997 0.385546875 0.41157407343749997 0.37447916718749996 0.41157407343749997 0.37447916718749996 0.43263888906250003 0.37447916718749996 0.45370370312499997 0.385546875 0.45370370312499997 0.3966145828125 0.45370370312499997