3 0.7768229171875001 0.7254629625 0.7768229171875001 0.684259259375 0.7768229171875001 0.64305555625 0.7440104171875 0.64305555625 0.7111979171875 0.64305555625 0.7111979171875 0.684259259375 0.7111979171875 0.7254629625 0.7440104171875 0.7254629625 0.7768229171875001 0.7254629625
3 0.3296875 0.8824074078124999 0.3296875 0.8456018515625001 0.3296875 0.808796296875 0.2962239578125 0.808796296875 0.2627604171875 0.808796296875 0.2627604171875 0.8456018515625001 0.2627604171875 0.8824074078124999 0.2962239578125 0.8824074078124999 0.3296875 0.8824074078124999
0 0.0979166671875 0.9263888890624999 0.0979166671875 0.8828703703125 0.0979166671875 0.8393518515625 0.06692708281250001 0.8393518515625 0.0359375 0.8393518515625 0.0359375 0.8828703703125 0.0359375 0.9263888890624999 0.06692708281250001 0.9263888890624999 0.0979166671875 0.9263888890624999
0 0.26484375 0.36296296250000004 0.26484375 0.3379629625 0.26484375 0.3129629625 0.25078125 0.3129629625 0.23671875 0.3129629625 0.23671875 0.3379629625 0.23671875 0.36296296250000004 0.25078125 0.36296296250000004 0.26484375 0.36296296250000004
0 0.5565104171875 0.44768518593750006 0.5565104171875 0.42731481406249994 0.5565104171875 0.40694444374999994 0.5455729171875 0.40694444374999994 0.5346354171875001 0.40694444374999994 0.5346354171875001 0.42731481406249994 0.5346354171875001 0.44768518593750006 0.5455729171875 0.44768518593750006 0.5565104171875 0.44768518593750006
0 0.80703125 0.790277778125 0.80703125 0.7379629624999999 0.80703125 0.6856481484375 0.7723958328125 0.6856481484375 0.7377604171875001 0.6856481484375 0.7377604171875001 0.7379629624999999 0.7377604171875001 0.790277778125 0.7723958328125 0.790277778125 0.80703125 0.790277778125
0 0.7877604171875 0.6129629624999999 0.7877604171875 0.575 0.7877604171875 0.5370370375 0.7552083328125 0.5370370375 0.72265625 0.5370370375 0.72265625 0.575 0.72265625 0.6129629624999999 0.7552083328125 0.6129629624999999 0.7877604171875 0.6129629624999999
0 0.23958333281250002 0.6333333328124999 0.23958333281250002 0.5960648140625 0.23958333281250002 0.558796296875 0.2149739578125 0.558796296875 0.1903645828125 0.558796296875 0.1903645828125 0.5960648140625 0.1903645828125 0.6333333328124999 0.2149739578125 0.6333333328124999 0.23958333281250002 0.6333333328124999
0 0.5770833328125 0.6754629624999999 0.5770833328125 0.6483796296875 0.5770833328125 0.621296296875 0.555859375 0.621296296875 0.5346354171875001 0.621296296875 0.5346354171875001 0.6483796296875 0.5346354171875001 0.6754629624999999 0.555859375 0.6754629624999999 0.5770833328125 0.6754629624999999
0 0.6963541671875 0.7763888890625 0.6963541671875 0.7395833328125 0.6963541671875 0.702777778125 0.665625 0.702777778125 0.6348958328125 0.702777778125 0.6348958328125 0.7395833328125 0.6348958328125 0.7763888890625 0.665625 0.7763888890625 0.6963541671875 0.7763888890625
0 0.5815104171875001 0.7675925921875 0.5815104171875001 0.734490740625 0.5815104171875001 0.7013888890625 0.5610677078124999 0.7013888890625 0.540625 0.7013888890625 0.540625 0.734490740625 0.540625 0.7675925921875 0.5610677078124999 0.7675925921875 0.5815104171875001 0.7675925921875
0 0.5346354171875001 0.8453703703125001 0.5346354171875001 0.8041666671875 0.5346354171875001 0.7629629625 0.5072916671875001 0.7629629625 0.4799479171875 0.7629629625 0.4799479171875 0.8041666671875 0.4799479171875 0.8453703703125001 0.5072916671875001 0.8453703703125001 0.5346354171875001 0.8453703703125001
0 0.5419270828125 0.9976851859375 0.5419270828125 0.9486111109375001 0.5419270828125 0.8995370375 0.5125 0.8995370375 0.4830729171875 0.8995370375 0.4830729171875 0.9486111109375001 0.4830729171875 0.9976851859375 0.5125 0.9976851859375 0.5419270828125 0.9976851859375
2 0.7486979171875 0.94398148125 0.7486979171875 0.9120370375 0.7486979171875 0.8800925921875 0.724609375 0.8800925921875 0.7005208328125 0.8800925921875 0.7005208328125 0.9120370375 0.7005208328125 0.94398148125 0.724609375 0.94398148125 0.7486979171875 0.94398148125