0 0.5065104171875 0.55601851875 0.5065104171875 0.5317129625 0.5065104171875 0.5074074078125 0.4928385421875 0.5074074078125 0.4791666671875 0.5074074078125 0.4791666671875 0.5317129625 0.4791666671875 0.55601851875 0.4928385421875 0.55601851875 0.5065104171875 0.55601851875
0 0.5502604171875001 0.3861111109375 0.5502604171875001 0.3585648140625 0.5502604171875001 0.33101851875 0.53828125 0.33101851875 0.5263020828125 0.33101851875 0.5263020828125 0.3585648140625 0.5263020828125 0.3861111109375 0.53828125 0.3861111109375 0.5502604171875001 0.3861111109375
0 0.5130208328125 0.38101851875000003 0.5130208328125 0.3585648140625 0.5130208328125 0.3361111109375 0.499609375 0.3361111109375 0.48619791718750005 0.3361111109375 0.48619791718750005 0.3585648140625 0.48619791718750005 0.38101851875000003 0.499609375 0.38101851875000003 0.5130208328125 0.38101851875000003
0 0.5705729171875 0.6560185187500001 0.5705729171875 0.628009259375 0.5705729171875 0.6 0.5565104171875 0.6 0.5424479171875001 0.6 0.5424479171875001 0.628009259375 0.5424479171875001 0.6560185187500001 0.5565104171875 0.6560185187500001 0.5705729171875 0.6560185187500001
0 0.63046875 0.6574074078125001 0.63046875 0.63055555625 0.63046875 0.603703703125 0.61640625 0.603703703125 0.60234375 0.603703703125 0.60234375 0.63055555625 0.60234375 0.6574074078125001 0.61640625 0.6574074078125001 0.63046875 0.6574074078125001
0 0.54453125 0.7736111109375 0.54453125 0.7430555562500001 0.54453125 0.7125 0.5255208328125 0.7125 0.5065104171875 0.7125 0.5065104171875 0.7430555562500001 0.5065104171875 0.7736111109375 0.5255208328125 0.7736111109375 0.54453125 0.7736111109375
0 0.6346354171875 0.9925925921875001 0.6346354171875 0.9539351859374999 0.6346354171875 0.915277778125 0.6131510421875 0.915277778125 0.5916666671875 0.915277778125 0.5916666671875 0.9539351859374999 0.5916666671875 0.9925925921875001 0.6131510421875 0.9925925921875001 0.6346354171875 0.9925925921875001
0 0.2546875 0.9865740734375 0.2546875 0.9446759265625 0.2546875 0.902777778125 0.2309895828125 0.902777778125 0.20729166718749997 0.902777778125 0.20729166718749997 0.9446759265625 0.20729166718749997 0.9865740734375 0.2309895828125 0.9865740734375 0.2546875 0.9865740734375
0 0.37578125 0.5361111109375 0.37578125 0.50601851875 0.37578125 0.47592592656250005 0.3592447921875 0.47592592656250005 0.3427083328125 0.47592592656250005 0.3427083328125 0.50601851875 0.3427083328125 0.5361111109375 0.3592447921875 0.5361111109375 0.37578125 0.5361111109375
0 0.42994791718750003 0.3620370375 0.42994791718750003 0.3365740734375 0.42994791718750003 0.3111111109375 0.4165364578125 0.3111111109375 0.403125 0.3111111109375 0.403125 0.3365740734375 0.403125 0.3620370375 0.4165364578125 0.3620370375 0.42994791718750003 0.3620370375
0 0.45104166718750005 0.2009259265625 0.45104166718750005 0.1763888890625 0.45104166718750005 0.1518518515625 0.43763020781249995 0.1518518515625 0.42421875 0.1518518515625 0.42421875 0.1763888890625 0.42421875 0.2009259265625 0.43763020781249995 0.2009259265625 0.45104166718750005 0.2009259265625
0 0.4328125 0.109722221875 0.4328125 0.0826388890625 0.4328125 0.055555556250000006 0.418359375 0.055555556250000006 0.40390625 0.055555556250000006 0.40390625 0.0826388890625 0.40390625 0.109722221875 0.418359375 0.109722221875 0.4328125 0.109722221875
0 0.3502604171875 0.0981481484375 0.3502604171875 0.065740740625 0.3502604171875 0.0333333328125 0.33203125 0.0333333328125 0.3138020828125 0.0333333328125 0.3138020828125 0.065740740625 0.3138020828125 0.0981481484375 0.33203125 0.0981481484375 0.3502604171875 0.0981481484375
0 0.1447916671875 0.10555555624999999 0.1447916671875 0.0800925921875 0.1447916671875 0.0546296296875 0.1265625 0.0546296296875 0.10833333281249999 0.0546296296875 0.10833333281249999 0.0800925921875 0.10833333281249999 0.10555555624999999 0.1265625 0.10555555624999999 0.1447916671875 0.10555555624999999
0 0.08515625 0.44490740781250004 0.08515625 0.3990740734375 0.08515625 0.353240740625 0.059114582812500004 0.353240740625 0.0330729171875 0.353240740625 0.0330729171875 0.3990740734375 0.0330729171875 0.44490740781250004 0.059114582812500004 0.44490740781250004 0.08515625 0.44490740781250004