3 0.8635416671874999 0.36296296250000004 0.8635416671874999 0.3203703703125 0.8635416671874999 0.27777777812500004 0.8459635421874999 0.27777777812500004 0.8283854171874999 0.27777777812500004 0.8283854171874999 0.3203703703125 0.8283854171874999 0.36296296250000004 0.8459635421874999 0.36296296250000004 0.8635416671874999 0.36296296250000004
3 0.9591145828125001 1 0.9591145828125001 0.9513888890625 0.9591145828125001 0.902777778125 0.91328125 0.902777778125 0.8674479171874999 0.902777778125 0.8674479171874999 0.9513888890625 0.8674479171874999 1 0.91328125 1 0.9591145828125001 1
3 0.7291666671875 0.3458333328125 0.7291666671875 0.31759259218749997 0.7291666671875 0.2893518515625 0.7075520828124999 0.2893518515625 0.6859375 0.2893518515625 0.6859375 0.31759259218749997 0.6859375 0.3458333328125 0.7075520828124999 0.3458333328125 0.7291666671875 0.3458333328125
0 0.3815104171875 0.27777777812500004 0.3815104171875 0.2523148140625 0.3815104171875 0.22685185156249998 0.3690104171875 0.22685185156249998 0.3565104171875 0.22685185156249998 0.3565104171875 0.2523148140625 0.3565104171875 0.27777777812500004 0.3690104171875 0.27777777812500004 0.3815104171875 0.27777777812500004
0 0.3216145828125 0.358796296875 0.3216145828125 0.33055555625 0.3216145828125 0.3023148140625 0.3036458328125 0.3023148140625 0.28567708281250004 0.3023148140625 0.28567708281250004 0.33055555625 0.28567708281250004 0.358796296875 0.3036458328125 0.358796296875 0.3216145828125 0.358796296875
0 0.8856770828125 0.3379629625 0.8856770828125 0.31226851875 0.8856770828125 0.2865740734375 0.872265625 0.2865740734375 0.8588541671875 0.2865740734375 0.8588541671875 0.31226851875 0.8588541671875 0.3379629625 0.872265625 0.3379629625 0.8856770828125 0.3379629625
0 0.9322916671874999 0.215277778125 0.9322916671874999 0.1918981484375 0.9322916671874999 0.16851851874999998 0.9158854171874999 0.16851851874999998 0.8994791671875 0.16851851874999998 0.8994791671875 0.1918981484375 0.8994791671875 0.215277778125 0.9158854171874999 0.215277778125 0.9322916671874999 0.215277778125
0 0.8729166671874999 0.19305555624999998 0.8729166671874999 0.1671296296875 0.8729166671874999 0.141203703125 0.85703125 0.141203703125 0.8411458328125001 0.141203703125 0.8411458328125001 0.1671296296875 0.8411458328125001 0.19305555624999998 0.85703125 0.19305555624999998 0.8729166671874999 0.19305555624999998
0 0.5236979171875 0.48333333281249996 0.5236979171875 0.4379629625 0.5236979171875 0.3925925921875 0.49609375 0.3925925921875 0.46848958281249997 0.3925925921875 0.46848958281249997 0.4379629625 0.46848958281249997 0.48333333281249996 0.49609375 0.48333333281249996 0.5236979171875 0.48333333281249996
0 0.3479166671875 0.6916666671875 0.3479166671875 0.6386574078125 0.3479166671875 0.5856481484375 0.3203125 0.5856481484375 0.2927083328125 0.5856481484375 0.2927083328125 0.6386574078125 0.2927083328125 0.6916666671875 0.3203125 0.6916666671875 0.3479166671875 0.6916666671875
0 0.41588541718750005 0.7888888890625 0.41588541718750005 0.7516203703125 0.41588541718750005 0.7143518515625 0.3977864578125 0.7143518515625 0.3796875 0.7143518515625 0.3796875 0.7516203703125 0.3796875 0.7888888890625 0.3977864578125 0.7888888890625 0.41588541718750005 0.7888888890625
0 0.9088541671874999 0.8138888890624999 0.9088541671874999 0.7453703703125 0.9088541671874999 0.6768518515624999 0.8631510421874999 0.6768518515624999 0.8174479171875 0.6768518515624999 0.8174479171875 0.7453703703125 0.8174479171875 0.8138888890624999 0.8631510421874999 0.8138888890624999 0.9088541671874999 0.8138888890624999