0 0.2984375 0.784259259375 0.2984375 0.7425925921875 0.2984375 0.7009259265625001 0.2716145828125 0.7009259265625001 0.24479166718749998 0.7009259265625001 0.24479166718749998 0.7425925921875 0.24479166718749998 0.784259259375 0.2716145828125 0.784259259375 0.2984375 0.784259259375
0 1 0.29722222187499997 0.9885416671874999 0.29722222187499997 0.9770833328125 0.29722222187499997 0.9770833328125 0.34120370312500004 0.9770833328125 0.3851851859375 0.9885416671874999 0.3851851859375 1 0.3851851859375 1 0.34120370312500004 1 0.29722222187499997
0 0.8333333328125001 0.44351851875000003 0.8333333328125001 0.4018518515625 0.8333333328125001 0.3601851859375 0.8020833328125001 0.3601851859375 0.7708333328125 0.3601851859375 0.7708333328125 0.4018518515625 0.7708333328125 0.44351851875000003 0.8020833328125001 0.44351851875000003 0.8333333328125001 0.44351851875000003
0 0.7473958328125 0.5953703703125 0.7473958328125 0.5509259265625001 0.7473958328125 0.50648148125 0.7182291671875001 0.50648148125 0.6890625 0.50648148125 0.6890625 0.5509259265625001 0.6890625 0.5953703703125 0.7182291671875001 0.5953703703125 0.7473958328125 0.5953703703125
0 0.6552083328125 0.827777778125 0.6552083328125 0.7828703703125 0.6552083328125 0.7379629624999999 0.6255208328124999 0.7379629624999999 0.5958333328125 0.7379629624999999 0.5958333328125 0.7828703703125 0.5958333328125 0.827777778125 0.6255208328124999 0.827777778125 0.6552083328125 0.827777778125
0 0.7067708328125 0.73148148125 0.7067708328125 0.6916666671875 0.7067708328125 0.6518518515625 0.6765625 0.6518518515625 0.6463541671875 0.6518518515625 0.6463541671875 0.6916666671875 0.6463541671875 0.73148148125 0.6765625 0.73148148125 0.7067708328125 0.73148148125
0 0.5510416671875 0.6259259265625 0.5510416671875 0.5675925921875 0.5510416671875 0.509259259375 0.5182291671875 0.509259259375 0.48541666718750004 0.509259259375 0.48541666718750004 0.5675925921875 0.48541666718750004 0.6259259265625 0.5182291671875 0.6259259265625 0.5510416671875 0.6259259265625
0 0.36666666718749996 0.825 0.36666666718749996 0.7675925921875 0.36666666718749996 0.7101851859375 0.3278645828125 0.7101851859375 0.2890625 0.7101851859375 0.2890625 0.7675925921875 0.2890625 0.825 0.3278645828125 0.825 0.36666666718749996 0.825
3 0.8916666671875 0.48981481406249994 0.8916666671875 0.4606481484375 0.8916666671875 0.43148148124999997 0.8700520828125 0.43148148124999997 0.8484375 0.43148148124999997 0.8484375 0.4606481484375 0.8484375 0.48981481406249994 0.8700520828125 0.48981481406249994 0.8916666671875 0.48981481406249994
3 0.8307291671874999 0.5740740734374999 0.8307291671874999 0.5231481484375 0.8307291671874999 0.47222222187499996 0.7963541671875001 0.47222222187499996 0.7619791671875 0.47222222187499996 0.7619791671875 0.5231481484375 0.7619791671875 0.5740740734374999 0.7963541671875001 0.5740740734374999 0.8307291671874999 0.5740740734374999
3 0.75 0.4379629625 0.75 0.3916666671875 0.75 0.3453703703125 0.7302083328125 0.3453703703125 0.7104166671875001 0.3453703703125 0.7104166671875001 0.3916666671875 0.7104166671875001 0.4379629625 0.7302083328125 0.4379629625 0.75 0.4379629625
3 0.5661458328125 1 0.5661458328125 0.9634259265624999 0.5661458328125 0.9268518515625 0.5377604171875 0.9268518515625 0.509375 0.9268518515625 0.509375 0.9634259265624999 0.509375 1 0.5377604171875 1 0.5661458328125 1
3 0.534375 0.6731481484375 0.534375 0.6361111109375 0.534375 0.5990740734375 0.50625 0.5990740734375 0.478125 0.5990740734375 0.478125 0.6361111109375 0.478125 0.6731481484375 0.50625 0.6731481484375 0.534375 0.6731481484375
3 0.3375 0.727777778125 0.3375 0.6828703703125 0.3375 0.6379629625 0.30234375 0.6379629625 0.2671875 0.6379629625 0.2671875 0.6828703703125 0.2671875 0.727777778125 0.30234375 0.727777778125 0.3375 0.727777778125