3 0.56640625 0.4148148140625 0.56640625 0.38125 0.56640625 0.3476851859375 0.5384114578125 0.3476851859375 0.5104166671875 0.3476851859375 0.5104166671875 0.38125 0.5104166671875 0.4148148140625 0.5384114578125 0.4148148140625 0.56640625 0.4148148140625
0 0.3307291671875 0.2731481484375 0.3307291671875 0.25555555625 0.3307291671875 0.2379629625 0.3220052078125 0.2379629625 0.31328125 0.2379629625 0.31328125 0.25555555625 0.31328125 0.2731481484375 0.3220052078125 0.2731481484375 0.3307291671875 0.2731481484375
0 0.3885416671875 0.34120370312500004 0.3885416671875 0.3236111109375 0.3885416671875 0.30601851875 0.37578125 0.30601851875 0.3630208328125 0.30601851875 0.3630208328125 0.3236111109375 0.3630208328125 0.34120370312500004 0.37578125 0.34120370312500004 0.3885416671875 0.34120370312500004
0 0.3018229171875 0.3328703703125 0.3018229171875 0.315509259375 0.3018229171875 0.29814814843750004 0.291015625 0.29814814843750004 0.2802083328125 0.29814814843750004 0.2802083328125 0.315509259375 0.2802083328125 0.3328703703125 0.291015625 0.3328703703125 0.3018229171875 0.3328703703125
0 0.0375 0.9495370375000001 0.0375 0.9141203703125 0.0375 0.878703703125 0.0188802078125 0.878703703125 0.0002604171875 0.878703703125 0.0002604171875 0.9141203703125 0.0002604171875 0.9495370375000001 0.0188802078125 0.9495370375000001 0.0375 0.9495370375000001
0 0.20807291718749998 1 0.20807291718749998 0.9731481484375 0.20807291718749998 0.946296296875 0.184375 0.946296296875 0.16067708281249998 0.946296296875 0.16067708281249998 0.9731481484375 0.16067708281249998 1 0.184375 1 0.20807291718749998 1
3 0.3234375 0.4550925921875 0.3234375 0.43726851875 0.3234375 0.41944444374999995 0.2985677078125 0.41944444374999995 0.2736979171875 0.41944444374999995 0.2736979171875 0.43726851875 0.2736979171875 0.4550925921875 0.2985677078125 0.4550925921875 0.3234375 0.4550925921875
3 0.2809895828125 0.5324074078125001 0.2809895828125 0.490046296875 0.2809895828125 0.44768518593750006 0.2532552078125 0.44768518593750006 0.22552083281250002 0.44768518593750006 0.22552083281250002 0.490046296875 0.22552083281250002 0.5324074078125001 0.2532552078125 0.5324074078125001 0.2809895828125 0.5324074078125001
0 0.23307291718749998 0.5370370375 0.23307291718749998 0.5083333328124999 0.23307291718749998 0.4796296296875 0.21171875 0.4796296296875 0.1903645828125 0.4796296296875 0.1903645828125 0.5083333328124999 0.1903645828125 0.5370370375 0.21171875 0.5370370375 0.23307291718749998 0.5370370375
0 0.9140625 0.9143518515625001 0.9140625 0.8708333328125001 0.9140625 0.8273148140625001 0.883984375 0.8273148140625001 0.85390625 0.8273148140625001 0.85390625 0.8708333328125001 0.85390625 0.9143518515625001 0.883984375 0.9143518515625001 0.9140625 0.9143518515625001
0 0.9033854171875 0.628240740625 0.9033854171875 0.5622685187500001 0.9033854171875 0.49629629687500004 0.8592447921874999 0.49629629687500004 0.8151041671874999 0.49629629687500004 0.8151041671874999 0.5622685187500001 0.8151041671874999 0.628240740625 0.8592447921874999 0.628240740625 0.9033854171875 0.628240740625
0 0.70546875 0.40648148125 0.70546875 0.36759259218749996 0.70546875 0.328703703125 0.67109375 0.328703703125 0.63671875 0.328703703125 0.63671875 0.36759259218749996 0.63671875 0.40648148125 0.67109375 0.40648148125 0.70546875 0.40648148125
0 0.7609375 0.3986111109375 0.7609375 0.35694444375 0.7609375 0.315277778125 0.7369791671875 0.315277778125 0.7130208328125 0.315277778125 0.7130208328125 0.35694444375 0.7130208328125 0.3986111109375 0.7369791671875 0.3986111109375 0.7609375 0.3986111109375
0 0.6330729171875 0.41944444374999995 0.6330729171875 0.38819444375 0.6330729171875 0.35694444375 0.6005208328125 0.35694444375 0.56796875 0.35694444375 0.56796875 0.38819444375 0.56796875 0.41944444374999995 0.6005208328125 0.41944444374999995 0.6330729171875 0.41944444374999995
0 0.7190104171875 0.45416666718750004 0.7190104171875 0.42870370312499995 0.7190104171875 0.403240740625 0.6985677078125 0.403240740625 0.678125 0.403240740625 0.678125 0.42870370312499995 0.678125 0.45416666718750004 0.6985677078125 0.45416666718750004 0.7190104171875 0.45416666718750004
0 0.3997395828125 0.4861111109375 0.3997395828125 0.4620370375 0.3997395828125 0.4379629625 0.38138020781250004 0.4379629625 0.3630208328125 0.4379629625 0.3630208328125 0.4620370375 0.3630208328125 0.4861111109375 0.38138020781250004 0.4861111109375 0.3997395828125 0.4861111109375
0 0.47734375 0.4763888890625 0.47734375 0.4451388890625 0.47734375 0.4138888890625 0.45299479218750005 0.4138888890625 0.42864583281249996 0.4138888890625 0.42864583281249996 0.4451388890625 0.42864583281249996 0.4763888890625 0.45299479218750005 0.4763888890625 0.47734375 0.4763888890625
0 0.5278645828124999 0.61851851875 0.5278645828124999 0.5650462968750001 0.5278645828124999 0.5115740734374999 0.49388020781249997 0.5115740734374999 0.45989583281249996 0.5115740734374999 0.45989583281249996 0.5650462968750001 0.45989583281249996 0.61851851875 0.49388020781249997 0.61851851875 0.5278645828124999 0.61851851875
0 0.6221354171875 0.678703703125 0.6221354171875 0.61944444375 0.6221354171875 0.5601851859375 0.5799479171875 0.5601851859375 0.5377604171875 0.5601851859375 0.5377604171875 0.61944444375 0.5377604171875 0.678703703125 0.5799479171875 0.678703703125 0.6221354171875 0.678703703125