3 1 0.6388888890625 0.9604166671875 0.6388888890625 0.9208333328125 0.6388888890625 0.9208333328125 0.6986111109375 0.9208333328125 0.7583333328124999 0.9604166671875 0.7583333328124999 1 0.7583333328124999 1 0.6986111109375 1 0.6388888890625
3 1 0.80648148125 0.95078125 0.80648148125 0.9015625 0.80648148125 0.9015625 0.8953703703125001 0.9015625 0.984259259375 0.95078125 0.984259259375 1 0.984259259375 1 0.8953703703125001 1 0.80648148125
3 0.7697916671875 0.597222221875 0.7697916671875 0.5527777781250001 0.7697916671875 0.5083333328124999 0.7419270828125 0.5083333328124999 0.7140625 0.5083333328124999 0.7140625 0.5527777781250001 0.7140625 0.597222221875 0.7419270828125 0.597222221875 0.7697916671875 0.597222221875
3 0.7109375 0.602777778125 0.7109375 0.5486111109375 0.7109375 0.49444444374999996 0.6731770828125 0.49444444374999996 0.6354166671875 0.49444444374999996 0.6354166671875 0.5486111109375 0.6354166671875 0.602777778125 0.6731770828125 0.602777778125 0.7109375 0.602777778125
3 0.3494791671875 0.7388888890625 0.3494791671875 0.68194444375 0.3494791671875 0.625 0.303125 0.625 0.2567708328125 0.625 0.2567708328125 0.68194444375 0.2567708328125 0.7388888890625 0.303125 0.7388888890625 0.3494791671875 0.7388888890625
3 0.5109375 0.625 0.5109375 0.5740740734374999 0.5109375 0.5231481484375 0.47864583281249995 0.5231481484375 0.44635416718750004 0.5231481484375 0.44635416718750004 0.5740740734374999 0.44635416718750004 0.625 0.47864583281249995 0.625 0.5109375 0.625
3 0.3880208328125 0.40648148125 0.3880208328125 0.35972222187499997 0.3880208328125 0.3129629625 0.35234375 0.3129629625 0.3166666671875 0.3129629625 0.3166666671875 0.35972222187499997 0.3166666671875 0.40648148125 0.35234375 0.40648148125 0.3880208328125 0.40648148125
0 0.8536458328125001 0.6824074078125 0.8536458328125001 0.6273148140625 0.8536458328125001 0.5722222218749999 0.8140625 0.5722222218749999 0.7744791671875 0.5722222218749999 0.7744791671875 0.6273148140625 0.7744791671875 0.6824074078125 0.8140625 0.6824074078125 0.8536458328125001 0.6824074078125
0 0.6864583328125 0.6629629625 0.6864583328125 0.60694444375 0.6864583328125 0.5509259265625001 0.6544270828125 0.5509259265625001 0.6223958328125 0.5509259265625001 0.6223958328125 0.60694444375 0.6223958328125 0.6629629625 0.6544270828125 0.6629629625 0.6864583328125 0.6629629625
0 0.5635416671875 0.6074074078125 0.5635416671875 0.55648148125 0.5635416671875 0.50555555625 0.5307291671875001 0.50555555625 0.49791666718750005 0.50555555625 0.49791666718750005 0.55648148125 0.49791666718750005 0.6074074078125 0.5307291671875001 0.6074074078125 0.5635416671875 0.6074074078125
0 0.39895833281250004 0.3324074078125 0.39895833281250004 0.284259259375 0.39895833281250004 0.23611111093749998 0.3658854171875 0.23611111093749998 0.3328125 0.23611111093749998 0.3328125 0.284259259375 0.3328125 0.3324074078125 0.3658854171875 0.3324074078125 0.39895833281250004 0.3324074078125
0 0.3515625 0.222222221875 0.3515625 0.18101851875 0.3515625 0.13981481406250001 0.321875 0.13981481406250001 0.2921875 0.13981481406250001 0.2921875 0.18101851875 0.2921875 0.222222221875 0.321875 0.222222221875 0.3515625 0.222222221875
0 0.24479166718749998 0.127777778125 0.24479166718749998 0.09120370312500001 0.24479166718749998 0.0546296296875 0.2075520828125 0.0546296296875 0.1703125 0.0546296296875 0.1703125 0.09120370312500001 0.1703125 0.127777778125 0.2075520828125 0.127777778125 0.24479166718749998 0.127777778125
0 0.190625 0.7953703703125 0.190625 0.7208333328125 0.190625 0.646296296875 0.10859375 0.646296296875 0.0265625 0.646296296875 0.0265625 0.7208333328125 0.0265625 0.7953703703125 0.10859375 0.7953703703125 0.190625 0.7953703703125