3 0.59296875 0.715277778125 0.59296875 0.6881944437499999 0.59296875 0.6611111109375 0.5774739578125 0.6611111109375 0.5619791671875001 0.6611111109375 0.5619791671875001 0.6881944437499999 0.5619791671875001 0.715277778125 0.5774739578125 0.715277778125 0.59296875 0.715277778125
3 0.5760416671875 0.94398148125 0.5760416671875 0.9143518515625001 0.5760416671875 0.8847222218749999 0.5606770828125 0.8847222218749999 0.5453125 0.8847222218749999 0.5453125 0.9143518515625001 0.5453125 0.94398148125 0.5606770828125 0.94398148125 0.5760416671875 0.94398148125
3 0.5244791671875 0.36898148124999997 0.5244791671875 0.346527778125 0.5244791671875 0.3240740734375 0.5111979171875001 0.3240740734375 0.49791666718750005 0.3240740734375 0.49791666718750005 0.346527778125 0.49791666718750005 0.36898148124999997 0.5111979171875001 0.36898148124999997 0.5244791671875 0.36898148124999997
1 0.5161458328124999 0.42129629687500003 0.5161458328124999 0.38333333281250004 0.5161458328124999 0.3453703703125 0.5020833328125 0.3453703703125 0.48802083281249997 0.3453703703125 0.48802083281249997 0.38333333281250004 0.48802083281249997 0.42129629687500003 0.5020833328125 0.42129629687500003 0.5161458328124999 0.42129629687500003
1 0.2786458328125 0.9851851859374999 0.2786458328125 0.946527778125 0.2786458328125 0.9078703703125001 0.2416666671875 0.9078703703125001 0.2046875 0.9078703703125001 0.2046875 0.946527778125 0.2046875 0.9851851859374999 0.2416666671875 0.9851851859374999 0.2786458328125 0.9851851859374999
3 0.3223958328125 0.928240740625 0.3223958328125 0.884953703125 0.3223958328125 0.8416666671874999 0.3 0.8416666671874999 0.2776041671875 0.8416666671874999 0.2776041671875 0.884953703125 0.2776041671875 0.928240740625 0.3 0.928240740625 0.3223958328125 0.928240740625
3 0.3255208328125 0.546296296875 0.3255208328125 0.527546296875 0.3255208328125 0.508796296875 0.30911458281250004 0.508796296875 0.2927083328125 0.508796296875 0.2927083328125 0.527546296875 0.2927083328125 0.546296296875 0.30911458281250004 0.546296296875 0.3255208328125 0.546296296875
3 0.2940104171875 0.5574074078125 0.2940104171875 0.5331018515625 0.2940104171875 0.508796296875 0.2783854171875 0.508796296875 0.2627604171875 0.508796296875 0.2627604171875 0.5331018515625 0.2627604171875 0.5574074078125 0.2783854171875 0.5574074078125 0.2940104171875 0.5574074078125
3 0.1817708328125 0.3976851859375 0.1817708328125 0.3678240734375 0.1817708328125 0.3379629625 0.163671875 0.3379629625 0.1455729171875 0.3379629625 0.1455729171875 0.3678240734375 0.1455729171875 0.3976851859375 0.163671875 0.3976851859375 0.1817708328125 0.3976851859375
3 0.0822916671875 0.41111111093749997 0.0822916671875 0.36851851875 0.0822916671875 0.32592592656249997 0.057421875 0.32592592656249997 0.0325520828125 0.32592592656249997 0.0325520828125 0.36851851875 0.0325520828125 0.41111111093749997 0.057421875 0.41111111093749997 0.0822916671875 0.41111111093749997
3 0.04921875 0.4828703703125 0.04921875 0.4511574078125 0.04921875 0.41944444374999995 0.027473957812499998 0.41944444374999995 0.0057291671875 0.41944444374999995 0.0057291671875 0.4511574078125 0.0057291671875 0.4828703703125 0.027473957812499998 0.4828703703125 0.04921875 0.4828703703125