3 0.26640625 0.5324074078125001 0.26640625 0.5108796296875 0.26640625 0.4893518515625 0.254296875 0.4893518515625 0.2421875 0.4893518515625 0.2421875 0.5108796296875 0.2421875 0.5324074078125001 0.254296875 0.5324074078125001 0.26640625 0.5324074078125001
3 0.19609375 0.846759259375 0.19609375 0.81851851875 0.19609375 0.790277778125 0.1720052078125 0.790277778125 0.14791666718750002 0.790277778125 0.14791666718750002 0.81851851875 0.14791666718750002 0.846759259375 0.1720052078125 0.846759259375 0.19609375 0.846759259375
3 0.5416666671875 0.8995370375 0.5416666671875 0.8731481484374999 0.5416666671875 0.846759259375 0.5248697921875001 0.846759259375 0.5080729171875 0.846759259375 0.5080729171875 0.8731481484374999 0.5080729171875 0.8995370375 0.5248697921875001 0.8995370375 0.5416666671875 0.8995370375
3 0.515625 0.8884259265625 0.515625 0.8574074078124999 0.515625 0.8263888890625 0.4953125 0.8263888890625 0.475 0.8263888890625 0.475 0.8574074078124999 0.475 0.8884259265625 0.4953125 0.8884259265625 0.515625 0.8884259265625
1 0.9166666671874999 0.83055555625 0.9166666671874999 0.7625 0.9166666671874999 0.6944444437499999 0.8872395828125 0.6944444437499999 0.8578125 0.6944444437499999 0.8578125 0.7625 0.8578125 0.83055555625 0.8872395828125 0.83055555625 0.9166666671874999 0.83055555625
3 0.9408854171875 0.7754629625 0.9408854171875 0.7254629625 0.9408854171875 0.6754629624999999 0.916015625 0.6754629624999999 0.8911458328125 0.6754629624999999 0.8911458328125 0.7254629625 0.8911458328125 0.7754629625 0.916015625 0.7754629625 0.9408854171875 0.7754629625
3 0.9479166671874999 0.5958333328125 0.9479166671874999 0.5636574078125001 0.9479166671874999 0.5314814812499999 0.9255208328125001 0.5314814812499999 0.903125 0.5314814812499999 0.903125 0.5636574078125001 0.903125 0.5958333328125 0.9255208328125001 0.5958333328125 0.9479166671874999 0.5958333328125
3 0.8627604171875 0.61944444375 0.8627604171875 0.5921296296875 0.8627604171875 0.5648148140625 0.8459635421874999 0.5648148140625 0.8291666671875 0.5648148140625 0.8291666671875 0.5921296296875 0.8291666671875 0.61944444375 0.8459635421874999 0.61944444375 0.8627604171875 0.61944444375
3 0.46875 0.4291666671875 0.46875 0.4078703703125 0.46875 0.3865740734375 0.45611979218750004 0.3865740734375 0.44348958281249995 0.3865740734375 0.44348958281249995 0.4078703703125 0.44348958281249995 0.4291666671875 0.45611979218750004 0.4291666671875 0.46875 0.4291666671875
3 0.48072916718750003 0.5912037031249999 0.48072916718750003 0.5638888890625 0.48072916718750003 0.5365740734375 0.46471354218750005 0.5365740734375 0.4486979171875 0.5365740734375 0.4486979171875 0.5638888890625 0.4486979171875 0.5912037031249999 0.46471354218750005 0.5912037031249999 0.48072916718750003 0.5912037031249999
3 0.3700520828125 0.6041666671875 0.3700520828125 0.5664351859375001 0.3700520828125 0.5287037031249999 0.3514322921875 0.5287037031249999 0.3328125 0.5287037031249999 0.3328125 0.5664351859375001 0.3328125 0.6041666671875 0.3514322921875 0.6041666671875 0.3700520828125 0.6041666671875
3 0.328125 0.6629629625 0.328125 0.6365740734374999 0.328125 0.6101851859375 0.3111979171875 0.6101851859375 0.2942708328125 0.6101851859375 0.2942708328125 0.6365740734374999 0.2942708328125 0.6629629625 0.3111979171875 0.6629629625 0.328125 0.6629629625
3 0.32265625 0.7481481484375 0.32265625 0.7168981484375 0.32265625 0.6856481484375 0.3040364578125 0.6856481484375 0.2854166671875 0.6856481484375 0.2854166671875 0.7168981484375 0.2854166671875 0.7481481484375 0.3040364578125 0.7481481484375 0.32265625 0.7481481484375
3 0.2322916671875 0.665277778125 0.2322916671875 0.6418981484375 0.2322916671875 0.61851851875 0.22526041718749998 0.61851851875 0.2182291671875 0.61851851875 0.2182291671875 0.6418981484375 0.2182291671875 0.665277778125 0.22526041718749998 0.665277778125 0.2322916671875 0.665277778125
3 0.1466145828125 0.6611111109375 0.1466145828125 0.6384259265625001 0.1466145828125 0.615740740625 0.1299479171875 0.615740740625 0.11328125 0.615740740625 0.11328125 0.6384259265625001 0.11328125 0.6611111109375 0.1299479171875 0.6611111109375 0.1466145828125 0.6611111109375
3 0.07083333281250001 0.4291666671875 0.07083333281250001 0.39351851875 0.07083333281250001 0.3578703703125 0.0424479171875 0.3578703703125 0.0140625 0.3578703703125 0.0140625 0.39351851875 0.0140625 0.4291666671875 0.0424479171875 0.4291666671875 0.07083333281250001 0.4291666671875
3 0.2763020828125 0.09953703750000001 0.2763020828125 0.078240740625 0.2763020828125 0.05694444375 0.256640625 0.05694444375 0.23697916718749998 0.05694444375 0.23697916718749998 0.078240740625 0.23697916718749998 0.09953703750000001 0.256640625 0.09953703750000001 0.2763020828125 0.09953703750000001