0 0.8653645828125001 1 0.8653645828125001 0.965740740625 0.8653645828125001 0.93148148125 0.8430989578125001 0.93148148125 0.8208333328125 0.93148148125 0.8208333328125 0.965740740625 0.8208333328125 1 0.8430989578125001 1 0.8653645828125001 1
0 0.8213541671875 1 0.8213541671875 0.9729166671874999 0.8213541671875 0.9458333328125 0.8028645828125001 0.9458333328125 0.784375 0.9458333328125 0.784375 0.9729166671874999 0.784375 1 0.8028645828125001 1 0.8213541671875 1
0 0.7541666671875 0.8708333328125001 0.7541666671875 0.840509259375 0.7541666671875 0.8101851859375 0.7397135421875001 0.8101851859375 0.7252604171875 0.8101851859375 0.7252604171875 0.840509259375 0.7252604171875 0.8708333328125001 0.7397135421875001 0.8708333328125001 0.7541666671875 0.8708333328125001
0 0.7463541671875 0.74351851875 0.7463541671875 0.7101851859375 0.7463541671875 0.6768518515624999 0.7338541671875001 0.6768518515624999 0.7213541671875 0.6768518515624999 0.7213541671875 0.7101851859375 0.7213541671875 0.74351851875 0.7338541671875001 0.74351851875 0.7463541671875 0.74351851875
0 0.71640625 0.6805555562500001 0.71640625 0.6601851859375001 0.71640625 0.6398148140625 0.701171875 0.6398148140625 0.6859375 0.6398148140625 0.6859375 0.6601851859375001 0.6859375 0.6805555562500001 0.701171875 0.6805555562500001 0.71640625 0.6805555562500001
3 0.5713541671875 0.6171296296875 0.5713541671875 0.5949074078125001 0.5713541671875 0.5726851859375001 0.5528645828125 0.5726851859375001 0.534375 0.5726851859375001 0.534375 0.5949074078125001 0.534375 0.6171296296875 0.5528645828125 0.6171296296875 0.5713541671875 0.6171296296875
0 0.6359375 0.7115740734375 0.6359375 0.67569444375 0.6359375 0.6398148140625 0.615234375 0.6398148140625 0.59453125 0.6398148140625 0.59453125 0.67569444375 0.59453125 0.7115740734375 0.615234375 0.7115740734375 0.6359375 0.7115740734375
0 0.49973958281249997 0.7101851859375 0.49973958281249997 0.6798611109375 0.49973958281249997 0.6495370375 0.48229166718750005 0.6495370375 0.46484375 0.6495370375 0.46484375 0.6798611109375 0.46484375 0.7101851859375 0.48229166718750005 0.7101851859375 0.49973958281249997 0.7101851859375
0 0.3786458328125 0.98194444375 0.3786458328125 0.9483796296874999 0.3786458328125 0.9148148140625001 0.3536458328125 0.9148148140625001 0.32864583281250004 0.9148148140625001 0.32864583281250004 0.9483796296874999 0.32864583281250004 0.98194444375 0.3536458328125 0.98194444375 0.3786458328125 0.98194444375
0 0.4341145828125 0.6541666671875 0.4341145828125 0.6173611109375 0.4341145828125 0.58055555625 0.410546875 0.58055555625 0.3869791671875 0.58055555625 0.3869791671875 0.6173611109375 0.3869791671875 0.6541666671875 0.410546875 0.6541666671875 0.4341145828125 0.6541666671875
3 0.2494791671875 0.45324074062499997 0.2494791671875 0.43263888906250003 0.2494791671875 0.41203703750000004 0.23515625 0.41203703750000004 0.2208333328125 0.41203703750000004 0.2208333328125 0.43263888906250003 0.2208333328125 0.45324074062499997 0.23515625 0.45324074062499997 0.2494791671875 0.45324074062499997