3 0.49609375 0.675 0.49609375 0.6481481484375 0.49609375 0.621296296875 0.4765625 0.621296296875 0.45703125 0.621296296875 0.45703125 0.6481481484375 0.45703125 0.675 0.4765625 0.675 0.49609375 0.675
3 0.75390625 0.2759259265625 0.75390625 0.24976851875 0.75390625 0.2236111109375 0.73671875 0.2236111109375 0.71953125 0.2236111109375 0.71953125 0.24976851875 0.71953125 0.2759259265625 0.73671875 0.2759259265625 0.75390625 0.2759259265625
3 0.58515625 0.0916666671875 0.58515625 0.0740740734375 0.58515625 0.05648148125 0.5700520828125 0.05648148125 0.5549479171875 0.05648148125 0.5549479171875 0.0740740734375 0.5549479171875 0.0916666671875 0.5700520828125 0.0916666671875 0.58515625 0.0916666671875
3 0.45130208281249995 0.16388888906250001 0.45130208281249995 0.1453703703125 0.45130208281249995 0.1268518515625 0.4401041671875 0.1268518515625 0.42890625 0.1268518515625 0.42890625 0.1453703703125 0.42890625 0.16388888906250001 0.4401041671875 0.16388888906250001 0.45130208281249995 0.16388888906250001
3 0.5130208328125 0.09444444375 0.5130208328125 0.0701388890625 0.5130208328125 0.0458333328125 0.4927083328125 0.0458333328125 0.47239583281249997 0.0458333328125 0.47239583281249997 0.0701388890625 0.47239583281249997 0.09444444375 0.4927083328125 0.09444444375 0.5130208328125 0.09444444375
3 0.3635416671875 0.5981481484375 0.3635416671875 0.5729166671875 0.3635416671875 0.5476851859375 0.3458333328125 0.5476851859375 0.328125 0.5476851859375 0.328125 0.5729166671875 0.328125 0.5981481484375 0.3458333328125 0.5981481484375 0.3635416671875 0.5981481484375
3 0.2786458328125 0.5763888890625 0.2786458328125 0.553240740625 0.2786458328125 0.5300925921874999 0.2604166671875 0.5300925921874999 0.2421875 0.5300925921874999 0.2421875 0.553240740625 0.2421875 0.5763888890625 0.2604166671875 0.5763888890625 0.2786458328125 0.5763888890625
3 0.2627604171875 0.5115740734374999 0.2627604171875 0.49259259218749996 0.2627604171875 0.47361111093749997 0.2479166671875 0.47361111093749997 0.23307291718749998 0.47361111093749997 0.23307291718749998 0.49259259218749996 0.23307291718749998 0.5115740734374999 0.2479166671875 0.5115740734374999 0.2627604171875 0.5115740734374999
3 0.1953125 0.5513888890625 0.1953125 0.5314814812499999 0.1953125 0.5115740734374999 0.1798177078125 0.5115740734374999 0.1643229171875 0.5115740734374999 0.1643229171875 0.5314814812499999 0.1643229171875 0.5513888890625 0.1798177078125 0.5513888890625 0.1953125 0.5513888890625
3 0.0994791671875 0.4106481484375 0.0994791671875 0.390046296875 0.0994791671875 0.36944444375 0.0841145828125 0.36944444375 0.06875 0.36944444375 0.06875 0.390046296875 0.06875 0.4106481484375 0.0841145828125 0.4106481484375 0.0994791671875 0.4106481484375
3 0.6255208328124999 0.8356481484374999 0.6255208328124999 0.7914351859375001 0.6255208328124999 0.747222221875 0.5962239578124999 0.747222221875 0.5669270828124999 0.747222221875 0.5669270828124999 0.7914351859375001 0.5669270828124999 0.8356481484374999 0.5962239578124999 0.8356481484374999 0.6255208328124999 0.8356481484374999