0 0.5859375 0.1606481484375 0.5859375 0.12175925937500001 0.5859375 0.0828703703125 0.5713541671875 0.0828703703125 0.5567708328125 0.0828703703125 0.5567708328125 0.12175925937500001 0.5567708328125 0.1606481484375 0.5713541671875 0.1606481484375 0.5859375 0.1606481484375
0 0.5640625 0.16388888906250001 0.5640625 0.115509259375 0.5640625 0.0671296296875 0.5436197921875 0.0671296296875 0.5231770828125 0.0671296296875 0.5231770828125 0.115509259375 0.5231770828125 0.16388888906250001 0.5436197921875 0.16388888906250001 0.5640625 0.16388888906250001
0 0.5229166671875001 0.3296296296875 0.5229166671875001 0.28101851875 0.5229166671875001 0.23240740781250002 0.50078125 0.23240740781250002 0.47864583281249995 0.23240740781250002 0.47864583281249995 0.28101851875 0.47864583281249995 0.3296296296875 0.50078125 0.3296296296875 0.5229166671875001 0.3296296296875
0 0.49609375 0.10555555624999999 0.49609375 0.05601851875 0.49609375 0.00648148125 0.4661458328125 0.00648148125 0.4361979171875 0.00648148125 0.4361979171875 0.05601851875 0.4361979171875 0.10555555624999999 0.4661458328125 0.10555555624999999 0.49609375 0.10555555624999999
0 0.8604166671875 0.5976851859375001 0.8604166671875 0.5388888890625 0.8604166671875 0.4800925921875 0.8307291671874999 0.4800925921875 0.8010416671874999 0.4800925921875 0.8010416671874999 0.5388888890625 0.8010416671874999 0.5976851859375001 0.8307291671874999 0.5976851859375001 0.8604166671875 0.5976851859375001
0 0.6989583328125 0.6166666671875001 0.6989583328125 0.5581018515625 0.6989583328125 0.4995370375 0.6727864578125 0.4995370375 0.6466145828125 0.4995370375 0.6466145828125 0.5581018515625 0.6466145828125 0.6166666671875001 0.6727864578125 0.6166666671875001 0.6989583328125 0.6166666671875001
0 0.6432291671875 0.6009259265625 0.6432291671875 0.55625 0.6432291671875 0.5115740734374999 0.6165364578125 0.5115740734374999 0.58984375 0.5115740734374999 0.58984375 0.55625 0.58984375 0.6009259265625 0.6165364578125 0.6009259265625 0.6432291671875 0.6009259265625
0 0.6416666671875 0.6953703703125 0.6416666671875 0.6458333328125 0.6416666671875 0.5962962968750001 0.6084635421875 0.5962962968750001 0.5752604171875 0.5962962968750001 0.5752604171875 0.6458333328125 0.5752604171875 0.6953703703125 0.6084635421875 0.6953703703125 0.6416666671875 0.6953703703125
0 0.6098958328124999 0.777777778125 0.6098958328124999 0.7375 0.6098958328124999 0.6972222218749999 0.58828125 0.6972222218749999 0.5666666671875 0.6972222218749999 0.5666666671875 0.7375 0.5666666671875 0.777777778125 0.58828125 0.777777778125 0.6098958328124999 0.777777778125
0 0.5520833328125 0.75648148125 0.5520833328125 0.69976851875 0.5520833328125 0.64305555625 0.5233072921875 0.64305555625 0.49453125 0.64305555625 0.49453125 0.69976851875 0.49453125 0.75648148125 0.5233072921875 0.75648148125 0.5520833328125 0.75648148125
0 0.23697916718749998 0.42870370312499995 0.23697916718749998 0.4018518515625 0.23697916718749998 0.375 0.215234375 0.375 0.1934895828125 0.375 0.1934895828125 0.4018518515625 0.1934895828125 0.42870370312499995 0.215234375 0.42870370312499995 0.23697916718749998 0.42870370312499995