0 0.1966145828125 0.4166666671875 0.1966145828125 0.3791666671875 0.1966145828125 0.3416666671875 0.1764322921875 0.3416666671875 0.15625 0.3416666671875 0.15625 0.3791666671875 0.15625 0.4166666671875 0.1764322921875 0.4166666671875 0.1966145828125 0.4166666671875
0 0.3096354171875 0.6240740734375 0.3096354171875 0.5858796296875 0.3096354171875 0.5476851859375 0.2921875 0.5476851859375 0.2747395828125 0.5476851859375 0.2747395828125 0.5858796296875 0.2747395828125 0.6240740734375 0.2921875 0.6240740734375 0.3096354171875 0.6240740734375
0 0.2234375 0.31759259218749997 0.2234375 0.28865740781250004 0.2234375 0.259722221875 0.2029947921875 0.259722221875 0.1825520828125 0.259722221875 0.1825520828125 0.28865740781250004 0.1825520828125 0.31759259218749997 0.2029947921875 0.31759259218749997 0.2234375 0.31759259218749997
0 0.38828125 0.125 0.38828125 0.08680555625 0.38828125 0.0486111109375 0.3631510421875 0.0486111109375 0.3380208328125 0.0486111109375 0.3380208328125 0.08680555625 0.3380208328125 0.125 0.3631510421875 0.125 0.38828125 0.125
0 0.33828125 0.2203703703125 0.33828125 0.18773148125 0.33828125 0.1550925921875 0.3201822921875 0.1550925921875 0.3020833328125 0.1550925921875 0.3020833328125 0.18773148125 0.3020833328125 0.2203703703125 0.3201822921875 0.2203703703125 0.33828125 0.2203703703125
0 0.3953125 0.358796296875 0.3953125 0.3182870375 0.3953125 0.27777777812500004 0.3692708328125 0.27777777812500004 0.34322916718749996 0.27777777812500004 0.34322916718749996 0.3182870375 0.34322916718749996 0.358796296875 0.3692708328125 0.358796296875 0.3953125 0.358796296875
0 0.50703125 0.621296296875 0.50703125 0.5631944437499999 0.50703125 0.5050925921875 0.4751302078125 0.5050925921875 0.44322916718750005 0.5050925921875 0.44322916718750005 0.5631944437499999 0.44322916718750005 0.621296296875 0.4751302078125 0.621296296875 0.50703125 0.621296296875
0 0.5393229171875 0.5101851859375001 0.5393229171875 0.4701388890625 0.5393229171875 0.43009259218749996 0.509375 0.43009259218749996 0.47942708281249996 0.43009259218749996 0.47942708281249996 0.4701388890625 0.47942708281249996 0.5101851859375001 0.509375 0.5101851859375001 0.5393229171875 0.5101851859375001
0 0.5328125 0.7893518515625 0.5328125 0.7328703703125 0.5328125 0.6763888890625 0.5022135421875 0.6763888890625 0.47161458281249996 0.6763888890625 0.47161458281249996 0.7328703703125 0.47161458281249996 0.7893518515625 0.5022135421875 0.7893518515625 0.5328125 0.7893518515625
0 0.61484375 0.615740740625 0.61484375 0.5625 0.61484375 0.509259259375 0.5897135421875 0.509259259375 0.5645833328125 0.509259259375 0.5645833328125 0.5625 0.5645833328125 0.615740740625 0.5897135421875 0.615740740625 0.61484375 0.615740740625
0 0.6630208328125 0.70694444375 0.6630208328125 0.6537037031249999 0.6630208328125 0.6004629625 0.6381510421875001 0.6004629625 0.61328125 0.6004629625 0.61328125 0.6537037031249999 0.61328125 0.70694444375 0.6381510421875001 0.70694444375 0.6630208328125 0.70694444375
0 0.6755208328125 0.5546296296875 0.6755208328125 0.5083333328124999 0.6755208328125 0.4620370375 0.65390625 0.4620370375 0.6322916671875001 0.4620370375 0.6322916671875001 0.5083333328124999 0.6322916671875001 0.5546296296875 0.65390625 0.5546296296875 0.6755208328125 0.5546296296875
3 0.53984375 0.24583333281250003 0.53984375 0.209953703125 0.53984375 0.1740740734375 0.5140625 0.1740740734375 0.48828125 0.1740740734375 0.48828125 0.209953703125 0.48828125 0.24583333281250003 0.5140625 0.24583333281250003 0.53984375 0.24583333281250003