3 0.6713541671875001 0.4824074078125 0.6713541671875001 0.4483796296875 0.6713541671875001 0.4143518515625 0.6483072921875 0.4143518515625 0.6252604171875 0.4143518515625 0.6252604171875 0.4483796296875 0.6252604171875 0.4824074078125 0.6483072921875 0.4824074078125 0.6713541671875001 0.4824074078125
0 0.8177083328125001 0.8398148140625 0.8177083328125001 0.7932870375000001 0.8177083328125001 0.746759259375 0.7942708328125 0.746759259375 0.7708333328125 0.746759259375 0.7708333328125 0.7932870375000001 0.7708333328125 0.8398148140625 0.7942708328125 0.8398148140625 0.8177083328125001 0.8398148140625
0 0.7510416671875 0.9129629625 0.7510416671875 0.8571759265625 0.7510416671875 0.8013888890624999 0.7235677078125 0.8013888890624999 0.69609375 0.8013888890624999 0.69609375 0.8571759265625 0.69609375 0.9129629625 0.7235677078125 0.9129629625 0.7510416671875 0.9129629625
0 0.79375 1 0.79375 0.9513888890625 0.79375 0.902777778125 0.7716145828125 0.902777778125 0.7494791671875001 0.902777778125 0.7494791671875001 0.9513888890625 0.7494791671875001 1 0.7716145828125 1 0.79375 1
0 0.6255208328124999 0.8833333328125 0.6255208328124999 0.833796296875 0.6255208328124999 0.784259259375 0.598828125 0.784259259375 0.5721354171875 0.784259259375 0.5721354171875 0.833796296875 0.5721354171875 0.8833333328125 0.598828125 0.8833333328125 0.6255208328124999 0.8833333328125
0 0.675 0.79444444375 0.675 0.7428240734375 0.675 0.691203703125 0.64140625 0.691203703125 0.6078125 0.691203703125 0.6078125 0.7428240734375 0.6078125 0.79444444375 0.64140625 0.79444444375 0.675 0.79444444375
0 0.3440104171875 0.5990740734375 0.3440104171875 0.56805555625 0.3440104171875 0.5370370375 0.3239583328125 0.5370370375 0.30390625 0.5370370375 0.30390625 0.56805555625 0.30390625 0.5990740734375 0.3239583328125 0.5990740734375 0.3440104171875 0.5990740734375
0 0.4369791671875 0.8115740734375001 0.4369791671875 0.7715277781250001 0.4369791671875 0.73148148125 0.41770833281249997 0.73148148125 0.3984375 0.73148148125 0.3984375 0.7715277781250001 0.3984375 0.8115740734375001 0.41770833281249997 0.8115740734375001 0.4369791671875 0.8115740734375001
0 0.5286458328125 0.5990740734375 0.5286458328125 0.55694444375 0.5286458328125 0.5148148140625 0.5040364578125 0.5148148140625 0.47942708281249996 0.5148148140625 0.47942708281249996 0.55694444375 0.47942708281249996 0.5990740734375 0.5040364578125 0.5990740734375 0.5286458328125 0.5990740734375
0 0.4791666671875 0.44351851875000003 0.4791666671875 0.4138888890625 0.4791666671875 0.384259259375 0.46263020781249997 0.384259259375 0.44609375 0.384259259375 0.44609375 0.4138888890625 0.44609375 0.44351851875000003 0.46263020781249997 0.44351851875000003 0.4791666671875 0.44351851875000003
0 0.5328125 0.3481481484375 0.5328125 0.309722221875 0.5328125 0.271296296875 0.5096354171875 0.271296296875 0.48645833281249995 0.271296296875 0.48645833281249995 0.309722221875 0.48645833281249995 0.3481481484375 0.5096354171875 0.3481481484375 0.5328125 0.3481481484375
0 0.375 0.5078703703125 0.375 0.47893518593750006 0.375 0.45 0.3546875 0.45 0.334375 0.45 0.334375 0.47893518593750006 0.334375 0.5078703703125 0.3546875 0.5078703703125 0.375 0.5078703703125
0 0.056770832812500005 0.9953703703125001 0.056770832812500005 0.9601851859374999 0.056770832812500005 0.925 0.0376302078125 0.925 0.0184895828125 0.925 0.0184895828125 0.9601851859374999 0.0184895828125 0.9953703703125001 0.0376302078125 0.9953703703125001 0.056770832812500005 0.9953703703125001
0 0.1364583328125 0.70694444375 0.1364583328125 0.6673611109375 0.1364583328125 0.627777778125 0.1125 0.627777778125 0.08854166718749999 0.627777778125 0.08854166718749999 0.6673611109375 0.08854166718749999 0.70694444375 0.1125 0.70694444375 0.1364583328125 0.70694444375