3 0.9377604171874999 0.7236111109375 0.9377604171874999 0.678240740625 0.9377604171874999 0.6328703703125 0.9048177078125 0.6328703703125 0.871875 0.6328703703125 0.871875 0.678240740625 0.871875 0.7236111109375 0.9048177078125 0.7236111109375 0.9377604171874999 0.7236111109375
3 0.9513020828125001 0.7981481484375 0.9513020828125001 0.7456018515625 0.9513020828125001 0.69305555625 0.902734375 0.69305555625 0.8541666671874999 0.69305555625 0.8541666671874999 0.7456018515625 0.8541666671874999 0.7981481484375 0.902734375 0.7981481484375 0.9513020828125001 0.7981481484375
3 0.9182291671874999 0.8370370375 0.9182291671874999 0.7893518515625 0.9182291671874999 0.7416666671875001 0.8830729171874999 0.7416666671875001 0.8479166671874999 0.7416666671875001 0.8479166671874999 0.7893518515625 0.8479166671874999 0.8370370375 0.8830729171874999 0.8370370375 0.9182291671874999 0.8370370375
3 0.7911458328125 0.7194444437499999 0.7911458328125 0.6645833328124999 0.7911458328125 0.609722221875 0.7671875 0.609722221875 0.7432291671875 0.609722221875 0.7432291671875 0.6645833328124999 0.7432291671875 0.7194444437499999 0.7671875 0.7194444437499999 0.7911458328125 0.7194444437499999
3 0.8354166671875 0.696759259375 0.8354166671875 0.6625 0.8354166671875 0.628240740625 0.8235677078125001 0.628240740625 0.81171875 0.628240740625 0.81171875 0.6625 0.81171875 0.696759259375 0.8235677078125001 0.696759259375 0.8354166671875 0.696759259375
3 0.82578125 0.622222221875 0.82578125 0.5868055562500001 0.82578125 0.5513888890625 0.8018229171875 0.5513888890625 0.7778645828124999 0.5513888890625 0.7778645828124999 0.5868055562500001 0.7778645828124999 0.622222221875 0.8018229171875 0.622222221875 0.82578125 0.622222221875
3 0.7575520828125 0.575 0.7575520828125 0.5395833328124999 0.7575520828125 0.5041666671875 0.7390625 0.5041666671875 0.7205729171875 0.5041666671875 0.7205729171875 0.5395833328124999 0.7205729171875 0.575 0.7390625 0.575 0.7575520828125 0.575
3 0.8057291671875 0.49351851875 0.8057291671875 0.458796296875 0.8057291671875 0.4240740734375 0.7833333328125 0.4240740734375 0.7609375 0.4240740734375 0.7609375 0.458796296875 0.7609375 0.49351851875 0.7833333328125 0.49351851875 0.8057291671875 0.49351851875
3 0.7348958328124999 0.42083333281249996 0.7348958328124999 0.3958333328125 0.7348958328124999 0.3708333328125 0.712890625 0.3708333328125 0.6908854171875001 0.3708333328125 0.6908854171875001 0.3958333328125 0.6908854171875001 0.42083333281249996 0.712890625 0.42083333281249996 0.7348958328124999 0.42083333281249996
3 0.7479166671875 0.4893518515625 0.7479166671875 0.4509259265625 0.7479166671875 0.4125 0.723828125 0.4125 0.6997395828124999 0.4125 0.6997395828124999 0.4509259265625 0.6997395828124999 0.4893518515625 0.723828125 0.4893518515625 0.7479166671875 0.4893518515625
3 0.5950520828125 0.640740740625 0.5950520828125 0.5981481484375 0.5950520828125 0.5555555562500001 0.5657552078125 0.5555555562500001 0.5364583328125 0.5555555562500001 0.5364583328125 0.5981481484375 0.5364583328125 0.640740740625 0.5657552078125 0.640740740625 0.5950520828125 0.640740740625
3 0.40260416718750003 0.266203703125 0.40260416718750003 0.21851851875 0.40260416718750003 0.1708333328125 0.3802083328125 0.1708333328125 0.3578125 0.1708333328125 0.3578125 0.21851851875 0.3578125 0.266203703125 0.3802083328125 0.266203703125 0.40260416718750003 0.266203703125
3 0.2708333328125 0.8083333328125001 0.2708333328125 0.68194444375 0.2708333328125 0.5555555562500001 0.184375 0.5555555562500001 0.0979166671875 0.5555555562500001 0.0979166671875 0.68194444375 0.0979166671875 0.8083333328125001 0.184375 0.8083333328125001 0.2708333328125 0.8083333328125001
3 0.2796875 1 0.2796875 0.9085648140625 0.2796875 0.8171296296874999 0.197265625 0.8171296296874999 0.11484375 0.8171296296874999 0.11484375 0.9085648140625 0.11484375 1 0.197265625 1 0.2796875 1