3 0.4244791671875 0.5134259265625001 0.4244791671875 0.48518518593750004 0.4244791671875 0.45694444375 0.4069010421875 0.45694444375 0.3893229171875 0.45694444375 0.3893229171875 0.48518518593750004 0.3893229171875 0.5134259265625001 0.4069010421875 0.5134259265625001 0.4244791671875 0.5134259265625001
2 0.6270833328125 0.1888888890625 0.6270833328125 0.17476851875 0.6270833328125 0.1606481484375 0.6115885421875 0.1606481484375 0.59609375 0.1606481484375 0.59609375 0.17476851875 0.59609375 0.1888888890625 0.6115885421875 0.1888888890625 0.6270833328125 0.1888888890625
2 0.68671875 0.1629629625 0.68671875 0.14189814843749998 0.68671875 0.1208333328125 0.6703125 0.1208333328125 0.65390625 0.1208333328125 0.65390625 0.14189814843749998 0.65390625 0.1629629625 0.6703125 0.1629629625 0.68671875 0.1629629625
3 0.84765625 0.058796296875 0.84765625 0.030324073437499998 0.84765625 0.0018518515625 0.8151041671874999 0.0018518515625 0.7825520828125 0.0018518515625 0.7825520828125 0.030324073437499998 0.7825520828125 0.058796296875 0.8151041671874999 0.058796296875 0.84765625 0.058796296875
3 0.88125 0.2018518515625 0.88125 0.1620370375 0.88125 0.12222222187500001 0.8251302078125 0.12222222187500001 0.7690104171875001 0.12222222187500001 0.7690104171875001 0.1620370375 0.7690104171875001 0.2018518515625 0.8251302078125 0.2018518515625 0.88125 0.2018518515625
3 0.9994791671875 0.2546296296875 0.9994791671875 0.209027778125 0.9994791671875 0.1634259265625 0.9381510421874999 0.1634259265625 0.8768229171874999 0.1634259265625 0.8768229171874999 0.209027778125 0.8768229171874999 0.2546296296875 0.9381510421874999 0.2546296296875 0.9994791671875 0.2546296296875
3 0.74453125 0.3763888890625 0.74453125 0.3108796296875 0.74453125 0.2453703703125 0.7040364578125 0.2453703703125 0.6635416671875001 0.2453703703125 0.6635416671875001 0.3108796296875 0.6635416671875001 0.3763888890625 0.7040364578125 0.3763888890625 0.74453125 0.3763888890625
3 0.7221354171875001 0.5106481484375001 0.7221354171875001 0.42430555625000005 0.7221354171875001 0.3379629625 0.66875 0.3379629625 0.6153645828125 0.3379629625 0.6153645828125 0.42430555625000005 0.6153645828125 0.5106481484375001 0.66875 0.5106481484375001 0.7221354171875001 0.5106481484375001
3 0.6390625 0.41898148125 0.6390625 0.36990740781250003 0.6390625 0.32083333281250004 0.5966145828125 0.32083333281250004 0.5541666671875001 0.32083333281250004 0.5541666671875001 0.36990740781250003 0.5541666671875001 0.41898148125 0.5966145828125 0.41898148125 0.6390625 0.41898148125
3 0.55703125 0.565277778125 0.55703125 0.47384259218749997 0.55703125 0.38240740781250004 0.5080729171875 0.38240740781250004 0.45911458281249995 0.38240740781250004 0.45911458281249995 0.47384259218749997 0.45911458281249995 0.565277778125 0.5080729171875 0.565277778125 0.55703125 0.565277778125
3 0.05598958281250001 0.8768518515625001 0.05598958281250001 0.8148148140625 0.05598958281250001 0.752777778125 0.028125 0.752777778125 0.0002604171875 0.752777778125 0.0002604171875 0.8148148140625 0.0002604171875 0.8768518515625001 0.028125 0.8768518515625001 0.05598958281250001 0.8768518515625001
3 0.3294270828125 0.622222221875 0.3294270828125 0.5888888890625 0.3294270828125 0.5555555562500001 0.305078125 0.5555555562500001 0.28072916718749996 0.5555555562500001 0.28072916718749996 0.5888888890625 0.28072916718749996 0.622222221875 0.305078125 0.622222221875 0.3294270828125 0.622222221875
3 0.4799479171875 0.44490740781250004 0.4799479171875 0.38726851875 0.4799479171875 0.3296296296875 0.44700520781249997 0.3296296296875 0.4140625 0.3296296296875 0.4140625 0.38726851875 0.4140625 0.44490740781250004 0.44700520781249997 0.44490740781250004 0.4799479171875 0.44490740781250004
3 0.3971354171875 0.627777778125 0.3971354171875 0.5879629625 0.3971354171875 0.5481481484375 0.3678385421875 0.5481481484375 0.3385416671875 0.5481481484375 0.3385416671875 0.5879629625 0.3385416671875 0.627777778125 0.3678385421875 0.627777778125 0.3971354171875 0.627777778125
3 0.2481770828125 0.8268518515625001 0.2481770828125 0.765509259375 0.2481770828125 0.7041666671875 0.212109375 0.7041666671875 0.1760416671875 0.7041666671875 0.1760416671875 0.765509259375 0.1760416671875 0.8268518515625001 0.212109375 0.8268518515625001 0.2481770828125 0.8268518515625001
3 0.31979166718749996 0.7597222218749999 0.31979166718749996 0.7284722218749999 0.31979166718749996 0.6972222218749999 0.291796875 0.6972222218749999 0.2638020828125 0.6972222218749999 0.2638020828125 0.7284722218749999 0.2638020828125 0.7597222218749999 0.291796875 0.7597222218749999 0.31979166718749996 0.7597222218749999
3 0.44921875 0.791203703125 0.44921875 0.6932870375 0.44921875 0.5953703703125 0.4171875 0.5953703703125 0.38515625 0.5953703703125 0.38515625 0.6932870375 0.38515625 0.791203703125 0.4171875 0.791203703125 0.44921875 0.791203703125
3 0.3841145828125 0.8138888890624999 0.3841145828125 0.7504629625 0.3841145828125 0.6870370375 0.3565104171875 0.6870370375 0.32890625 0.6870370375 0.32890625 0.7504629625 0.32890625 0.8138888890624999 0.3565104171875 0.8138888890624999 0.3841145828125 0.8138888890624999
3 0.33359375 0.8768518515625001 0.33359375 0.815509259375 0.33359375 0.7541666671875 0.2950520828125 0.7541666671875 0.2565104171875 0.7541666671875 0.2565104171875 0.815509259375 0.2565104171875 0.8768518515625001 0.2950520828125 0.8768518515625001 0.33359375 0.8768518515625001
3 0.3609375 0.9069444437499999 0.3609375 0.8520833328125 0.3609375 0.797222221875 0.3389322921875 0.797222221875 0.31692708281250004 0.797222221875 0.31692708281250004 0.8520833328125 0.31692708281250004 0.9069444437499999 0.3389322921875 0.9069444437499999 0.3609375 0.9069444437499999
3 0.36796875 1 0.36796875 0.9229166671875 0.36796875 0.8458333328125001 0.348046875 0.8458333328125001 0.328125 0.8458333328125001 0.328125 0.9229166671875 0.328125 1 0.348046875 1 0.36796875 1
3 0.15963541718750002 1 0.15963541718750002 0.958796296875 0.15963541718750002 0.9175925921875001 0.130078125 0.9175925921875001 0.10052083281249999 0.9175925921875001 0.10052083281249999 0.958796296875 0.10052083281249999 1 0.130078125 1 0.15963541718750002 1
3 0.06796875 1 0.06796875 0.9372685187500001 0.06796875 0.8745370375 0.03515625 0.8745370375 0.00234375 0.8745370375 0.00234375 0.9372685187500001 0.00234375 1 0.03515625 1 0.06796875 1
3 0.3255208328125 1 0.3255208328125 0.9400462968750001 0.3255208328125 0.8800925921875 0.2809895828125 0.8800925921875 0.2364583328125 0.8800925921875 0.2364583328125 0.9400462968750001 0.2364583328125 1 0.2809895828125 1 0.3255208328125 1
1 0.5677083328125 0.7824074078125001 0.5677083328125 0.6395833328125 0.5677083328125 0.496759259375 0.521484375 0.496759259375 0.4752604171875 0.496759259375 0.4752604171875 0.6395833328125 0.4752604171875 0.7824074078125001 0.521484375 0.7824074078125001 0.5677083328125 0.7824074078125001
2 0.2 0.627777778125 0.2 0.5988425921875 0.2 0.5699074078125 0.1755208328125 0.5699074078125 0.1510416671875 0.5699074078125 0.1510416671875 0.5988425921875 0.1510416671875 0.627777778125 0.1755208328125 0.627777778125 0.2 0.627777778125
3 0.1403645828125 0.45648148125 0.1403645828125 0.43101851875 0.1403645828125 0.40555555625000006 0.1127604171875 0.40555555625000006 0.08515625 0.40555555625000006 0.08515625 0.43101851875 0.08515625 0.45648148125 0.1127604171875 0.45648148125 0.1403645828125 0.45648148125
3 0.6205729171875001 0.27638888906250003 0.6205729171875001 0.23726851875000002 0.6205729171875001 0.1981481484375 0.590625 0.1981481484375 0.5606770828125 0.1981481484375 0.5606770828125 0.23726851875000002 0.5606770828125 0.27638888906250003 0.590625 0.27638888906250003 0.6205729171875001 0.27638888906250003