3 0.8450520828125001 0.13194444375 0.8450520828125001 0.090509259375 0.8450520828125001 0.0490740734375 0.8141927078125001 0.0490740734375 0.7833333328125 0.0490740734375 0.7833333328125 0.090509259375 0.7833333328125 0.13194444375 0.8141927078125001 0.13194444375 0.8450520828125001 0.13194444375
2 0.10338541718750001 0.6263888890625 0.10338541718750001 0.6016203703125 0.10338541718750001 0.5768518515625 0.0821614578125 0.5768518515625 0.0609375 0.5768518515625 0.0609375 0.6016203703125 0.0609375 0.6263888890625 0.0821614578125 0.6263888890625 0.10338541718750001 0.6263888890625
2 0.35598958281250004 0.859722221875 0.35598958281250004 0.8141203703125001 0.35598958281250004 0.76851851875 0.2998697921875 0.76851851875 0.24375 0.76851851875 0.24375 0.8141203703125001 0.24375 0.859722221875 0.2998697921875 0.859722221875 0.35598958281250004 0.859722221875
2 0.5145833328125 0.178703703125 0.5145833328125 0.15694444375 0.5145833328125 0.1351851859375 0.4897135421875 0.1351851859375 0.46484375 0.1351851859375 0.46484375 0.15694444375 0.46484375 0.178703703125 0.4897135421875 0.178703703125 0.5145833328125 0.178703703125
2 0.47109375 0.2546296296875 0.47109375 0.241203703125 0.47109375 0.22777777812500002 0.45546875 0.22777777812500002 0.43984375 0.22777777812500002 0.43984375 0.241203703125 0.43984375 0.2546296296875 0.45546875 0.2546296296875 0.47109375 0.2546296296875
2 0.49114583281249996 0.29351851875 0.49114583281249996 0.272222221875 0.49114583281249996 0.2509259265625 0.4712239578125 0.2509259265625 0.45130208281249995 0.2509259265625 0.45130208281249995 0.272222221875 0.45130208281249995 0.29351851875 0.4712239578125 0.29351851875 0.49114583281249996 0.29351851875
2 0.38984375 0.3546296296875 0.38984375 0.334953703125 0.38984375 0.315277778125 0.371484375 0.315277778125 0.353125 0.315277778125 0.353125 0.334953703125 0.353125 0.3546296296875 0.371484375 0.3546296296875 0.38984375 0.3546296296875
2 0.45104166718750005 0.3861111109375 0.45104166718750005 0.35717592656249997 0.45104166718750005 0.32824074062499997 0.4265625 0.32824074062499997 0.40208333281249997 0.32824074062499997 0.40208333281249997 0.35717592656249997 0.40208333281249997 0.3861111109375 0.4265625 0.3861111109375 0.45104166718750005 0.3861111109375
2 0.4518229171875 0.4865740734375 0.4518229171875 0.4553240734375 0.4518229171875 0.4240740734375 0.42734375 0.4240740734375 0.4028645828125 0.4240740734375 0.4028645828125 0.4553240734375 0.4028645828125 0.4865740734375 0.42734375 0.4865740734375 0.4518229171875 0.4865740734375
2 0.40260416718750003 0.5666666671875 0.40260416718750003 0.5138888890625 0.40260416718750003 0.4611111109375 0.3697916671875 0.4611111109375 0.3369791671875 0.4611111109375 0.3369791671875 0.5138888890625 0.3369791671875 0.5666666671875 0.3697916671875 0.5666666671875 0.40260416718750003 0.5666666671875
2 0.4484375 0.29907407343750003 0.4484375 0.2791666671875 0.4484375 0.259259259375 0.42890625 0.259259259375 0.409375 0.259259259375 0.409375 0.2791666671875 0.409375 0.29907407343750003 0.42890625 0.29907407343750003 0.4484375 0.29907407343750003
3 0.659375 0.94398148125 0.659375 0.8483796296874999 0.659375 0.752777778125 0.603125 0.752777778125 0.546875 0.752777778125 0.546875 0.8483796296874999 0.546875 0.94398148125 0.603125 0.94398148125 0.659375 0.94398148125
3 0.24973958281250003 0.765277778125 0.24973958281250003 0.7048611109375 0.24973958281250003 0.64444444375 0.21328125 0.64444444375 0.1768229171875 0.64444444375 0.1768229171875 0.7048611109375 0.1768229171875 0.765277778125 0.21328125 0.765277778125 0.24973958281250003 0.765277778125
3 0.1692708328125 0.8583333328125 0.1692708328125 0.7805555562500001 0.1692708328125 0.702777778125 0.1119791671875 0.702777778125 0.0546875 0.702777778125 0.0546875 0.7805555562500001 0.0546875 0.8583333328125 0.1119791671875 0.8583333328125 0.1692708328125 0.8583333328125
3 0.69140625 0.44907407343749994 0.69140625 0.3879629625 0.69140625 0.32685185156249996 0.6522135421875 0.32685185156249996 0.6130208328125 0.32685185156249996 0.6130208328125 0.3879629625 0.6130208328125 0.44907407343749994 0.6522135421875 0.44907407343749994 0.69140625 0.44907407343749994
3 0.74375 0.3134259265625 0.74375 0.23773148125 0.74375 0.1620370375 0.6944010421875 0.1620370375 0.6450520828124999 0.1620370375 0.6450520828124999 0.23773148125 0.6450520828124999 0.3134259265625 0.6944010421875 0.3134259265625 0.74375 0.3134259265625
3 0.8466145828125 0.23055555625 0.8466145828125 0.1664351859375 0.8466145828125 0.10231481406250001 0.794140625 0.10231481406250001 0.7416666671875001 0.10231481406250001 0.7416666671875001 0.1664351859375 0.7416666671875001 0.23055555625 0.794140625 0.23055555625 0.8466145828125 0.23055555625
3 0.98984375 0.1518518515625 0.98984375 0.08541666718749999 0.98984375 0.01898148125 0.940625 0.01898148125 0.89140625 0.01898148125 0.89140625 0.08541666718749999 0.89140625 0.1518518515625 0.940625 0.1518518515625 0.98984375 0.1518518515625
3 0.5072916671875001 0.5523148140624999 0.5072916671875001 0.5268518515625 0.5072916671875001 0.5013888890625 0.468359375 0.5013888890625 0.42942708281249997 0.5013888890625 0.42942708281249997 0.5268518515625 0.42942708281249997 0.5523148140624999 0.468359375 0.5523148140624999 0.5072916671875001 0.5523148140624999
3 0.2916666671875 0.5351851859375001 0.2916666671875 0.5111111109375 0.2916666671875 0.48703703750000005 0.2677083328125 0.48703703750000005 0.24375 0.48703703750000005 0.24375 0.5111111109375 0.24375 0.5351851859375001 0.2677083328125 0.5351851859375001 0.2916666671875 0.5351851859375001
3 0.1106770828125 0.3291666671875 0.1106770828125 0.3013888890625 0.1106770828125 0.2736111109375 0.06575520781250001 0.2736111109375 0.0208333328125 0.2736111109375 0.0208333328125 0.3013888890625 0.0208333328125 0.3291666671875 0.06575520781250001 0.3291666671875 0.1106770828125 0.3291666671875
3 0.1057291671875 0.43055555625 0.1057291671875 0.38935185156249996 0.1057291671875 0.3481481484375 0.076953125 0.3481481484375 0.0481770828125 0.3481481484375 0.0481770828125 0.38935185156249996 0.0481770828125 0.43055555625 0.076953125 0.43055555625 0.1057291671875 0.43055555625
1 0.4799479171875 0.8125 0.4799479171875 0.7504629625 0.4799479171875 0.6884259265625 0.43255208281249996 0.6884259265625 0.38515625 0.6884259265625 0.38515625 0.7504629625 0.38515625 0.8125 0.43255208281249996 0.8125 0.4799479171875 0.8125
2 0.68515625 1 0.68515625 0.9666666671874999 0.68515625 0.9333333328125001 0.6389322921875 0.9333333328125001 0.5927083328125 0.9333333328125001 0.5927083328125 0.9666666671874999 0.5927083328125 1 0.6389322921875 1 0.68515625 1
2 0.46067708281249997 0.2004629625 0.46067708281249997 0.1856481484375 0.46067708281249997 0.1708333328125 0.4458333328125 0.1708333328125 0.4309895828125 0.1708333328125 0.4309895828125 0.1856481484375 0.4309895828125 0.2004629625 0.4458333328125 0.2004629625 0.46067708281249997 0.2004629625
2 0.1765625 0.622222221875 0.1765625 0.5960648140625 0.1765625 0.5699074078125 0.14609375 0.5699074078125 0.115625 0.5699074078125 0.115625 0.5960648140625 0.115625 0.622222221875 0.14609375 0.622222221875 0.1765625 0.622222221875
2 0.24583333281250003 0.58101851875 0.24583333281250003 0.566203703125 0.24583333281250003 0.5513888890625 0.223828125 0.5513888890625 0.20182291718749998 0.5513888890625 0.20182291718749998 0.566203703125 0.20182291718749998 0.58101851875 0.223828125 0.58101851875 0.24583333281250003 0.58101851875