2 0.3229166671875 0.3236111109375 0.3229166671875 0.30601851875 0.3229166671875 0.2884259265625 0.3069010421875 0.2884259265625 0.2908854171875 0.2884259265625 0.2908854171875 0.30601851875 0.2908854171875 0.3236111109375 0.3069010421875 0.3236111109375 0.3229166671875 0.3236111109375
0 0.6166666671875001 0.459259259375 0.6166666671875001 0.42222222187499997 0.6166666671875001 0.3851851859375 0.604296875 0.3851851859375 0.5919270828125 0.3851851859375 0.5919270828125 0.42222222187499997 0.5919270828125 0.459259259375 0.604296875 0.459259259375 0.6166666671875001 0.459259259375
0 0.6479166671875001 0.1004629625 0.6479166671875001 0.08194444375 0.6479166671875001 0.0634259265625 0.6328125 0.0634259265625 0.6177083328124999 0.0634259265625 0.6177083328124999 0.08194444375 0.6177083328124999 0.1004629625 0.6328125 0.1004629625 0.6479166671875001 0.1004629625
1 0.7533854171875001 0.3620370375 0.7533854171875001 0.2486111109375 0.7533854171875001 0.1351851859375 0.7225260421875 0.1351851859375 0.6916666671875 0.1351851859375 0.6916666671875 0.2486111109375 0.6916666671875 0.3620370375 0.7225260421875 0.3620370375 0.7533854171875001 0.3620370375
2 0.062239582812500006 0.7625 0.062239582812500006 0.7111111109375 0.062239582812500006 0.659722221875 0.03125 0.659722221875 0.0002604171875 0.659722221875 0.0002604171875 0.7111111109375 0.0002604171875 0.7625 0.03125 0.7625 0.062239582812500006 0.7625
2 0.9994791671875 0.49490740781250003 0.9994791671875 0.47083333281249995 0.9994791671875 0.446759259375 0.9735677078125 0.446759259375 0.94765625 0.446759259375 0.94765625 0.47083333281249995 0.94765625 0.49490740781250003 0.9735677078125 0.49490740781250003 0.9994791671875 0.49490740781250003
2 0.2466145828125 0.19305555624999998 0.2466145828125 0.1733796296875 0.2466145828125 0.15370370312499998 0.2173177078125 0.15370370312499998 0.18802083281249998 0.15370370312499998 0.18802083281249998 0.1733796296875 0.18802083281249998 0.19305555624999998 0.2173177078125 0.19305555624999998 0.2466145828125 0.19305555624999998
2 0.2955729171875 0.340740740625 0.2955729171875 0.321527778125 0.2955729171875 0.3023148140625 0.2723958328125 0.3023148140625 0.24921875 0.3023148140625 0.24921875 0.321527778125 0.24921875 0.340740740625 0.2723958328125 0.340740740625 0.2955729171875 0.340740740625
2 0.3078125 0.296296296875 0.3078125 0.2770833328125 0.3078125 0.2578703703125 0.2850260421875 0.2578703703125 0.26223958281250004 0.2578703703125 0.26223958281250004 0.2770833328125 0.26223958281250004 0.296296296875 0.2850260421875 0.296296296875 0.3078125 0.296296296875
3 0.28125 0.7425925921875 0.28125 0.6682870375000001 0.28125 0.5939814812499999 0.22981770781250002 0.5939814812499999 0.1783854171875 0.5939814812499999 0.1783854171875 0.6682870375000001 0.1783854171875 0.7425925921875 0.22981770781250002 0.7425925921875 0.28125 0.7425925921875
3 0.39453125 0.6263888890625 0.39453125 0.5759259265625001 0.39453125 0.5254629625 0.3548177078125 0.5254629625 0.3151041671875 0.5254629625 0.3151041671875 0.5759259265625001 0.3151041671875 0.6263888890625 0.3548177078125 0.6263888890625 0.39453125 0.6263888890625
3 0.2947916671875 0.49629629687500004 0.2947916671875 0.46157407343749995 0.2947916671875 0.4268518515625 0.2627604171875 0.4268518515625 0.23072916718749997 0.4268518515625 0.23072916718749997 0.46157407343749995 0.23072916718749997 0.49629629687500004 0.2627604171875 0.49629629687500004 0.2947916671875 0.49629629687500004
3 0.1838541671875 0.246296296875 0.1838541671875 0.21435185156249997 0.1838541671875 0.1824074078125 0.1638020828125 0.1824074078125 0.14375 0.1824074078125 0.14375 0.21435185156249997 0.14375 0.246296296875 0.1638020828125 0.246296296875 0.1838541671875 0.246296296875
3 0.1708333328125 0.11620370312499999 0.1708333328125 0.08125 0.1708333328125 0.046296296875 0.1453125 0.046296296875 0.1197916671875 0.046296296875 0.1197916671875 0.08125 0.1197916671875 0.11620370312499999 0.1453125 0.11620370312499999 0.1708333328125 0.11620370312499999
3 0.3447916671875 0.2273148140625 0.3447916671875 0.20254629687499998 0.3447916671875 0.177777778125 0.3264322921875 0.177777778125 0.30807291718749996 0.177777778125 0.30807291718749996 0.20254629687499998 0.30807291718749996 0.2273148140625 0.3264322921875 0.2273148140625 0.3447916671875 0.2273148140625
3 0.2971354171875 0.190277778125 0.2971354171875 0.15972222187500001 0.2971354171875 0.1291666671875 0.2743489578125 0.1291666671875 0.2515625 0.1291666671875 0.2515625 0.15972222187500001 0.2515625 0.190277778125 0.2743489578125 0.190277778125 0.2971354171875 0.190277778125
3 0.3640625 0.366203703125 0.3640625 0.3356481484375 0.3640625 0.30509259218749996 0.3404947921875 0.30509259218749996 0.31692708281250004 0.30509259218749996 0.31692708281250004 0.3356481484375 0.31692708281250004 0.366203703125 0.3404947921875 0.366203703125 0.3640625 0.366203703125
3 0.3994791671875 0.47222222187499996 0.3994791671875 0.41944444374999995 0.3994791671875 0.36666666718749996 0.359765625 0.36666666718749996 0.3200520828125 0.36666666718749996 0.3200520828125 0.41944444374999995 0.3200520828125 0.47222222187499996 0.359765625 0.47222222187499996 0.3994791671875 0.47222222187499996
2 0.3583333328125 0.2888888890625 0.3583333328125 0.2384259265625 0.3583333328125 0.1879629625 0.3303385421875 0.1879629625 0.30234375 0.1879629625 0.30234375 0.2384259265625 0.30234375 0.2888888890625 0.3303385421875 0.2888888890625 0.3583333328125 0.2888888890625
2 0.3994791671875 0.18194444375000002 0.3994791671875 0.15925925937500002 0.3994791671875 0.1365740734375 0.373828125 0.1365740734375 0.34817708281250004 0.1365740734375 0.34817708281250004 0.15925925937500002 0.34817708281250004 0.18194444375000002 0.373828125 0.18194444375000002 0.3994791671875 0.18194444375000002
3 0.5627604171875 0.44768518593750006 0.5627604171875 0.41365740781250004 0.5627604171875 0.3796296296875 0.5270833328125 0.3796296296875 0.49140625 0.3796296296875 0.49140625 0.41365740781250004 0.49140625 0.44768518593750006 0.5270833328125 0.44768518593750006 0.5627604171875 0.44768518593750006
3 0.6143229171875 0.546296296875 0.6143229171875 0.49375 0.6143229171875 0.44120370312499996 0.5813802078125 0.44120370312499996 0.5484375 0.44120370312499996 0.5484375 0.49375 0.5484375 0.546296296875 0.5813802078125 0.546296296875 0.6143229171875 0.546296296875
3 0.5138020828125 0.5851851859375 0.5138020828125 0.5317129625 0.5138020828125 0.478240740625 0.46119791718750003 0.478240740625 0.40859375 0.478240740625 0.40859375 0.5317129625 0.40859375 0.5851851859375 0.46119791718750003 0.5851851859375 0.5138020828125 0.5851851859375
3 0.48151041718750004 0.6953703703125 0.48151041718750004 0.63055555625 0.48151041718750004 0.565740740625 0.43138020781249997 0.565740740625 0.38125 0.565740740625 0.38125 0.63055555625 0.38125 0.6953703703125 0.43138020781249997 0.6953703703125 0.48151041718750004 0.6953703703125
3 0.55625 0.8125 0.55625 0.7326388890625 0.55625 0.652777778125 0.5041666671875 0.652777778125 0.45208333281249996 0.652777778125 0.45208333281249996 0.7326388890625 0.45208333281249996 0.8125 0.5041666671875 0.8125 0.55625 0.8125
3 0.5666666671875 0.646759259375 0.5666666671875 0.6076388890625 0.5666666671875 0.56851851875 0.5194010421875 0.56851851875 0.4721354171875 0.56851851875 0.4721354171875 0.6076388890625 0.4721354171875 0.646759259375 0.5194010421875 0.646759259375 0.5666666671875 0.646759259375
3 0.6690104171875 0.7865740734375 0.6690104171875 0.703240740625 0.6690104171875 0.6199074078125 0.615234375 0.6199074078125 0.5614583328125 0.6199074078125 0.5614583328125 0.703240740625 0.5614583328125 0.7865740734375 0.615234375 0.7865740734375 0.6690104171875 0.7865740734375
3 0.68671875 0.6625 0.68671875 0.58101851875 0.68671875 0.4995370375 0.65625 0.4995370375 0.62578125 0.4995370375 0.62578125 0.58101851875 0.62578125 0.6625 0.65625 0.6625 0.68671875 0.6625
3 0.7364583328125 0.6078703703125 0.7364583328125 0.5215277781250001 0.7364583328125 0.43518518593750005 0.6927083328125 0.43518518593750005 0.6489583328124999 0.43518518593750005 0.6489583328124999 0.5215277781250001 0.6489583328124999 0.6078703703125 0.6927083328125 0.6078703703125 0.7364583328125 0.6078703703125
3 0.7114583328124999 0.36064814843750004 0.7114583328124999 0.284953703125 0.7114583328124999 0.209259259375 0.6622395828125 0.209259259375 0.6130208328125 0.209259259375 0.6130208328125 0.284953703125 0.6130208328125 0.36064814843750004 0.6622395828125 0.36064814843750004 0.7114583328124999 0.36064814843750004
3 0.63203125 0.2606481484375 0.63203125 0.1870370375 0.63203125 0.11342592656249999 0.614453125 0.11342592656249999 0.596875 0.11342592656249999 0.596875 0.1870370375 0.596875 0.2606481484375 0.614453125 0.2606481484375 0.63203125 0.2606481484375
3 0.5385416671875001 0.21203703749999997 0.5385416671875001 0.134259259375 0.5385416671875001 0.05648148125 0.4993489578125 0.05648148125 0.46015625 0.05648148125 0.46015625 0.134259259375 0.46015625 0.21203703749999997 0.4993489578125 0.21203703749999997 0.5385416671875001 0.21203703749999997
3 0.7333333328125 1 0.7333333328125 0.8886574078124999 0.7333333328125 0.7773148140624999 0.672265625 0.7773148140624999 0.6111979171875 0.7773148140624999 0.6111979171875 0.8886574078124999 0.6111979171875 1 0.672265625 1 0.7333333328125 1
3 0.77109375 0.9171296296874999 0.77109375 0.8263888890625 0.77109375 0.7356481484375 0.7233072921875 0.7356481484375 0.6755208328125 0.7356481484375 0.6755208328125 0.8263888890625 0.6755208328125 0.9171296296874999 0.7233072921875 0.9171296296874999 0.77109375 0.9171296296874999
3 0.9263020828125 0.8138888890624999 0.9263020828125 0.7210648140625 0.9263020828125 0.628240740625 0.8669270828125001 0.628240740625 0.8075520828125 0.628240740625 0.8075520828125 0.7210648140625 0.8075520828125 0.8138888890624999 0.8669270828125001 0.8138888890624999 0.9263020828125 0.8138888890624999
3 0.8942708328125001 0.91851851875 0.8942708328125001 0.8636574078124999 0.8942708328125001 0.808796296875 0.8520833328125 0.808796296875 0.8098958328125001 0.808796296875 0.8098958328125001 0.8636574078124999 0.8098958328125001 0.91851851875 0.8520833328125 0.91851851875 0.8942708328125001 0.91851851875
3 0.9643229171875 0.959722221875 0.9643229171875 0.915046296875 0.9643229171875 0.8703703703125001 0.928515625 0.8703703703125001 0.8927083328125001 0.8703703703125001 0.8927083328125001 0.915046296875 0.8927083328125001 0.959722221875 0.928515625 0.959722221875 0.9643229171875 0.959722221875
3 0.95703125 0.8768518515625001 0.95703125 0.8076388890624999 0.95703125 0.7384259265625001 0.9298177078125001 0.7384259265625001 0.9026041671874999 0.7384259265625001 0.9026041671874999 0.8076388890624999 0.9026041671874999 0.8768518515625001 0.9298177078125001 0.8768518515625001 0.95703125 0.8768518515625001
3 0.7005208328125 0.1601851859375 0.7005208328125 0.1039351859375 0.7005208328125 0.0476851859375 0.6579427078125 0.0476851859375 0.6153645828125 0.0476851859375 0.6153645828125 0.1039351859375 0.6153645828125 0.1601851859375 0.6579427078125 0.1601851859375 0.7005208328125 0.1601851859375
3 0.7880208328125 0.1231481484375 0.7880208328125 0.08055555625000001 0.7880208328125 0.0379629625 0.7559895828125 0.0379629625 0.7239583328125 0.0379629625 0.7239583328125 0.08055555625000001 0.7239583328125 0.1231481484375 0.7559895828125 0.1231481484375 0.7880208328125 0.1231481484375
3 0.7203125 0.065740740625 0.7203125 0.0423611109375 0.7203125 0.01898148125 0.6888020828125 0.01898148125 0.6572916671875 0.01898148125 0.6572916671875 0.0423611109375 0.6572916671875 0.065740740625 0.6888020828125 0.065740740625 0.7203125 0.065740740625