1 0.58203125 0.4879629625 0.58203125 0.37013888906250003 0.58203125 0.2523148140625 0.5430989578125 0.2523148140625 0.5041666671875 0.2523148140625 0.5041666671875 0.37013888906250003 0.5041666671875 0.4879629625 0.5430989578125 0.4879629625 0.58203125 0.4879629625
2 0.9697916671875 0.909722221875 0.9697916671875 0.8442129625 0.9697916671875 0.7787037031249999 0.9100260421874999 0.7787037031249999 0.8502604171874999 0.7787037031249999 0.8502604171874999 0.8442129625 0.8502604171874999 0.909722221875 0.9100260421874999 0.909722221875 0.9697916671875 0.909722221875
2 0.2627604171875 0.46481481406249997 0.2627604171875 0.44305555625000004 0.2627604171875 0.42129629687500003 0.237890625 0.42129629687500003 0.2130208328125 0.42129629687500003 0.2130208328125 0.44305555625000004 0.2130208328125 0.46481481406249997 0.237890625 0.46481481406249997 0.2627604171875 0.46481481406249997
3 0.41875 0.9199074078124999 0.41875 0.8506944437499999 0.41875 0.7814814812499999 0.3899739578125 0.7814814812499999 0.3611979171875 0.7814814812499999 0.3611979171875 0.8506944437499999 0.3611979171875 0.9199074078124999 0.3899739578125 0.9199074078124999 0.41875 0.9199074078124999
3 0.2919270828125 0.5875 0.2919270828125 0.5504629624999999 0.2919270828125 0.5134259265625001 0.2665364578125 0.5134259265625001 0.24114583281250002 0.5134259265625001 0.24114583281250002 0.5504629624999999 0.24114583281250002 0.5875 0.2665364578125 0.5875 0.2919270828125 0.5875
3 0.43645833281249996 1 0.43645833281249996 0.9643518515625 0.43645833281249996 0.928703703125 0.41119791718750004 0.928703703125 0.3859375 0.928703703125 0.3859375 0.9643518515625 0.3859375 1 0.41119791718750004 1 0.43645833281249996 1
3 0.3736979171875 0.9513888890625 0.3736979171875 0.8678240734375 0.3736979171875 0.784259259375 0.33841145781250004 0.784259259375 0.303125 0.784259259375 0.303125 0.8678240734375 0.303125 0.9513888890625 0.33841145781250004 0.9513888890625 0.3736979171875 0.9513888890625
3 0.1822916671875 1 0.1822916671875 0.9328703703125001 0.1822916671875 0.865740740625 0.1473958328125 0.865740740625 0.1125 0.865740740625 0.1125 0.9328703703125001 0.1125 1 0.1473958328125 1 0.1822916671875 1
3 0.14114583281249998 1 0.14114583281249998 0.9372685187500001 0.14114583281249998 0.8745370375 0.1098958328125 0.8745370375 0.07864583281250001 0.8745370375 0.07864583281250001 0.9372685187500001 0.07864583281250001 1 0.1098958328125 1 0.14114583281249998 1
3 0.04453125 0.8226851859375 0.04453125 0.7706018515624999 0.04453125 0.7185185187500001 0.0223958328125 0.7185185187500001 0.0002604171875 0.7185185187500001 0.0002604171875 0.7706018515624999 0.0002604171875 0.8226851859375 0.0223958328125 0.8226851859375 0.04453125 0.8226851859375
3 0.1364583328125 0.7583333328124999 0.1364583328125 0.7113425921875 0.1364583328125 0.6643518515625 0.104296875 0.6643518515625 0.0721354171875 0.6643518515625 0.0721354171875 0.7113425921875 0.0721354171875 0.7583333328124999 0.104296875 0.7583333328124999 0.1364583328125 0.7583333328124999
3 0.21197916718749998 0.765277778125 0.21197916718749998 0.7240740734375 0.21197916718749998 0.6828703703125 0.183203125 0.6828703703125 0.1544270828125 0.6828703703125 0.1544270828125 0.7240740734375 0.1544270828125 0.765277778125 0.183203125 0.765277778125 0.21197916718749998 0.765277778125
3 0.3697916671875 0.7481481484375 0.3697916671875 0.6898148140625 0.3697916671875 0.63148148125 0.32760416718749996 0.63148148125 0.2854166671875 0.63148148125 0.2854166671875 0.6898148140625 0.2854166671875 0.7481481484375 0.32760416718749996 0.7481481484375 0.3697916671875 0.7481481484375
3 0.24583333281250003 1 0.24583333281250003 0.934259259375 0.24583333281250003 0.86851851875 0.21015625 0.86851851875 0.1744791671875 0.86851851875 0.1744791671875 0.934259259375 0.1744791671875 1 0.21015625 1 0.24583333281250003 1
3 0.4067708328125 0.7138888890625 0.4067708328125 0.63680555625 0.4067708328125 0.559722221875 0.3819010421875 0.559722221875 0.35703125 0.559722221875 0.35703125 0.63680555625 0.35703125 0.7138888890625 0.3819010421875 0.7138888890625 0.4067708328125 0.7138888890625
3 0.48229166718750005 0.48194444374999995 0.48229166718750005 0.409259259375 0.48229166718750005 0.3365740734375 0.45390625 0.3365740734375 0.42552083281249997 0.3365740734375 0.42552083281249997 0.409259259375 0.42552083281249997 0.48194444374999995 0.45390625 0.48194444374999995 0.48229166718750005 0.48194444374999995
3 0.43723958281249997 0.45648148125 0.43723958281249997 0.42523148125 0.43723958281249997 0.39398148125 0.4108072921875 0.39398148125 0.384375 0.39398148125 0.384375 0.42523148125 0.384375 0.45648148125 0.4108072921875 0.45648148125 0.43723958281249997 0.45648148125
3 0.3713541671875 0.4550925921875 0.3713541671875 0.42870370312499995 0.3713541671875 0.40231481406249997 0.34817708281250004 0.40231481406249997 0.325 0.40231481406249997 0.325 0.42870370312499995 0.325 0.4550925921875 0.34817708281250004 0.4550925921875 0.3713541671875 0.4550925921875
3 0.3625 0.5495370375 0.3625 0.5254629625 0.3625 0.5013888890625 0.3389322921875 0.5013888890625 0.3153645828125 0.5013888890625 0.3153645828125 0.5254629625 0.3153645828125 0.5495370375 0.3389322921875 0.5495370375 0.3625 0.5495370375
3 0.421875 0.5708333328124999 0.421875 0.5317129625 0.421875 0.49259259218749996 0.3971354171875 0.49259259218749996 0.3723958328125 0.49259259218749996 0.3723958328125 0.5317129625 0.3723958328125 0.5708333328124999 0.3971354171875 0.5708333328124999 0.421875 0.5708333328124999
3 0.36328125 0.622222221875 0.36328125 0.58101851875 0.36328125 0.5398148140625 0.332421875 0.5398148140625 0.3015625 0.5398148140625 0.3015625 0.58101851875 0.3015625 0.622222221875 0.332421875 0.622222221875 0.36328125 0.622222221875
3 0.12109375 0.6611111109375 0.12109375 0.609722221875 0.12109375 0.5583333328125 0.06979166718749999 0.5583333328125 0.0184895828125 0.5583333328125 0.0184895828125 0.609722221875 0.0184895828125 0.6611111109375 0.06979166718749999 0.6611111109375 0.12109375 0.6611111109375
3 0.1877604171875 0.34351851875 0.1877604171875 0.315277778125 0.1877604171875 0.2870370375 0.1533854171875 0.2870370375 0.11901041718750001 0.2870370375 0.11901041718750001 0.315277778125 0.11901041718750001 0.34351851875 0.1533854171875 0.34351851875 0.1877604171875 0.34351851875
3 0.5119791671875 0.27453703749999997 0.5119791671875 0.21319444375000002 0.5119791671875 0.1518518515625 0.484375 0.1518518515625 0.45677083281249997 0.1518518515625 0.45677083281249997 0.21319444375000002 0.45677083281249997 0.27453703749999997 0.484375 0.27453703749999997 0.5119791671875 0.27453703749999997
3 0.584375 0.2949074078125 0.584375 0.22638888906250001 0.584375 0.1578703703125 0.5438802078125 0.1578703703125 0.5033854171875001 0.1578703703125 0.5033854171875001 0.22638888906250001 0.5033854171875001 0.2949074078125 0.5438802078125 0.2949074078125 0.584375 0.2949074078125
3 0.65859375 0.1875 0.65859375 0.1490740734375 0.65859375 0.1106481484375 0.61640625 0.1106481484375 0.57421875 0.1106481484375 0.57421875 0.1490740734375 0.57421875 0.1875 0.61640625 0.1875 0.65859375 0.1875
3 0.7317708328125 0.29351851875 0.7317708328125 0.209259259375 0.7317708328125 0.125 0.68359375 0.125 0.6354166671875 0.125 0.6354166671875 0.209259259375 0.6354166671875 0.29351851875 0.68359375 0.29351851875 0.7317708328125 0.29351851875
3 0.7510416671875 0.140277778125 0.7510416671875 0.084722221875 0.7510416671875 0.029166667187500002 0.7153645828124999 0.029166667187500002 0.6796875 0.029166667187500002 0.6796875 0.084722221875 0.6796875 0.140277778125 0.7153645828124999 0.140277778125 0.7510416671875 0.140277778125
3 0.090625 0.48518518593750004 0.090625 0.45601851875 0.090625 0.4268518515625 0.0665364578125 0.4268518515625 0.0424479171875 0.4268518515625 0.0424479171875 0.45601851875 0.0424479171875 0.48518518593750004 0.0665364578125 0.48518518593750004 0.090625 0.48518518593750004
2 0.4518229171875 0.3018518515625 0.4518229171875 0.2870370375 0.4518229171875 0.272222221875 0.4369791671875 0.272222221875 0.42213541718750003 0.272222221875 0.42213541718750003 0.2870370375 0.42213541718750003 0.3018518515625 0.4369791671875 0.3018518515625 0.4518229171875 0.3018518515625
2 0.43645833281249996 0.33888888906250003 0.43645833281249996 0.3206018515625 0.43645833281249996 0.3023148140625 0.41888020781249996 0.3023148140625 0.40130208281249996 0.3023148140625 0.40130208281249996 0.3206018515625 0.40130208281249996 0.33888888906250003 0.41888020781249996 0.33888888906250003 0.43645833281249996 0.33888888906250003