2 0.72890625 0.4074074078125 0.72890625 0.3793981484375 0.72890625 0.3513888890625 0.7018229171875 0.3513888890625 0.6747395828125 0.3513888890625 0.6747395828125 0.3793981484375 0.6747395828125 0.4074074078125 0.7018229171875 0.4074074078125 0.72890625 0.4074074078125
2 0.1705729171875 0.5620370375 0.1705729171875 0.53773148125 0.1705729171875 0.5134259265625001 0.1466145828125 0.5134259265625001 0.12265625 0.5134259265625001 0.12265625 0.53773148125 0.12265625 0.5620370375 0.1466145828125 0.5620370375 0.1705729171875 0.5620370375
2 0.2643229171875 0.85694444375 0.2643229171875 0.8175925921875 0.2643229171875 0.778240740625 0.246875 0.778240740625 0.22942708281250002 0.778240740625 0.22942708281250002 0.8175925921875 0.22942708281250002 0.85694444375 0.246875 0.85694444375 0.2643229171875 0.85694444375
2 0.103125 0.7138888890625 0.103125 0.6564814812499999 0.103125 0.5990740734375 0.065234375 0.5990740734375 0.02734375 0.5990740734375 0.02734375 0.6564814812499999 0.02734375 0.7138888890625 0.065234375 0.7138888890625 0.103125 0.7138888890625
2 0.0328125 0.6731481484375 0.0328125 0.6476851859375 0.0328125 0.622222221875 0.0225260421875 0.622222221875 0.0122395828125 0.622222221875 0.0122395828125 0.6476851859375 0.0122395828125 0.6731481484375 0.0225260421875 0.6731481484375 0.0328125 0.6731481484375
2 0.7604166671875 0.0875 0.7604166671875 0.060879629687500006 0.7604166671875 0.034259259375000004 0.741015625 0.034259259375000004 0.7216145828125 0.034259259375000004 0.7216145828125 0.060879629687500006 0.7216145828125 0.0875 0.741015625 0.0875 0.7604166671875 0.0875
2 0.3932291671875 0.6351851859375001 0.3932291671875 0.6006944437499999 0.3932291671875 0.566203703125 0.3712239578125 0.566203703125 0.34921875 0.566203703125 0.34921875 0.6006944437499999 0.34921875 0.6351851859375001 0.3712239578125 0.6351851859375001 0.3932291671875 0.6351851859375001
2 0.4890625 0.9023148140625 0.4890625 0.8585648140625001 0.4890625 0.8148148140625 0.4578125 0.8148148140625 0.4265625 0.8148148140625 0.4265625 0.8585648140625001 0.4265625 0.9023148140625 0.4578125 0.9023148140625 0.4890625 0.9023148140625
2 0.49791666718750005 1 0.49791666718750005 0.9423611109375001 0.49791666718750005 0.8847222218749999 0.45703125 0.8847222218749999 0.41614583281249995 0.8847222218749999 0.41614583281249995 0.9423611109375001 0.41614583281249995 1 0.45703125 1 0.49791666718750005 1
2 0.184375 0.0740740734375 0.184375 0.06273148125 0.184375 0.0513888890625 0.16653645781249998 0.0513888890625 0.1486979171875 0.0513888890625 0.1486979171875 0.06273148125 0.1486979171875 0.0740740734375 0.16653645781249998 0.0740740734375 0.184375 0.0740740734375
1 0.48203125 0.42592592656250006 0.48203125 0.39305555625 0.48203125 0.3601851859375 0.42669270781249996 0.3601851859375 0.3713541671875 0.3601851859375 0.3713541671875 0.39305555625 0.3713541671875 0.42592592656250006 0.42669270781249996 0.42592592656250006 0.48203125 0.42592592656250006
1 0.1395833328125 0.3620370375 0.1395833328125 0.334259259375 0.1395833328125 0.30648148124999997 0.103125 0.30648148124999997 0.0666666671875 0.30648148124999997 0.0666666671875 0.334259259375 0.0666666671875 0.3620370375 0.103125 0.3620370375 0.1395833328125 0.3620370375
1 0.0830729171875 0.1050925921875 0.0830729171875 0.08541666718749999 0.0830729171875 0.065740740625 0.054557292187499995 0.065740740625 0.0260416671875 0.065740740625 0.0260416671875 0.08541666718749999 0.0260416671875 0.1050925921875 0.054557292187499995 0.1050925921875 0.0830729171875 0.1050925921875