1 0.3057291671875 0.5944444437499999 0.3057291671875 0.528472221875 0.3057291671875 0.4625 0.287890625 0.4625 0.27005208281250004 0.4625 0.27005208281250004 0.528472221875 0.27005208281250004 0.5944444437499999 0.287890625 0.5944444437499999 0.3057291671875 0.5944444437499999
2 0.7669270828125 0.8759259265624999 0.7669270828125 0.8166666671874999 0.7669270828125 0.7574074078125 0.7299479171875001 0.7574074078125 0.69296875 0.7574074078125 0.69296875 0.8166666671874999 0.69296875 0.8759259265624999 0.7299479171875001 0.8759259265624999 0.7669270828125 0.8759259265624999
2 0.5963541671875 0.740740740625 0.5963541671875 0.6986111109375 0.5963541671875 0.6564814812499999 0.5690104171875 0.6564814812499999 0.5416666671875 0.6564814812499999 0.5416666671875 0.6986111109375 0.5416666671875 0.740740740625 0.5690104171875 0.740740740625 0.5963541671875 0.740740740625
2 0.6161458328125 0.5870370375 0.6161458328125 0.547222221875 0.6161458328125 0.5074074078125 0.5919270828125 0.5074074078125 0.5677083328125 0.5074074078125 0.5677083328125 0.547222221875 0.5677083328125 0.5870370375 0.5919270828125 0.5870370375 0.6161458328125 0.5870370375
3 0.5520833328125 0.6143518515624999 0.5520833328125 0.5770833328125 0.5520833328125 0.5398148140625 0.5208333328125 0.5398148140625 0.4895833328125 0.5398148140625 0.4895833328125 0.5770833328125 0.4895833328125 0.6143518515624999 0.5208333328125 0.6143518515624999 0.5520833328125 0.6143518515624999
3 0.8427083328125 0.465740740625 0.8427083328125 0.427777778125 0.8427083328125 0.3898148140625 0.8108072921874999 0.3898148140625 0.77890625 0.3898148140625 0.77890625 0.427777778125 0.77890625 0.465740740625 0.8108072921874999 0.465740740625 0.8427083328125 0.465740740625
3 0.9526041671875 0.5143518515625 0.9526041671875 0.46527777812500004 0.9526041671875 0.416203703125 0.9091145828125 0.416203703125 0.865625 0.416203703125 0.865625 0.46527777812500004 0.865625 0.5143518515625 0.9091145828125 0.5143518515625 0.9526041671875 0.5143518515625
3 0.6598958328125 0.196296296875 0.6598958328125 0.14236111093749998 0.6598958328125 0.0884259265625 0.6268229171875 0.0884259265625 0.59375 0.0884259265625 0.59375 0.14236111093749998 0.59375 0.196296296875 0.6268229171875 0.196296296875 0.6598958328125 0.196296296875
3 0.54921875 0.1379629625 0.54921875 0.08680555625 0.54921875 0.0356481484375 0.5216145828125 0.0356481484375 0.49401041718750005 0.0356481484375 0.49401041718750005 0.08680555625 0.49401041718750005 0.1379629625 0.5216145828125 0.1379629625 0.54921875 0.1379629625
3 0.2015625 0.79444444375 0.2015625 0.7321759265625001 0.2015625 0.6699074078125 0.1588541671875 0.6699074078125 0.11614583281249999 0.6699074078125 0.11614583281249999 0.7321759265625001 0.11614583281249999 0.79444444375 0.1588541671875 0.79444444375 0.2015625 0.79444444375
3 0.11796875 0.8634259265625 0.11796875 0.79305555625 0.11796875 0.7226851859375001 0.069140625 0.7226851859375001 0.0203125 0.7226851859375001 0.0203125 0.79305555625 0.0203125 0.8634259265625 0.069140625 0.8634259265625 0.11796875 0.8634259265625