3 0.88828125 0.5296296296875 0.88828125 0.509490740625 0.88828125 0.4893518515625 0.858984375 0.4893518515625 0.8296875 0.4893518515625 0.8296875 0.509490740625 0.8296875 0.5296296296875 0.858984375 0.5296296296875 0.88828125 0.5296296296875
3 0.92578125 0.34722222187499996 0.92578125 0.32777777812500003 0.92578125 0.3083333328125 0.8989583328125 0.3083333328125 0.8721354171875 0.3083333328125 0.8721354171875 0.32777777812500003 0.8721354171875 0.34722222187499996 0.8989583328125 0.34722222187499996 0.92578125 0.34722222187499996
3 0.79609375 0.5643518515625 0.79609375 0.5175925921875 0.79609375 0.47083333281249995 0.762890625 0.47083333281249995 0.7296875 0.47083333281249995 0.7296875 0.5175925921875 0.7296875 0.5643518515625 0.762890625 0.5643518515625 0.79609375 0.5643518515625
2 0.6971354171875 0.9921296296875 0.6971354171875 0.934259259375 0.6971354171875 0.8763888890624999 0.6598958328125 0.8763888890624999 0.62265625 0.8763888890624999 0.62265625 0.934259259375 0.62265625 0.9921296296875 0.6598958328125 0.9921296296875 0.6971354171875 0.9921296296875
2 0.5153645828125 0.88101851875 0.5153645828125 0.840509259375 0.5153645828125 0.8 0.48463541718750003 0.8 0.45390625 0.8 0.45390625 0.840509259375 0.45390625 0.88101851875 0.48463541718750003 0.88101851875 0.5153645828125 0.88101851875
2 0.5161458328124999 0.709259259375 0.5161458328124999 0.66898148125 0.5161458328124999 0.628703703125 0.4916666671875 0.628703703125 0.4671875 0.628703703125 0.4671875 0.66898148125 0.4671875 0.709259259375 0.4916666671875 0.709259259375 0.5161458328124999 0.709259259375
3 0.45 0.765740740625 0.45 0.7233796296875 0.45 0.68101851875 0.4184895828125 0.68101851875 0.3869791671875 0.68101851875 0.3869791671875 0.7233796296875 0.3869791671875 0.765740740625 0.4184895828125 0.765740740625 0.45 0.765740740625
3 0.41484375 0.2476851859375 0.41484375 0.1942129625 0.41484375 0.140740740625 0.3854166671875 0.140740740625 0.35598958281250004 0.140740740625 0.35598958281250004 0.1942129625 0.35598958281250004 0.2476851859375 0.3854166671875 0.2476851859375 0.41484375 0.2476851859375
3 0.5268229171875001 0.2893518515625 0.5268229171875001 0.2414351859375 0.5268229171875001 0.19351851874999998 0.49205729218750005 0.19351851874999998 0.45729166718750003 0.19351851874999998 0.45729166718750003 0.2414351859375 0.45729166718750003 0.2893518515625 0.49205729218750005 0.2893518515625 0.5268229171875001 0.2893518515625
2 0.2763020828125 0.8333333328125001 0.2763020828125 0.7986111109375 0.2763020828125 0.7638888890625 0.246484375 0.7638888890625 0.2166666671875 0.7638888890625 0.2166666671875 0.7986111109375 0.2166666671875 0.8333333328125001 0.246484375 0.8333333328125001 0.2763020828125 0.8333333328125001
1 0.1708333328125 0.8134259265624999 0.1708333328125 0.728009259375 0.1708333328125 0.6425925921875 0.148046875 0.6425925921875 0.1252604171875 0.6425925921875 0.1252604171875 0.728009259375 0.1252604171875 0.8134259265624999 0.148046875 0.8134259265624999 0.1708333328125 0.8134259265624999