2 0.0278645828125 0.784722221875 0.0278645828125 0.7495370375 0.0278645828125 0.7143518515625 0.014583332812499999 0.7143518515625 0.0013020828125 0.7143518515625 0.0013020828125 0.7495370375 0.0013020828125 0.784722221875 0.014583332812499999 0.784722221875 0.0278645828125 0.784722221875
1 0.2643229171875 0.2726851859375 0.2643229171875 0.253240740625 0.2643229171875 0.23379629687499998 0.2420572921875 0.23379629687499998 0.21979166718749998 0.23379629687499998 0.21979166718749998 0.253240740625 0.21979166718749998 0.2726851859375 0.2420572921875 0.2726851859375 0.2643229171875 0.2726851859375
2 0.8473958328125001 0.0754629625 0.8473958328125001 0.048148148437499996 0.8473958328125001 0.0208333328125 0.8309895828125 0.0208333328125 0.8145833328125001 0.0208333328125 0.8145833328125001 0.048148148437499996 0.8145833328125001 0.0754629625 0.8309895828125 0.0754629625 0.8473958328125001 0.0754629625
2 0.23671875 0.471296296875 0.23671875 0.428472221875 0.23671875 0.3856481484375 0.20859375 0.3856481484375 0.18046875 0.3856481484375 0.18046875 0.428472221875 0.18046875 0.471296296875 0.20859375 0.471296296875 0.23671875 0.471296296875
2 0.18307291718750002 0.44166666718750003 0.18307291718750002 0.41921296249999995 0.18307291718750002 0.396759259375 0.1759114578125 0.396759259375 0.16875 0.396759259375 0.16875 0.41921296249999995 0.16875 0.44166666718750003 0.1759114578125 0.44166666718750003 0.18307291718750002 0.44166666718750003
1 0.5627604171875 0.3203703703125 0.5627604171875 0.290740740625 0.5627604171875 0.2611111109375 0.5118489578125 0.2611111109375 0.4609375 0.2611111109375 0.4609375 0.290740740625 0.4609375 0.3203703703125 0.5118489578125 0.3203703703125 0.5627604171875 0.3203703703125
1 0.26640625 0.21898148125 0.26640625 0.19398148125 0.26640625 0.16898148125 0.23997395781250003 0.16898148125 0.21354166718749998 0.16898148125 0.21354166718749998 0.19398148125 0.21354166718749998 0.21898148125 0.23997395781250003 0.21898148125 0.26640625 0.21898148125
2 0.5510416671875 0.7736111109375 0.5510416671875 0.7231481484375 0.5510416671875 0.6726851859375 0.5157552078125 0.6726851859375 0.48046875 0.6726851859375 0.48046875 0.7231481484375 0.48046875 0.7736111109375 0.5157552078125 0.7736111109375 0.5510416671875 0.7736111109375
2 0.5489583328125 0.70648148125 0.5489583328125 0.6638888890625 0.5489583328125 0.621296296875 0.5139322921875 0.621296296875 0.47890625 0.621296296875 0.47890625 0.6638888890625 0.47890625 0.70648148125 0.5139322921875 0.70648148125 0.5489583328125 0.70648148125
2 0.4765625 0.4699074078125 0.4765625 0.44375 0.4765625 0.4175925921875 0.45703125 0.4175925921875 0.4375 0.4175925921875 0.4375 0.44375 0.4375 0.4699074078125 0.45703125 0.4699074078125 0.4765625 0.4699074078125
2 0.28984375 1 0.28984375 0.9576388890624999 0.28984375 0.915277778125 0.2552083328125 0.915277778125 0.2205729171875 0.915277778125 0.2205729171875 0.9576388890624999 0.2205729171875 1 0.2552083328125 1 0.28984375 1
2 0.3614583328125 0.6083333328125 0.3614583328125 0.5817129624999999 0.3614583328125 0.5550925921875 0.345703125 0.5550925921875 0.3299479171875 0.5550925921875 0.3299479171875 0.5817129624999999 0.3299479171875 0.6083333328125 0.345703125 0.6083333328125 0.3614583328125 0.6083333328125
2 0.2932291671875 0.2296296296875 0.2932291671875 0.21898148125 0.2932291671875 0.20833333281250002 0.2858072921875 0.20833333281250002 0.2783854171875 0.20833333281250002 0.2783854171875 0.21898148125 0.2783854171875 0.2296296296875 0.2858072921875 0.2296296296875 0.2932291671875 0.2296296296875
2 0.8010416671874999 0.3449074078125 0.8010416671874999 0.32430555625 0.8010416671874999 0.303703703125 0.7787760421875001 0.303703703125 0.7565104171875 0.303703703125 0.7565104171875 0.32430555625 0.7565104171875 0.3449074078125 0.7787760421875001 0.3449074078125 0.8010416671874999 0.3449074078125
2 0.1609375 0.3509259265625 0.1609375 0.3451388890625 0.1609375 0.3393518515625 0.15 0.3393518515625 0.1390625 0.3393518515625 0.1390625 0.3451388890625 0.1390625 0.3509259265625 0.15 0.3509259265625 0.1609375 0.3509259265625
2 0.16171875 0.5763888890625 0.16171875 0.5527777781250001 0.16171875 0.5291666671875 0.1380208328125 0.5291666671875 0.11432291718750001 0.5291666671875 0.11432291718750001 0.5527777781250001 0.11432291718750001 0.5763888890625 0.1380208328125 0.5763888890625 0.16171875 0.5763888890625
2 0.2903645828125 0.3708333328125 0.2903645828125 0.3543981484375 0.2903645828125 0.3379629625 0.27265625 0.3379629625 0.2549479171875 0.3379629625 0.2549479171875 0.3543981484375 0.2549479171875 0.3708333328125 0.27265625 0.3708333328125 0.2903645828125 0.3708333328125