0 0.5208333328125 0.2791666671875 0.5208333328125 0.240740740625 0.5208333328125 0.20231481406250001 0.5028645828125 0.20231481406250001 0.4848958328125 0.20231481406250001 0.4848958328125 0.240740740625 0.4848958328125 0.2791666671875 0.5028645828125 0.2791666671875 0.5208333328125 0.2791666671875
3 0.9036458328125001 0.23611111093749998 0.9036458328125001 0.20740740781250003 0.9036458328125001 0.178703703125 0.8740885421875 0.178703703125 0.84453125 0.178703703125 0.84453125 0.20740740781250003 0.84453125 0.23611111093749998 0.8740885421875 0.23611111093749998 0.9036458328125001 0.23611111093749998
3 0.94609375 0.3078703703125 0.94609375 0.2740740734375 0.94609375 0.240277778125 0.9180989578125001 0.240277778125 0.8901041671875 0.240277778125 0.8901041671875 0.2740740734375 0.8901041671875 0.3078703703125 0.9180989578125001 0.3078703703125 0.94609375 0.3078703703125
3 0.9541666671875 0.7833333328125 0.9541666671875 0.7321759265625001 0.9541666671875 0.68101851875 0.9278645828125001 0.68101851875 0.9015625 0.68101851875 0.9015625 0.7321759265625001 0.9015625 0.7833333328125 0.9278645828125001 0.7833333328125 0.9541666671875 0.7833333328125
3 0.8283854171874999 0.7333333328125 0.8283854171874999 0.6872685187500001 0.8283854171874999 0.641203703125 0.8075520828125 0.641203703125 0.78671875 0.641203703125 0.78671875 0.6872685187500001 0.78671875 0.7333333328125 0.8075520828125 0.7333333328125 0.8283854171874999 0.7333333328125
3 0.7994791671875 0.7226851859375001 0.7994791671875 0.6645833328124999 0.7994791671875 0.60648148125 0.765625 0.60648148125 0.7317708328125 0.60648148125 0.7317708328125 0.6645833328124999 0.7317708328125 0.7226851859375001 0.765625 0.7226851859375001 0.7994791671875 0.7226851859375001
2 0.7713541671875 0.7333333328125 0.7713541671875 0.6923611109375 0.7713541671875 0.6513888890625 0.748046875 0.6513888890625 0.7247395828125 0.6513888890625 0.7247395828125 0.6923611109375 0.7247395828125 0.7333333328125 0.748046875 0.7333333328125 0.7713541671875 0.7333333328125
3 0.8341145828125001 0.8703703703125001 0.8341145828125001 0.80069444375 0.8341145828125001 0.73101851875 0.7811197921875 0.73101851875 0.728125 0.73101851875 0.728125 0.80069444375 0.728125 0.8703703703125001 0.7811197921875 0.8703703703125001 0.8341145828125001 0.8703703703125001
3 0.9505208328125001 0.983796296875 0.9505208328125001 0.9326388890624999 0.9505208328125001 0.88148148125 0.9111979171875 0.88148148125 0.871875 0.88148148125 0.871875 0.9326388890624999 0.871875 0.983796296875 0.9111979171875 0.983796296875 0.9505208328125001 0.983796296875
3 0.8536458328125001 1 0.8536458328125001 0.9328703703125001 0.8536458328125001 0.865740740625 0.8115885421875 0.865740740625 0.76953125 0.865740740625 0.76953125 0.9328703703125001 0.76953125 1 0.8115885421875 1 0.8536458328125001 1
3 0.6486979171875 0.941203703125 0.6486979171875 0.8726851859375 0.6486979171875 0.8041666671875 0.6046875 0.8041666671875 0.5606770828125 0.8041666671875 0.5606770828125 0.8726851859375 0.5606770828125 0.941203703125 0.6046875 0.941203703125 0.6486979171875 0.941203703125
3 0.5776041671875001 0.0884259265625 0.5776041671875001 0.04444444375 0.5776041671875001 0.0004629625 0.5475260421875 0.0004629625 0.5174479171875 0.0004629625 0.5174479171875 0.04444444375 0.5174479171875 0.0884259265625 0.5475260421875 0.0884259265625 0.5776041671875001 0.0884259265625
3 0.5421875 0.15648148125 0.5421875 0.0988425921875 0.5421875 0.041203703125000005 0.5174479171875 0.041203703125000005 0.4927083328125 0.041203703125000005 0.4927083328125 0.0988425921875 0.4927083328125 0.15648148125 0.5174479171875 0.15648148125 0.5421875 0.15648148125
3 0.6463541671875 0.2476851859375 0.6463541671875 0.184259259375 0.6463541671875 0.1208333328125 0.6096354171875 0.1208333328125 0.5729166671875 0.1208333328125 0.5729166671875 0.184259259375 0.5729166671875 0.2476851859375 0.6096354171875 0.2476851859375 0.6463541671875 0.2476851859375
3 0.76328125 0.440277778125 0.76328125 0.39375 0.76328125 0.34722222187499996 0.7444010421875 0.34722222187499996 0.7255208328125 0.34722222187499996 0.7255208328125 0.39375 0.7255208328125 0.440277778125 0.7444010421875 0.440277778125 0.76328125 0.440277778125
3 0.6890625 0.383796296875 0.6890625 0.32476851875 0.6890625 0.26574074062499997 0.6657552078125 0.26574074062499997 0.6424479171875 0.26574074062499997 0.6424479171875 0.32476851875 0.6424479171875 0.383796296875 0.6657552078125 0.383796296875 0.6890625 0.383796296875
3 0.6447916671875 0.42870370312499995 0.6447916671875 0.38194444375000003 0.6447916671875 0.3351851859375 0.6200520828125 0.3351851859375 0.5953125 0.3351851859375 0.5953125 0.38194444375000003 0.5953125 0.42870370312499995 0.6200520828125 0.42870370312499995 0.6447916671875 0.42870370312499995
3 0.60078125 0.3851851859375 0.60078125 0.3608796296875 0.60078125 0.3365740734375 0.5766927078124999 0.3365740734375 0.5526041671875 0.3365740734375 0.5526041671875 0.3608796296875 0.5526041671875 0.3851851859375 0.5766927078124999 0.3851851859375 0.60078125 0.3851851859375
3 0.6955729171875 0.496759259375 0.6955729171875 0.4763888890625 0.6955729171875 0.45601851875 0.676171875 0.45601851875 0.6567708328124999 0.45601851875 0.6567708328124999 0.4763888890625 0.6567708328124999 0.496759259375 0.676171875 0.496759259375 0.6955729171875 0.496759259375
3 0.7229166671875 0.5856481484375 0.7229166671875 0.5370370375 0.7229166671875 0.48842592656250006 0.6923177078125 0.48842592656250006 0.66171875 0.48842592656250006 0.66171875 0.5370370375 0.66171875 0.5856481484375 0.6923177078125 0.5856481484375 0.7229166671875 0.5856481484375
3 0.65 0.49444444374999996 0.65 0.4625 0.65 0.43055555625 0.6236979171875 0.43055555625 0.5973958328125 0.43055555625 0.5973958328125 0.4625 0.5973958328125 0.49444444374999996 0.6236979171875 0.49444444374999996 0.65 0.49444444374999996
3 0.6484375 0.5800925921875 0.6484375 0.528472221875 0.6484375 0.4768518515625 0.616796875 0.4768518515625 0.58515625 0.4768518515625 0.58515625 0.528472221875 0.58515625 0.5800925921875 0.616796875 0.5800925921875 0.6484375 0.5800925921875
3 0.5877604171875 0.4888888890625 0.5877604171875 0.4576388890625 0.5877604171875 0.4263888890625 0.564453125 0.4263888890625 0.5411458328125 0.4263888890625 0.5411458328125 0.4576388890625 0.5411458328125 0.4888888890625 0.564453125 0.4888888890625 0.5877604171875 0.4888888890625
3 0.5877604171875 0.5634259265625 0.5877604171875 0.5046296296875 0.5877604171875 0.4458333328125 0.5485677078125 0.4458333328125 0.509375 0.4458333328125 0.509375 0.5046296296875 0.509375 0.5634259265625 0.5485677078125 0.5634259265625 0.5877604171875 0.5634259265625
3 0.503125 0.7268518515625 0.503125 0.6659722218749999 0.503125 0.6050925921875 0.4602864578125 0.6050925921875 0.4174479171875 0.6050925921875 0.4174479171875 0.6659722218749999 0.4174479171875 0.7268518515625 0.4602864578125 0.7268518515625 0.503125 0.7268518515625
3 0.50625 0.559722221875 0.50625 0.5074074078125 0.50625 0.4550925921875 0.47447916718750005 0.4550925921875 0.4427083328125 0.4550925921875 0.4427083328125 0.5074074078125 0.4427083328125 0.559722221875 0.47447916718750005 0.559722221875 0.50625 0.559722221875
3 0.5291666671875 0.46851851875 0.5291666671875 0.42060185156249996 0.5291666671875 0.3726851859375 0.487109375 0.3726851859375 0.44505208281249997 0.3726851859375 0.44505208281249997 0.42060185156249996 0.44505208281249997 0.46851851875 0.487109375 0.46851851875 0.5291666671875 0.46851851875
3 0.5458333328125 0.39027777812500003 0.5458333328125 0.34305555625 0.5458333328125 0.2958333328125 0.5217447921875 0.2958333328125 0.49765625 0.2958333328125 0.49765625 0.34305555625 0.49765625 0.39027777812500003 0.5217447921875 0.39027777812500003 0.5458333328125 0.39027777812500003
3 0.4916666671875 0.33888888906250003 0.4916666671875 0.30509259218749996 0.4916666671875 0.271296296875 0.46328125 0.271296296875 0.4348958328125 0.271296296875 0.4348958328125 0.30509259218749996 0.4348958328125 0.33888888906250003 0.46328125 0.33888888906250003 0.4916666671875 0.33888888906250003
3 0.4330729171875 0.575 0.4330729171875 0.5175925921875 0.4330729171875 0.4601851859375 0.3953125 0.4601851859375 0.3575520828125 0.4601851859375 0.3575520828125 0.5175925921875 0.3575520828125 0.575 0.3953125 0.575 0.4330729171875 0.575
3 0.4106770828125 0.42083333281249996 0.4106770828125 0.3664351859375 0.4106770828125 0.3120370375 0.3682291671875 0.3120370375 0.32578125 0.3120370375 0.32578125 0.3664351859375 0.32578125 0.42083333281249996 0.3682291671875 0.42083333281249996 0.4106770828125 0.42083333281249996
3 0.3486979171875 0.516203703125 0.3486979171875 0.4701388890625 0.3486979171875 0.4240740734375 0.31302083281250004 0.4240740734375 0.27734375 0.4240740734375 0.27734375 0.4701388890625 0.27734375 0.516203703125 0.31302083281250004 0.516203703125 0.3486979171875 0.516203703125
3 0.45338541718750003 0.128240740625 0.45338541718750003 0.06435185156249999 0.45338541718750003 0.0004629625 0.42421875 0.0004629625 0.39505208281250004 0.0004629625 0.39505208281250004 0.06435185156249999 0.39505208281250004 0.128240740625 0.42421875 0.128240740625 0.45338541718750003 0.128240740625
3 0.44895833281249997 0.1986111109375 0.44895833281249997 0.15532407343750002 0.44895833281249997 0.1120370375 0.43932291718750005 0.1120370375 0.4296875 0.1120370375 0.4296875 0.15532407343750002 0.4296875 0.1986111109375 0.43932291718750005 0.1986111109375 0.44895833281249997 0.1986111109375
3 0.2684895828125 0.3375 0.2684895828125 0.2960648140625 0.2684895828125 0.2546296296875 0.23567708281250002 0.2546296296875 0.20286458281250003 0.2546296296875 0.20286458281250003 0.2960648140625 0.20286458281250003 0.3375 0.23567708281250002 0.3375 0.2684895828125 0.3375
3 0.24895833281250002 0.0925925921875 0.24895833281250002 0.07083333281250001 0.24895833281250002 0.0490740734375 0.2108072921875 0.0490740734375 0.17265625 0.0490740734375 0.17265625 0.07083333281250001 0.17265625 0.0925925921875 0.2108072921875 0.0925925921875 0.24895833281250002 0.0925925921875
3 0.1809895828125 0.328703703125 0.1809895828125 0.3108796296875 0.1809895828125 0.29305555625 0.14505208281249998 0.29305555625 0.1091145828125 0.29305555625 0.1091145828125 0.3108796296875 0.1091145828125 0.328703703125 0.14505208281249998 0.328703703125 0.1809895828125 0.328703703125
3 0.1325520828125 1 0.1325520828125 0.934259259375 0.1325520828125 0.86851851875 0.06640625 0.86851851875 0.0002604171875 0.86851851875 0.0002604171875 0.934259259375 0.0002604171875 1 0.06640625 1 0.1325520828125 1
3 0.33645833281250004 1 0.33645833281250004 0.9270833328125001 0.33645833281250004 0.8541666671874999 0.280078125 0.8541666671874999 0.22369791718749998 0.8541666671874999 0.22369791718749998 0.9270833328125001 0.22369791718749998 1 0.280078125 1 0.33645833281250004 1
3 0.3044270828125 0.5328703703125 0.3044270828125 0.5041666671875 0.3044270828125 0.4754629625 0.2764322921875 0.4754629625 0.2484375 0.4754629625 0.2484375 0.5041666671875 0.2484375 0.5328703703125 0.2764322921875 0.5328703703125 0.3044270828125 0.5328703703125
3 0.23020833281250003 0.5509259265625001 0.23020833281250003 0.5171296296875 0.23020833281250003 0.48333333281249996 0.20026041718749998 0.48333333281249996 0.1703125 0.48333333281249996 0.1703125 0.5171296296875 0.1703125 0.5509259265625001 0.20026041718749998 0.5509259265625001 0.23020833281250003 0.5509259265625001
3 0.29453125 0.38101851875000003 0.29453125 0.3608796296875 0.29453125 0.340740740625 0.2600260421875 0.340740740625 0.22552083281250002 0.340740740625 0.22552083281250002 0.3608796296875 0.22552083281250002 0.38101851875000003 0.2600260421875 0.38101851875000003 0.29453125 0.38101851875000003
3 0.1434895828125 0.28101851875 0.1434895828125 0.253703703125 0.1434895828125 0.22638888906250001 0.108203125 0.22638888906250001 0.07291666718749999 0.22638888906250001 0.07291666718749999 0.253703703125 0.07291666718749999 0.28101851875 0.108203125 0.28101851875 0.1434895828125 0.28101851875
3 0.3328125 0.2949074078125 0.3328125 0.26574074062499997 0.3328125 0.2365740734375 0.305078125 0.2365740734375 0.27734375 0.2365740734375 0.27734375 0.26574074062499997 0.27734375 0.2949074078125 0.305078125 0.2949074078125 0.3328125 0.2949074078125
3 0.1276041671875 0.16388888906250001 0.1276041671875 0.1203703703125 0.1276041671875 0.07685185156249999 0.0817708328125 0.07685185156249999 0.0359375 0.07685185156249999 0.0359375 0.1203703703125 0.0359375 0.16388888906250001 0.0817708328125 0.16388888906250001 0.1276041671875 0.16388888906250001
2 0.8833333328125 0.8254629625 0.8833333328125 0.7916666671875 0.8833333328125 0.7578703703125 0.8555989578125001 0.7578703703125 0.8278645828125001 0.7578703703125 0.8278645828125001 0.7916666671875 0.8278645828125001 0.8254629625 0.8555989578125001 0.8254629625 0.8833333328125 0.8254629625
3 0.2815104171875 1 0.2815104171875 0.9680555562500001 0.2815104171875 0.9361111109375001 0.223046875 0.9361111109375001 0.16458333281249998 0.9361111109375001 0.16458333281249998 0.9680555562500001 0.16458333281249998 1 0.223046875 1 0.2815104171875 1