0 0.29739583281250004 0.1273148140625 0.29739583281250004 0.09976851875000001 0.29739583281250004 0.072222221875 0.2791666671875 0.072222221875 0.2609375 0.072222221875 0.2609375 0.09976851875000001 0.2609375 0.1273148140625 0.2791666671875 0.1273148140625 0.29739583281250004 0.1273148140625
0 0.5145833328125 0.24953703749999998 0.5145833328125 0.2296296296875 0.5145833328125 0.20972222187499998 0.5 0.20972222187499998 0.48541666718750004 0.20972222187499998 0.48541666718750004 0.2296296296875 0.48541666718750004 0.24953703749999998 0.5 0.24953703749999998 0.5145833328125 0.24953703749999998
3 0.1770833328125 0.47083333281249995 0.1770833328125 0.44282407343749997 0.1770833328125 0.4148148140625 0.1553385421875 0.4148148140625 0.13359375 0.4148148140625 0.13359375 0.44282407343749997 0.13359375 0.47083333281249995 0.1553385421875 0.47083333281249995 0.1770833328125 0.47083333281249995
0 0.7950520828125 0.9870370375 0.7950520828125 0.946527778125 0.7950520828125 0.9060185187500001 0.7705729171875 0.9060185187500001 0.74609375 0.9060185187500001 0.74609375 0.946527778125 0.74609375 0.9870370375 0.7705729171875 0.9870370375 0.7950520828125 0.9870370375
0 0.9158854171874999 0.8421296296874999 0.9158854171874999 0.796759259375 0.9158854171874999 0.7513888890625 0.8875 0.7513888890625 0.8591145828125001 0.7513888890625 0.8591145828125001 0.796759259375 0.8591145828125001 0.8421296296874999 0.8875 0.8421296296874999 0.9158854171874999 0.8421296296874999
3 0.8875 1 0.8875 0.9821759265625 0.8875 0.9643518515625 0.8475260421874999 0.9643518515625 0.8075520828125 0.9643518515625 0.8075520828125 0.9821759265625 0.8075520828125 1 0.8475260421874999 1 0.8875 1
1 0.5171875 0.8125 0.5171875 0.7879629625 0.5171875 0.7634259265625001 0.495703125 0.7634259265625001 0.47421875 0.7634259265625001 0.47421875 0.7879629625 0.47421875 0.8125 0.495703125 0.8125 0.5171875 0.8125
3 0.5244791671875 0.8601851859374999 0.5244791671875 0.8289351859374999 0.5244791671875 0.7976851859375 0.49635416718750003 0.7976851859375 0.4682291671875 0.7976851859375 0.4682291671875 0.8289351859374999 0.4682291671875 0.8601851859374999 0.49635416718750003 0.8601851859374999 0.5244791671875 0.8601851859374999
0 0.5854166671875001 0.7773148140624999 0.5854166671875001 0.7171296296875 0.5854166671875001 0.6569444437499999 0.5493489578124999 0.6569444437499999 0.51328125 0.6569444437499999 0.51328125 0.7171296296875 0.51328125 0.7773148140624999 0.5493489578124999 0.7773148140624999 0.5854166671875001 0.7773148140624999
0 0.5442708328125 0.8550925921875001 0.5442708328125 0.81898148125 0.5442708328125 0.7828703703125 0.5231770828125 0.7828703703125 0.5020833328125 0.7828703703125 0.5020833328125 0.81898148125 0.5020833328125 0.8550925921875001 0.5231770828125 0.8550925921875001 0.5442708328125 0.8550925921875001
1 0.41484375 0.9277777781250001 0.41484375 0.8993055562500001 0.41484375 0.8708333328125001 0.3951822921875 0.8708333328125001 0.37552083281250004 0.8708333328125001 0.37552083281250004 0.8993055562500001 0.37552083281250004 0.9277777781250001 0.3951822921875 0.9277777781250001 0.41484375 0.9277777781250001