3 0.1848958328125 0.1824074078125 0.1848958328125 0.140740740625 0.1848958328125 0.0990740734375 0.158203125 0.0990740734375 0.1315104171875 0.0990740734375 0.1315104171875 0.140740740625 0.1315104171875 0.1824074078125 0.158203125 0.1824074078125 0.1848958328125 0.1824074078125
3 0.13333333281249998 1 0.13333333281249998 0.9321759265624999 0.13333333281249998 0.8643518515625 0.0877604171875 0.8643518515625 0.0421875 0.8643518515625 0.0421875 0.9321759265624999 0.0421875 1 0.0877604171875 1 0.13333333281249998 1
3 0.43776041718750003 0.996296296875 0.43776041718750003 0.9326388890624999 0.43776041718750003 0.86898148125 0.37942708281250004 0.86898148125 0.32109375 0.86898148125 0.32109375 0.9326388890624999 0.32109375 0.996296296875 0.37942708281250004 0.996296296875 0.43776041718750003 0.996296296875
3 0.3270833328125 0.991203703125 0.3270833328125 0.940740740625 0.3270833328125 0.890277778125 0.2796875 0.890277778125 0.2322916671875 0.890277778125 0.2322916671875 0.940740740625 0.2322916671875 0.991203703125 0.2796875 0.991203703125 0.3270833328125 0.991203703125
3 0.45234375 0.9064814812499999 0.45234375 0.840972221875 0.45234375 0.7754629625 0.41171875 0.7754629625 0.37109375 0.7754629625 0.37109375 0.840972221875 0.37109375 0.9064814812499999 0.41171875 0.9064814812499999 0.45234375 0.9064814812499999
3 0.2630208328125 0.9273148140625 0.2630208328125 0.8606481484374999 0.2630208328125 0.79398148125 0.2265625 0.79398148125 0.1901041671875 0.79398148125 0.1901041671875 0.8606481484374999 0.1901041671875 0.9273148140625 0.2265625 0.9273148140625 0.2630208328125 0.9273148140625
3 0.53984375 0.9976851859375 0.53984375 0.921527778125 0.53984375 0.8453703703125001 0.49518229218750004 0.8453703703125001 0.4505208328125 0.8453703703125001 0.4505208328125 0.921527778125 0.4505208328125 0.9976851859375 0.49518229218750004 0.9976851859375 0.53984375 0.9976851859375
3 0.5861979171875 0.8023148140625 0.5861979171875 0.759259259375 0.5861979171875 0.7162037031249999 0.5571614578124999 0.7162037031249999 0.528125 0.7162037031249999 0.528125 0.759259259375 0.528125 0.8023148140625 0.5571614578124999 0.8023148140625 0.5861979171875 0.8023148140625
3 0.4692708328125 0.7361111109375 0.4692708328125 0.678009259375 0.4692708328125 0.6199074078125 0.4311197921875 0.6199074078125 0.39296875 0.6199074078125 0.39296875 0.678009259375 0.39296875 0.7361111109375 0.4311197921875 0.7361111109375 0.4692708328125 0.7361111109375
3 0.47291666718750003 0.5671296296875 0.47291666718750003 0.49976851875 0.47291666718750003 0.43240740781250003 0.4328125 0.43240740781250003 0.3927083328125 0.43240740781250003 0.3927083328125 0.49976851875 0.3927083328125 0.5671296296875 0.4328125 0.5671296296875 0.47291666718750003 0.5671296296875
3 0.26875 0.5254629625 0.26875 0.4800925921875 0.26875 0.434722221875 0.2416666671875 0.434722221875 0.21458333281250003 0.434722221875 0.21458333281250003 0.4800925921875 0.21458333281250003 0.5254629625 0.2416666671875 0.5254629625 0.26875 0.5254629625