0 0.79921875 0.747222221875 0.79921875 0.72523148125 0.79921875 0.703240740625 0.7890625 0.703240740625 0.77890625 0.703240740625 0.77890625 0.72523148125 0.77890625 0.747222221875 0.7890625 0.747222221875 0.79921875 0.747222221875
0 0.68828125 0.44166666718750003 0.68828125 0.427777778125 0.68828125 0.4138888890625 0.6799479171875 0.4138888890625 0.6716145828125 0.4138888890625 0.6716145828125 0.427777778125 0.6716145828125 0.44166666718750003 0.6799479171875 0.44166666718750003 0.68828125 0.44166666718750003
3 0.5130208328125 0.2236111109375 0.5130208328125 0.1960648140625 0.5130208328125 0.16851851874999998 0.49817708281249995 0.16851851874999998 0.48333333281249996 0.16851851874999998 0.48333333281249996 0.1960648140625 0.48333333281249996 0.2236111109375 0.49817708281249995 0.2236111109375 0.5130208328125 0.2236111109375
3 0.5859375 0.7828703703125 0.5859375 0.7513888890625 0.5859375 0.7199074078125001 0.5651041671875 0.7199074078125001 0.5442708328125 0.7199074078125001 0.5442708328125 0.7513888890625 0.5442708328125 0.7828703703125 0.5651041671875 0.7828703703125 0.5859375 0.7828703703125
3 0.5127604171875 0.8449074078125 0.5127604171875 0.8206018515625001 0.5127604171875 0.796296296875 0.494921875 0.796296296875 0.4770833328125 0.796296296875 0.4770833328125 0.8206018515625001 0.4770833328125 0.8449074078125 0.494921875 0.8449074078125 0.5127604171875 0.8449074078125
3 0.4953125 0.797222221875 0.4953125 0.771296296875 0.4953125 0.7453703703125 0.48359375 0.7453703703125 0.471875 0.7453703703125 0.471875 0.771296296875 0.471875 0.797222221875 0.48359375 0.797222221875 0.4953125 0.797222221875
3 0.5065104171875 0.7541666671875 0.5065104171875 0.734490740625 0.5065104171875 0.7148148140624999 0.49765625 0.7148148140624999 0.4888020828125 0.7148148140624999 0.4888020828125 0.734490740625 0.4888020828125 0.7541666671875 0.49765625 0.7541666671875 0.5065104171875 0.7541666671875
0 0.66796875 0.565740740625 0.66796875 0.5300925921874999 0.66796875 0.49444444374999996 0.6502604171875 0.49444444374999996 0.6325520828125 0.49444444374999996 0.6325520828125 0.5300925921874999 0.6325520828125 0.565740740625 0.6502604171875 0.565740740625 0.66796875 0.565740740625
0 0.7609375 0.4768518515625 0.7609375 0.46134259218749996 0.7609375 0.4458333328125 0.751953125 0.4458333328125 0.74296875 0.4458333328125 0.74296875 0.46134259218749996 0.74296875 0.4768518515625 0.751953125 0.4768518515625 0.7609375 0.4768518515625
0 0.7200520828125 0.15277777812499999 0.7200520828125 0.13680555625 0.7200520828125 0.1208333328125 0.709765625 0.1208333328125 0.6994791671875 0.1208333328125 0.6994791671875 0.13680555625 0.6994791671875 0.15277777812499999 0.709765625 0.15277777812499999 0.7200520828125 0.15277777812499999
3 0.7606770828125 0.3129629625 0.7606770828125 0.2960648140625 0.7606770828125 0.2791666671875 0.74765625 0.2791666671875 0.7346354171875 0.2791666671875 0.7346354171875 0.2960648140625 0.7346354171875 0.3129629625 0.74765625 0.3129629625 0.7606770828125 0.3129629625