0 0.9791666671874999 0.63101851875 0.9791666671874999 0.616203703125 0.9791666671874999 0.6013888890625 0.969140625 0.6013888890625 0.9591145828125001 0.6013888890625 0.9591145828125001 0.616203703125 0.9591145828125001 0.63101851875 0.969140625 0.63101851875 0.9791666671874999 0.63101851875
0 0.9700520828125001 0.7199074078125001 0.9700520828125001 0.703703703125 0.9700520828125001 0.6875 0.9592447921874999 0.6875 0.9484375 0.6875 0.9484375 0.703703703125 0.9484375 0.7199074078125001 0.9592447921874999 0.7199074078125001 0.9700520828125001 0.7199074078125001
0 0.8221354171874999 0.5509259265625001 0.8221354171874999 0.5361111109375 0.8221354171874999 0.521296296875 0.812109375 0.521296296875 0.8020833328125001 0.521296296875 0.8020833328125001 0.5361111109375 0.8020833328125001 0.5509259265625001 0.812109375 0.5509259265625001 0.8221354171874999 0.5509259265625001
0 0.8192708328125 0.6143518515624999 0.8192708328125 0.5932870375 0.8192708328125 0.5722222218749999 0.808203125 0.5722222218749999 0.7971354171875 0.5722222218749999 0.7971354171875 0.5932870375 0.7971354171875 0.6143518515624999 0.808203125 0.6143518515624999 0.8192708328125 0.6143518515624999
0 0.8307291671874999 0.8009259265625 0.8307291671874999 0.7754629625 0.8307291671874999 0.75 0.8188802078125 0.75 0.80703125 0.75 0.80703125 0.7754629625 0.80703125 0.8009259265625 0.8188802078125 0.8009259265625 0.8307291671874999 0.8009259265625
0 0.9088541671874999 0.6773148140624999 0.9088541671874999 0.65625 0.9088541671874999 0.6351851859375001 0.8951822921874999 0.6351851859375001 0.8815104171874999 0.6351851859375001 0.8815104171874999 0.65625 0.8815104171874999 0.6773148140624999 0.8951822921874999 0.6773148140624999 0.9088541671874999 0.6773148140624999
0 0.7932291671875 0.7449074078125 0.7932291671875 0.715740740625 0.7932291671875 0.6865740734375 0.77578125 0.6865740734375 0.7583333328124999 0.6865740734375 0.7583333328124999 0.715740740625 0.7583333328124999 0.7449074078125 0.77578125 0.7449074078125 0.7932291671875 0.7449074078125
0 0.696875 0.6523148140624999 0.696875 0.6273148140625 0.696875 0.6023148140625 0.6819010421875 0.6023148140625 0.6669270828125 0.6023148140625 0.6669270828125 0.6273148140625 0.6669270828125 0.6523148140624999 0.6819010421875 0.6523148140624999 0.696875 0.6523148140624999
0 0.53828125 0.7449074078125 0.53828125 0.7106481484375 0.53828125 0.6763888890625 0.5166666671875 0.6763888890625 0.49505208281249996 0.6763888890625 0.49505208281249996 0.7106481484375 0.49505208281249996 0.7449074078125 0.5166666671875 0.7449074078125 0.53828125 0.7449074078125
0 0.5919270828125 0.8074074078125 0.5919270828125 0.7456018515625 0.5919270828125 0.683796296875 0.5610677078124999 0.683796296875 0.5302083328125 0.683796296875 0.5302083328125 0.7456018515625 0.5302083328125 0.8074074078125 0.5610677078124999 0.8074074078125 0.5919270828125 0.8074074078125
0 0.4953125 0.921296296875 0.4953125 0.8388888890624999 0.4953125 0.75648148125 0.44440104218750004 0.75648148125 0.3934895828125 0.75648148125 0.3934895828125 0.8388888890624999 0.3934895828125 0.921296296875 0.44440104218750004 0.921296296875 0.4953125 0.921296296875
0 0.3903645828125 0.8199074078124999 0.3903645828125 0.76875 0.3903645828125 0.7175925921874999 0.36380208281250004 0.7175925921874999 0.3372395828125 0.7175925921874999 0.3372395828125 0.76875 0.3372395828125 0.8199074078124999 0.36380208281250004 0.8199074078124999 0.3903645828125 0.8199074078124999
0 0.46510416718750003 0.34027777812500004 0.46510416718750003 0.32430555625 0.46510416718750003 0.3083333328125 0.45611979218750004 0.3083333328125 0.44713541718750005 0.3083333328125 0.44713541718750005 0.32430555625 0.44713541718750005 0.34027777812500004 0.45611979218750004 0.34027777812500004 0.46510416718750003 0.34027777812500004
0 0.153125 0.45046296249999995 0.153125 0.41504629687500005 0.153125 0.3796296296875 0.1321614578125 0.3796296296875 0.11119791718750001 0.3796296296875 0.11119791718750001 0.41504629687500005 0.11119791718750001 0.45046296249999995 0.1321614578125 0.45046296249999995 0.153125 0.45046296249999995
0 0.3778645828125 0.2888888890625 0.3778645828125 0.2629629625 0.3778645828125 0.2370370375 0.3641927078125 0.2370370375 0.3505208328125 0.2370370375 0.3505208328125 0.2629629625 0.3505208328125 0.2888888890625 0.3641927078125 0.2888888890625 0.3778645828125 0.2888888890625
0 0.2666666671875 0.3518518515625 0.2666666671875 0.33703703749999997 0.2666666671875 0.322222221875 0.2569010421875 0.322222221875 0.24713541718749998 0.322222221875 0.24713541718749998 0.33703703749999997 0.24713541718749998 0.3518518515625 0.2569010421875 0.3518518515625 0.2666666671875 0.3518518515625
0 0.5713541671875 0.4754629625 0.5713541671875 0.4550925921875 0.5713541671875 0.434722221875 0.5588541671875 0.434722221875 0.5463541671875001 0.434722221875 0.5463541671875001 0.4550925921875 0.5463541671875001 0.4754629625 0.5588541671875 0.4754629625 0.5713541671875 0.4754629625
0 0.6497395828125 0.4731481484375 0.6497395828125 0.45208333281249996 0.6497395828125 0.43101851875 0.637890625 0.43101851875 0.6260416671875 0.43101851875 0.6260416671875 0.45208333281249996 0.6260416671875 0.4731481484375 0.637890625 0.4731481484375 0.6497395828125 0.4731481484375
0 0.5997395828125 0.546759259375 0.5997395828125 0.5296296296875 0.5997395828125 0.5125 0.5899739578125 0.5125 0.5802083328125 0.5125 0.5802083328125 0.5296296296875 0.5802083328125 0.546759259375 0.5899739578125 0.546759259375 0.5997395828125 0.546759259375